0.0,0.0165492800518392,0.058571467050001935,0.0,0.00034699469223509194,0.04214927178603922,0.008461764977627129,0.04159781867715295,0.05018476242260678,0.05424283384732248,-1.276676477890426e-05,0.04630620851620082,0.030457738299549897,-0.008668707466571335,0.03576024507150638,0.008161917307087263,0.04502791800910089,0.002864045270923876,0.0,0.03349351245643617,0.046186577282289865,0.0645925621481303,0.05520079500845204,0.001816578470535235,0.0063352591214737575,-0.005542236328448413,0.04738862520450915,0.020550882816245453,0.033971806551011174,0.02081251027853709,0.032758973687240345,0.002929601163738138,0.03402339946019145,0.03112414404754399,0.0035151441572576214,-0.0011016249908191167,0.0,0.030224785974200197,0.015844473226480305,0.05417221084501006,0.0350999741823097,0.021643001520583127,0.0,0.0,0.02881740921267728,-0.0296085859275369,0.031197325818982935,0.0,0.0,0.0,-0.01449607569901984,0.0,-0.00034973549257227843,0.0,0.010360147312016954,0.0,0.05183629250131849,0.012862553852842462,0.0,0.02012895222569283,0.020849636571466046,-0.006150747646931409,0.019463285505412042,0.0,0.05225566187821612,0.009097217397869395,0.01581925354009439,0.05310293851310521,0.002585003636593697,0.027117791250871215,0.019407361727599604,0.008052211997474634,-0.0007336630365822328,0.01774830581975162,0.0,0.03129663210727407
0.0165492800518392,0.0,-0.004238901305834486,0.0,-0.014882263522635164,-0.0021564029060701095,0.008233457652949139,0.027082739499436792,-0.005212711014717042,-0.014834609141996136,0.001113082087804862,0.008693750040707493,0.0023750817147494274,0.0,-0.001743091584754608,0.006677450900674786,-0.006763849037897063,0.010711243593531872,0.005923838207952947,0.00524951964379855,0.013909977418117003,-0.009820019302541116,-0.01696161294518783,0.013900122896033595,-0.009358039180364264,-0.014203751665935849,-0.006782137730989846,-0.007055174887252269,-0.008101742281899693,0.010124276269579735,0.004150495487588113,-0.006767564897000866,-0.01311921330784771,0.0034948712170965734,-0.006702916934224756,-0.04294076489494264,0.009810040664454012,0.0005174246383614634,0.024317287038099156,0.010409707713396832,0.019609238995364264,0.032393460547582686,0.009490208102014341,0.0,0.00010417996458922385,0.0015678263971550255,0.024681089377481646,0.0012753623517472445,0.0,-5.551115123125783e-17,-0.008463138564380301,-0.006386601825913885,0.02233446989372484,-0.0005702694934459629,0.02409258764084604,0.0,0.01606779609877057,-0.007652473512421543,0.0,0.020016017614373882,0.018070462339855486,0.03469168369227782,0.020138629968778132,0.0,0.00769851570396074,0.028975921068062682,0.017056925968236325,0.01412059432602436,0.021946890981247247,0.03534897212517668,0.025380769311159512,0.0005017645531298354,0.015574749346026207,0.008172192323009753,0.004959058805971361,0.01790531236263615
0.058571467050001935,-0.004238901305834486,0.0,0.052618996989044486,0.025994349323865962,0.017105793371543165,0.04871378853728964,0.054034751689063576,0.002574583129378971,0.04418862933921819,0.008074792123684449,0.023033978231554675,0.04723729429941914,0.08329214561735598,0.020031012935488757,-0.05504153571296666,0.033857632262006054,0.02815297663983496,0.008521525918081974,0.008059869892311056,0.031046042641419802,0.009713890396450542,0.06394254876919425,0.015948599346925496,-0.024989562375671293,0.0039752037671157425,-0.0019708626440851917,0.03999489710691656,0.006589468697150158,0.04104001220892578,0.040845392084755294,0.033230981725086206,0.009680186102069277,0.04246698794850107,0.033868664486873035,0.07377133582443396,0.0475448359560014,0.03548825154792673,0.02705450161766887,-0.011116458100978943,0.028237880547418936,0.03081093257256151,0.017629335781568056,0.010146406555933185,7.393210419032181e-05,0.0,-0.003728081450584342,0.1620305636837801,-0.00045191131446464805,0.039621679255608666,0.03188967831008893,0.0394895428898675,0.01170275656773534,0.064547915619529,0.05251869245544827,0.09144040303247225,0.0035737128113593197,0.05314296149168318,0.019857775567751923,0.028881916552677855,0.0007924625619250003,0.0,0.0,0.169131314196024,0.00389638175145679,-0.001468455930445034,-0.00813620322609998,0.03646692547751751,0.0,0.0,0.05956194956832139,0.04665567623945477,0.029124357969548376,0.008362778663321302,0.024424502560413508,0.0213630805345143
0.0,0.0,0.052618996989044486,0.0,0.013156053312797511,0.00019732053458648702,0.010213958735200368,0.03491745711045957,0.04704364631268848,0.09773643608136495,0.017637496876899417,-0.0037957826034338837,0.000990963924440258,0.024044286613650212,0.014202153427867792,0.0,-0.000532618348747238,0.0,0.04820840573469548,0.01093276104380736,-0.0009012518988635865,0.012135621460746537,0.021770093093047338,0.010345819042770876,0.0,0.0029215026556993484,0.0092233238635131,0.012595216198955983,-0.0034944070138692163,0.00032044215970661316,-0.0373068595477844,0.009264411874621958,0.09384061089054524,-0.11390173876064691,0.04110550302763882,0.0068347816130321926,-0.021030174068643215,0.0036509384601742245,0.0015360117343133917,0.0,-0.0012469472965864203,0.0,-0.0006318114714988776,0.0,0.0,0.0,0.0,8.932909705106074e-05,0.0,0.0,8.809909789486703e-05,0.0,0.0,-0.00020913091858232313,0.0,-0.00021409726962723363,0.0,0.00015743382178345922,0.0,0.0,0.0,0.0,0.0,0.0,0.0,0.0,0.0,0.01419339101150463,0.0,0.0,0.0,-0.000312196919437846,-0.00020498487282311073,-0.0008062314995577746,0.0,0.0
0.00034699469223509194,-0.014882263522635164,0.025994349323865962,0.013156053312797511,0.0,0.005877283511267761,0.010801537252509041,0.04027107013873521,-0.0030683945806656565,0.02072836592491334,0.009318724830175817,-0.00449582039513996,0.021213345178736076,0.0024215481543818362,0.023047662358590237,-0.039424166965483065,0.01953669714421824,0.04087637115215448,0.04439984840075317,0.021096926526595783,0.01841362997080659,0.00111090860173646,0.03419014124603631,0.04352518876336969,-0.023648068886302887,-0.004742343040384678,0.01348595037367678,0.019553892940442352,0.0021820692384348916,0.022571420521728447,0.01720738245574316,-0.016273816592860257,-0.01986314407942663,0.03655271882263589,0.010158779204149204,0.010596692155542653,0.001956415023969982,-0.0190553182181471,0.053012397778612885,-0.012336669761831287,-0.04517078816445114,-0.020429509800919454,-0.039392923306763805,-0.00021988401396966228,0.0327373648951772,0.0,0.008046176817677386,0.029321987843853536,0.0,0.014756909191750323,0.01861577244910506,0.03560346014206117,-0.00021122749232083127,0.03217189172033608,0.03508236187605185,0.014246345648540493,-0.036397238764892426,0.04271747623318822,-0.02681199454625044,0.006887340136069953,0.0008287539031482938,0.0,0.0,0.03218789641165365,0.0074837322618134805,0.0,0.010842171060127082,0.01636141345812636,0.0,-0.0002290063267241238,0.008502970803282328,0.015110050546449094,0.029702161551235617,0.0005009327231551564,0.017446838568233147,0.023005120747023766
0.04214927178603922,-0.0021564029060701095,0.017105793371543165,0.00019732053458648702,0.005877283511267761,0.0,0.025914623387045865,0.01012327731545476,-0.006454462088011537,0.017527406850467997,0.04163962760432388,0.008020185060230112,0.016458138822921964,0.05246740624608853,0.01617127145185343,-0.004952725717923712,0.023368178084295033,0.009859366107417555,0.0077157424319612145,0.007393042279699891,0.02067503211717142,0.012153613689823817,0.028210462507109235,-0.00763331578548182,-0.0081779015717236,0.002401398470542604,0.02493315069107882,0.019218892116401598,0.004475752457541504,0.020135327783518175,0.01981780413400025,-0.002559468625911998,-0.006275576079413481,0.016681979723540352,-0.0004392188872353042,0.008973290433366587,0.017603403936126527,0.00371983614857746,0.021011989587727875,-0.021782601635153886,0.0240868968902348,0.026306771281235708,0.03424152947518755,0.045969951495304195,0.012964899618261916,0.013025760136271602,0.008411365992984643,0.0276542432686806,0.0,0.004559793279028779,-0.006423207433121414,0.006297668054650707,-0.010464005999480774,0.02394717558712245,-0.0013102955844890296,0.02118098164374349,0.011855361170351963,0.014845996788893978,0.02825877155360068,0.010075827639985324,0.005601928612498364,5.551115123125783e-17,-0.004790000510937198,0.02224065579695611,-0.006739790113424626,-0.006110461157308511,0.01179618570672758,0.0011834360110491993,0.0,0.013282357286831303,0.009909682507751372,-0.006063521579611708,0.008221334815505688,-0.005059134100705243,0.009497471502856403,0.01739962101435899
0.008461764977627129,0.008233457652949139,0.04871378853728964,0.010213958735200368,0.010801537252509041,0.025914623387045865,0.0,0.02672028257761838,0.044777161063217,0.009921213961935238,0.05067220978022363,0.0036287435289523162,0.025705254760469975,0.011119226073197375,0.02259556325208273,0.0035984636641588907,0.01174242590085589,0.01947295918330355,0.059719280035439914,0.03205342725648874,0.027305810883632875,0.02331223176048658,0.030845935915992773,-0.00954773111227497,0.007038197326123263,-0.0004023363616570963,0.027513242617076494,0.023825897146037334,0.012865615746554537,0.06459681224557073,0.00697587653913978,0.011304381516141493,-0.0066778127140449395,0.013664924938475154,-0.028747772076351652,0.014774224845863604,0.03267793948477321,-0.007930987262409317,-0.004970784447061505,-0.0676952691489317,-0.007267725147790838,0.011029148849572179,0.0315783211361913,0.00028186662861390266,-0.030283488085638466,0.0006972044250289633,0.00546117149996761,0.027192606182865897,0.0,0.026574841576895047,0.01230842942578092,0.03043710032758795,0.005069898453579413,0.04267802305732593,-0.039784578368929624,0.031344527725021776,-0.05763597181421304,0.034456806291969455,-0.004093856079234015,0.031132981668143322,-0.0048716865709741985,1.1102230246251565e-16,0.0007809383737308329,0.04714546548916709,0.0025935498567589144,0.02336573107076312,0.005151795397935033,0.018012671536781877,-0.009219154134256446,0.01029532743647743,0.014914792436308,0.013507093161332473,0.02442792427270124,0.008323506691287397,0.0227261254013279,0.024694803386959063
0.04159781867715295,0.027082739499436792,0.054034751689063576,0.03491745711045957,0.04027107013873521,0.01012327731545476,0.02672028257761838,0.0,0.05654650815937995,0.026504888139928073,0.0026154482171971694,0.04496072321971417,0.0239193986168042,0.03442009480675845,0.059408819916630995,0.018629310856825176,0.03118175903956749,0.018770220390275205,0.05393572077258202,0.00837462606466316,0.01489876265255019,0.013683160130060212,0.02539868794746908,0.029056361130347597,0.023329099124078656,0.03354105511218047,0.01878273016336035,0.016676532602997396,0.010661906136675448,0.006597304354080347,0.008487281683100423,-0.00744181543281941,0.013844922935185522,0.008849704267285097,0.0005637749596673625,0.053875999533047,0.007031038009486623,0.04854296734970687,0.028390793845978424,0.01958261213904522,0.013657845193641993,0.02795335330781379,-0.044406877939070055,2.0425268481394365e-05,0.00012571223017454614,-0.022635016604684366,0.024335334265238984,0.02385560177310897,0.0,-0.024054027411997525,-0.0031255917489623197,0.01122998975776307,-0.05456935406504665,0.028244481903240803,0.005099157294351342,-0.01934648268623884,-1.1102230246251565e-16,0.024373611884251356,-0.035662271828605985,0.019116051657016186,0.01945994426190778,0.0,1.7033121492038283e-05,0.013065757811331125,0.005795219732210866,0.04315362481148877,0.026241466586453432,0.009198066970537488,-0.002365111558891686,0.02644752633109848,0.026812371946706992,0.008606495672484393,0.015272254691343912,-0.007771740140847583,-0.0123327653616227,0.01877020355147785
0.05018476242260678,-0.005212711014717042,0.002574583129378971,0.04704364631268848,-0.0030683945806656565,-0.006454462088011537,0.044777161063217,0.05654650815937995,0.0,0.043701331702353186,0.010578782331876646,0.01823624338125074,0.032667552319573745,0.10341799577856337,0.004943439538696581,-0.01773057732182176,0.03843222822058068,0.05019816818407197,0.016333550536532293,0.008360493326854734,0.02178770938287755,0.01305079567169376,0.047500747797258325,0.016071690532314498,-0.006715991810638977,-0.010309603553509294,0.00540567325071023,0.04612617411742098,0.006866876407164602,0.044707033960366516,0.04412574969182581,0.04670563204916062,0.03699318845490568,0.04656225529670854,0.0329502593551082,0.055107965261342706,0.05578696682791723,0.014606179456831625,0.03529877774432111,0.00021756515811632848,0.011892039279314814,0.045063116040500284,0.023092868343594752,0.01856925161906925,0.0023502032747252932,0.0,-0.008066951673852463,0.057268388650654534,0.007084488842475312,0.03985173078570026,0.030054409224375633,0.04273153831554444,0.013251541994008575,0.048742902198777305,0.05672337698184943,0.03888233393890306,-0.023871102386948118,0.052723507970388606,0.016244511351855284,-0.004491382131097732,0.0048575558479876935,5.551115123125783e-17,0.0,0.05553811584414614,-0.008452196620281405,0.008829744697861741,-0.00681989592602128,0.030521638669878892,-0.00042977618322337374,0.001132907004535444,0.03352191466410803,0.03403820796148049,0.03409717630622988,0.002223033909504568,0.021138790229737858,0.035710096077538056
0.05424283384732248,-0.014834609141996136,0.04418862933921819,0.09773643608136495,0.02072836592491334,0.017527406850467997,0.009921213961935238,0.026504888139928073,0.043701331702353186,0.0,0.05480420892087684,0.02161702499922452,0.012289297824338019,0.09096860892659397,0.02200455697428072,0.012977924881020675,0.007659856114264285,0.014719530544221426,0.05279945358393884,0.011651981660777744,0.04751485020428242,0.02747651158745329,0.02319049605030732,0.03697904578106498,0.01254131940592984,-0.025163690621333612,0.009971725258517139,-0.0007225947061434423,0.012640915796227836,0.024060859295037484,0.00924659698351965,-0.0041095043785788765,0.04086109662941356,0.025992522433101795,-0.04516885598319331,0.0022332854375668454,-0.030608722996881166,0.00742530316331419,-0.054115444254520806,0.07480774073368346,-0.043229774024914736,-0.0336543331241807,-0.026272070911248502,-0.012171832265874594,0.006144062018562102,0.011124934336557868,0.0237865471027906,0.004775617289695222,-1.1102230246251565e-16,1.6653345369377348e-16,0.007966242230547538,0.07873464844511574,-0.0006612744420205763,0.043531627212420654,0.03616555717795944,0.002910489605547184,0.025528857228953483,0.08836877207029226,0.0,-0.0015708112181971878,0.024184829203180325,0.03981918663782241,0.0379248836011819,3.2308092265787014e-05,0.01558579015287681,-0.0004082409027090228,0.008530970420111639,0.025905792728652788,0.04465003200078527,0.03974868953281979,0.027103064822559253,0.013504889939691012,0.0807215405915529,0.01445946587024588,-1.1102230246251565e-16,0.04194301772179476
-1.276676477890426e-05,0.001113082087804862,0.008074792123684449,0.017637496876899417,0.009318724830175817,0.04163962760432388,0.05067220978022363,0.0026154482171971694,0.010578782331876646,0.05480420892087684,0.0,-0.015750731089166525,0.06912162500077162,0.045645550362659826,0.0,2.4266884885160156e-05,0.04150760577371759,0.0477342465483081,0.0010343205321917681,-0.00011152741852427095,0.015599769216141812,0.017066049828691476,0.02476101944604514,0.020427831900663163,0.044089101404851505,0.042201174377976325,0.028459680377796115,0.05950700422579508,0.0324405435100385,0.023763302457336766,0.06252447564298086,0.011363665917692445,-0.004422093562982454,0.06212979218179554,0.04924610425486142,0.026870272505432835,-0.007609863600916977,0.03715817832476043,0.05028480393666723,-0.011657988316763512,-0.047690093152056856,0.009419761243401659,-0.011178326480045686,-0.0019119313789788261,0.004887798338202909,0.0,5.551115123125783e-17,0.08527331664947424,0.0001957321954308422,0.020975869206617648,0.03315058841646257,0.05719724111202584,0.027560289950000094,0.07093948947829531,-0.004381531546952477,0.1370111369413824,0.0068545197732678975,0.0659441394132404,-0.0065814994736362875,0.001106732479587591,0.0,0.0,0.0,0.13932208259244805,-0.00206770138788398,0.0,0.0014800153661693183,0.025703155600127925,0.0,0.0,-0.0026586536405305283,0.038696084051265345,0.04325317122567729,0.013418792671175184,0.0020783957814166087,0.041555253016821114
0.04630620851620082,0.008693750040707493,0.023033978231554675,-0.0037957826034338837,-0.00449582039513996,0.008020185060230112,0.0036287435289523162,0.04496072321971417,0.01823624338125074,0.02161702499922452,-0.015750731089166525,0.0,0.02230375256278827,-0.0033452844964330652,0.01700630154127536,0.014846577870439692,0.009479240255269306,0.019478367315890033,-0.005630826537535549,-0.018553498241765942,0.046045337551396615,-0.00946373628628705,0.04967051539095402,0.0161597262492697,0.024837572471577807,0.014778576880558392,0.002266617897844936,-0.003277552642081849,-0.021796152337779817,0.010193807088588525,0.030442947452684554,-0.015782101152763794,0.052616667840597986,0.008286425915991102,-0.03233190084143117,-0.0318787090175216,-0.06794701784519663,0.02758895472763956,-0.028862631206467093,0.08095204901803255,-0.09134657166193988,-0.11437379515607307,0.012836164216600443,-0.0010403412212319774,0.044293855670487436,0.028034923158195224,0.016392494382224176,-0.006264289060749995,0.0,0.00036549663555263123,-0.017344213884764814,-0.019133603219847306,0.0,0.0026346076178743183,0.03360900796352756,-0.0033221281210843445,0.028188596761126616,-0.003359356241055156,0.0,0.01265567932851408,0.03819141156810402,0.033884175839324515,0.03921798259875797,0.0,0.0007207453129113306,-0.0002468137246941504,0.02157682588737969,0.06982993803731624,0.02491613214113131,0.040007277612648606,0.026129315872402414,0.053690433465399034,-0.20095785808633967,-0.02258698139263937,0.0,0.0430198376754114
0.030457738299549897,0.0023750817147494274,0.04723729429941914,0.000990963924440258,0.021213345178736076,0.016458138822921964,0.025705254760469975,0.0239193986168042,0.032667552319573745,0.012289297824338019,0.06912162500077162,0.02230375256278827,0.0,0.032448539633241014,0.021065237466812547,0.0036497111159790596,0.019018095502949528,0.013111462368144977,0.06977280895899562,0.01984820696796097,0.014825426987099544,0.013811434572223835,0.026150025209198513,0.023387367475068255,0.0027670685085653957,-0.0008325879442778183,0.015864127754430524,0.02516230671063241,0.004134102211171942,0.033654330208817695,0.009994510942587354,0.015619251296465686,0.016528994837924527,0.01921885311354704,-0.010187070322828506,0.024744752516012603,0.03403139522422133,0.011426865111127227,0.04097843297142678,-0.06330698114214445,0.03469021951617224,0.022286038066822278,0.04003136288521808,-0.010998320579636234,-0.037414702932550004,0.011050440931331007,0.008576729871473177,0.026220711818469855,0.0,0.027062335717458086,0.012262188854181733,0.028865392529255796,0.009452462682138396,0.03965967644753221,0.0004681918483677161,0.0413998858154318,-0.08396407804319689,0.028317960799974062,0.013286075843612133,-0.00783881070819209,0.007635630128066284,0.00010314782067338824,0.005894913086062881,0.03168442408572769,-0.0044050837056544,0.032266161541063765,-0.00013883409556902926,0.01774105903360046,-0.0034475217361297217,0.03302069338835384,0.010188543582939136,0.009030080620565095,0.02157849170233339,0.01128540690863522,0.008152834884621152,0.023086668275801303
-0.008668707466571335,0.0,0.08329214561735598,0.024044286613650212,0.0024215481543818362,0.05246740624608853,0.011119226073197375,0.03442009480675845,0.10341799577856337,0.09096860892659397,0.045645550362659826,-0.0033452844964330652,0.032448539633241014,0.0,-0.009255569173103773,0.0,0.0,0.0,0.08686233931723869,-0.006508309791779965,0.018457566481992316,-0.005939556267694268,0.05166847536414071,0.030162152336240144,-0.0001910737086241454,0.012874155903216555,0.04920217098430546,0.021103247385735102,0.0361946681841015,0.00045063891148233726,0.02171375601161324,-0.009937272997577573,0.007463150011473463,0.018940687684879387,-0.00040450333846592246,0.0170798408012581,0.011672550062621745,0.04589787974733939,-0.021564379819232204,0.0,0.001136376484185575,0.0,-0.0496808307105468,0.0,0.0,0.0,0.0,0.006534645329406175,0.0,-0.021645292668391047,0.01960064516192811,-0.009501557225020829,0.02546945537855716,0.03479623688180483,0.0,0.006428053349430252,0.000840895050610635,0.03549375271222388,0.027199974408102068,-5.551115123125783e-17,0.0,0.0,0.0,-0.004765063571247619,-0.0020044623537203154,0.0,0.0,0.023435279437179934,0.0007121399449729893,0.0,0.0,0.013319793489605991,0.028959943353654538,0.0033343430416373776,0.0,-5.551115123125783e-17
0.03576024507150638,-0.001743091584754608,0.020031012935488757,0.014202153427867792,0.023047662358590237,0.01617127145185343,0.02259556325208273,0.059408819916630995,0.004943439538696581,0.02200455697428072,0.0,0.01700630154127536,0.021065237466812547,-0.009255569173103773,0.0,0.008342062963306862,0.01489440790874641,0.020867407981561503,0.0,-0.019138051594333294,0.021288177863155455,0.023508932908961888,0.0013432557215147245,0.045948899886385675,0.010896313572367144,0.007725215464803814,-0.0028537353930126463,0.012534237041458729,0.0019937376668732187,0.03846601822246015,0.01613508545593817,0.011542848451863097,0.016186898383341253,0.0034041578904476233,0.007183052330925421,-0.01385887637328842,0.0210030678068705,0.013863514384319098,0.02031474239521236,0.020316188399606416,0.020871492456513596,0.029186312465619757,-0.005344981605410026,0.0012369793136651763,-0.05106517112530551,0.0325295904661107,0.02162052459833541,0.02161094533027652,0.0,0.0,0.010402047661840996,0.006788175080949033,0.026052464850620072,0.02728938698336314,6.016357945642925e-05,0.0,-0.01038856318211473,0.009612944224387132,0.0,0.030664146865845898,0.019772450849616263,0.000938011662330096,0.003418305659735721,0.0,0.029632183658256372,0.017783410169961822,0.0340870045624197,0.02605880516283887,-0.008059580970274371,0.025186240512979352,0.009721274261614066,0.024406454652944942,0.01875290162772536,0.022080710792634184,0.02526695523650513,0.021155889726500454
0.008161917307087263,0.006677450900674786,-0.05504153571296666,0.0,-0.039424166965483065,-0.004952725717923712,0.0035984636641588907,0.018629310856825176,-0.01773057732182176,0.012977924881020675,2.4266884885160156e-05,0.014846577870439692,0.0036497111159790596,0.0,0.008342062963306862,0.0,0.015909104649783568,0.012182758642981184,0.001958165081630936,0.00445575686475802,0.01174879830958614,-0.0020280532884424662,0.007898320087376065,0.0028544808050848247,0.0031947426501349185,0.007230038402164407,-0.004182063591022578,0.0059477640972704915,0.004517796008782937,-0.0022646968430801717,0.018812017315107843,-0.009983350425092963,-0.015736178104528042,0.020192822191832438,0.008476972926515225,0.001451438417772677,0.0037973122230982037,-0.014050185351638989,0.027247698702153322,0.005773226721002278,0.018411438189451845,0.033939926495521466,0.021154107762200558,0.0,0.0,0.012823471574329004,0.026255146206067503,0.0,0.0,0.0,-0.005649558923295106,-0.003616235925427369,0.03736548660065142,0.0,0.016162136020230367,0.0,0.020317998690688455,-0.012907415242360443,0.0,0.013602381415522835,0.010076722392744264,0.01898092297032755,0.008829547540655569,0.0,0.008876687050126841,0.06462156287492243,0.014823200201291686,0.01491307844781331,0.01712293899891254,0.01980989521742388,0.03422309179028382,-0.000737919800799236,0.016415677311746035,0.02923369950087501,0.0002739266697504572,0.008717601839934919
0.04502791800910089,-0.006763849037897063,0.033857632262006054,-0.000532618348747238,0.01953669714421824,0.023368178084295033,0.01174242590085589,0.03118175903956749,0.03843222822058068,0.007659856114264285,0.04150760577371759,0.009479240255269306,0.019018095502949528,0.0,0.01489440790874641,0.015909104649783568,0.0,0.014487816043871726,0.047262240583637205,0.0029607744488280296,0.03885569742555933,0.018829438744864035,0.02627960923692707,0.04074520688853528,0.0027895190766873412,0.00644387568959931,-0.0029761311206265018,0.004723343985732764,-0.009238666742526047,0.02039106275984337,0.029737431853604,0.003909626172349356,0.03041413939051113,0.03844861667350452,0.03721856700928117,-0.016077591170441385,0.011452722097629875,0.02958612528089044,0.04077994376156885,0.06129554890079114,0.031285580345567554,0.0706788553126591,0.0,0.0,-0.007062534551050881,0.0069389575213645305,0.018619278673280892,0.0,0.0,1.6653345369377348e-16,0.0008754070654466428,-0.0002892420450458233,0.0,0.0,0.0200967485747921,0.0005133269866426926,0.007185024135771101,0.005550073113085419,0.0,0.0,0.01259124963002528,0.022565932124005206,0.027572600899861632,0.0,1.281927473850697e-05,-5.551115123125783e-17,0.022798077402085115,0.0009573923456730471,0.03288390172250977,0.026962115878442328,0.016385562148780064,0.0,0.010176647443830789,0.010909390216772341,0.0,0.02534271314121528
0.002864045270923876,0.010711243593531872,0.02815297663983496,0.0,0.04087637115215448,0.009859366107417555,0.01947295918330355,0.018770220390275205,0.05019816818407197,0.014719530544221426,0.0477342465483081,0.019478367315890033,0.013111462368144977,0.0,0.020867407981561503,0.012182758642981184,0.014487816043871726,0.0,0.04705551876671915,0.005304470364327518,0.017493367925905334,0.02299896219500791,0.013841074623768435,0.015425692839140248,0.01477423252059279,0.002499136840161953,0.006160652717020376,0.012590454213756153,0.0033245327067678576,0.012350020839165532,0.027762600719455632,0.007768271198552501,0.006697032445620921,0.03710275420722603,0.02044398617059251,0.012625104876086923,0.0,0.03867562609747982,0.01299994159360146,0.022237486119751737,0.018726223622206717,0.028617530500257726,5.551115123125783e-17,0.0,0.011238639681411533,-0.030047893530142478,0.023833009788330195,0.0,0.0,0.0,0.006739174848871765,-0.0002716281241618712,0.017936004835001462,0.0,0.011479177870350854,0.0,-0.004285877287492135,0.0130798847960365,0.0,0.015430467849790908,0.009387806277194266,0.01843836330249954,0.014562049287096868,0.0,0.015257483838043706,0.0003245772155322513,0.01919371222571381,0.022777056744364033,0.026434735164574508,0.016240377552111385,0.014747996462527002,0.0349598531667909,-0.0032737942656721475,-0.0006054996089031595,0.0,0.013058815361042475
0.0,0.005923838207952947,0.008521525918081974,0.04820840573469548,0.04439984840075317,0.0077157424319612145,0.059719280035439914,0.05393572077258202,0.016333550536532293,0.05279945358393884,0.0010343205321917681,-0.005630826537535549,0.06977280895899562,0.08686233931723869,0.0,0.001958165081630936,0.047262240583637205,0.04705551876671915,0.0,0.007158619918422815,0.009708890864951192,0.018341912827035067,0.10136962314859443,-0.020495229825139294,0.03942689779066788,0.03442687562838792,0.0021034438320340354,0.06359011217235155,0.01833555448142854,0.023719055974661007,0.057335233638953154,0.05188895235583507,0.008821416971086737,0.06235802833712395,0.049188329479160686,0.08255448963028389,0.06533150417710198,0.011767241720500088,0.050900756081284415,-0.009975312633701217,-0.009425769799707329,0.0008149790358180642,0.008324112168342224,5.551115123125783e-17,-1.6653345369377348e-16,0.0,5.551115123125783e-17,0.12248604599250451,0.0,0.026892256254268276,0.03991061495456538,0.05016091950562673,0.019104638936527474,0.061021829020602936,0.051213219868980864,0.11424888903345576,0.0018613198914668172,0.05902437954966344,0.014020587474167567,0.0021019425452903917,0.0,0.0,0.0,0.055189129478148136,0.005100448958775927,0.0,0.005497203366667147,0.03907259024168441,0.0,0.0,-0.0036517452308070797,0.043693063587012304,0.04712548395488547,0.008487954746848214,-0.0005322139851376972,0.02956651844522107
0.03349351245643617,0.00524951964379855,0.008059869892311056,0.01093276104380736,0.021096926526595783,0.007393042279699891,0.03205342725648874,0.00837462606466316,0.008360493326854734,0.011651981660777744,-0.00011152741852427095,-0.018553498241765942,0.01984820696796097,-0.006508309791779965,-0.019138051594333294,0.00445575686475802,0.0029607744488280296,0.005304470364327518,0.007158619918422815,0.0,0.011839706892003199,-0.00713066136869267,0.020619206089911912,0.03951309092260841,0.0016089529234916133,0.0003233367801263598,0.008106666649878913,0.02123364410572187,0.0041919416871304405,-0.014185049069153521,0.0044876574131176294,-0.005759029952792871,-0.013307409007259352,0.003338137201577218,0.0005637735070202488,0.003421452393300606,0.0027298608091514964,-0.00634831770743427,0.008876239999434543,0.003665394864199034,0.01715319144202032,0.019456922390513942,0.030081169832361643,0.0003647506739375972,-0.03505116745229725,0.03990772997238323,0.0195553986589434,0.010628682806130496,0.0,0.006074728752835712,0.0010593751819447106,0.0008157953058368639,-0.003468646235029571,-0.02890767642641856,0.004372637756576925,0.02036846261278713,0.009640105255341591,0.009561588434336299,0.0,0.00792813629845962,0.009353088061529902,0.007738618848195822,0.009378953152532232,0.013982295293092917,0.0006685538880257247,0.005659136689111666,0.01136810717143194,0.004165199317388402,0.0023097910156836265,0.010492118244970039,0.02187849359014482,0.00565293740752465,0.0037546013984133264,0.006220306157518951,-0.004712514825858938,0.003988389751660271
0.046186577282289865,0.013909977418117003,0.031046042641419802,-0.0009012518988635865,0.01841362997080659,0.02067503211717142,0.027305810883632875,0.01489876265255019,0.02178770938287755,0.04751485020428242,0.015599769216141812,0.046045337551396615,0.014825426987099544,0.018457566481992316,0.021288177863155455,0.01174879830958614,0.03885569742555933,0.017493367925905334,0.009708890864951192,0.011839706892003199,0.0,0.028282087742938167,0.03694115384373431,0.038801712518633624,0.01022344058095409,0.01912769647632051,0.022333228086832135,0.01483114553364262,0.012256616312066482,0.010869871618801819,0.005370626823628266,0.012078098846625751,0.06055069235854982,0.009742910405255822,0.003653974649131586,0.002982501554820549,0.014705999323218144,0.029894558726718923,0.018722925197678986,-0.046125788413870716,0.024723421547857116,0.007339220191838303,-0.0009958673671663365,0.0,0.0014017267219557095,-0.0248199209501917,0.030633813446717006,0.0018257524507344636,0.0,-0.00034979669492207766,0.011228552101629763,0.02703412123935861,-0.007259218581616822,0.005377380130223541,-0.00012916643642452152,0.0,-0.001354040221328623,0.024518559520516514,0.0,0.013340423308657534,0.011229935803597602,0.0,0.016913629269789343,0.0,0.010491437504646928,0.0030333560873798127,0.022465788792512875,0.015108243448632042,-0.03705318499474852,0.03078062751514221,0.008594134771396034,0.012051960557845798,0.011163121677569554,0.018897735463359266,0.010053940699242425,0.01992634321657938
0.0645925621481303,-0.009820019302541116,0.009713890396450542,0.012135621460746537,0.00111090860173646,0.012153613689823817,0.02331223176048658,0.013683160130060212,0.01305079567169376,0.02747651158745329,0.017066049828691476,-0.00946373628628705,0.013811434572223835,-0.005939556267694268,0.023508932908961888,-0.0020280532884424662,0.018829438744864035,0.02299896219500791,0.018341912827035067,-0.00713066136869267,0.028282087742938167,0.0,0.009040019119813059,0.07553355058407768,0.004429509197043213,-0.010411271211841266,-0.0005971919669122139,0.01408387423398444,0.01015749810973171,0.016776209132823294,0.015366524759462652,0.007055134766953963,-0.0026864602359072953,0.004335631683917263,-0.004590356589876943,0.010138116766342686,0.0023034652816356638,0.02737681278728843,0.02995169311984419,0.01633849133331522,0.028043003728371263,0.03324377894775493,-0.03301919513453566,0.0,0.012901495557708587,0.05865252100578644,0.025748831966330932,0.0181489475224893,0.0,0.0005219440262052011,0.002874106652377917,-0.0003187624024739155,0.0005505924493904857,0.008280313589778598,0.015152340128687047,0.0,0.022338762373855237,0.010130070815158765,0.0,0.02349612704687093,0.025359652959586587,0.013373217245176094,0.022411217448245424,-1.1102230246251565e-16,0.013581126731245896,0.033851895744098304,0.023529858587129526,0.02672552169808673,0.013552505292281358,0.021893939116589878,0.017753550176851596,0.01269532807432977,0.018781447885368563,0.015241955002012142,0.020214985689726628,0.02672368458497254
0.05520079500845204,-0.01696161294518783,0.06394254876919425,0.021770093093047338,0.03419014124603631,0.028210462507109235,0.030845935915992773,0.02539868794746908,0.047500747797258325,0.02319049605030732,0.02476101944604514,0.04967051539095402,0.026150025209198513,0.05166847536414071,0.0013432557215147245,0.007898320087376065,0.02627960923692707,0.013841074623768435,0.10136962314859443,0.020619206089911912,0.03694115384373431,0.009040019119813059,0.0,0.041439499488863996,-0.003878642641485186,0.015422576505602192,0.007836147493066381,0.01545202720246891,0.01611356094572225,0.010630853574877142,0.01032990262176231,0.00404921152757598,-0.020943919650479315,0.008868216728573797,0.015829013043449747,0.04161443360314743,0.02403113963599035,0.008495421407860249,0.020538525013652498,0.02381250968781673,0.019070770611858467,0.030637756650385706,0.020009859200571634,-0.006376657962135879,-0.02447882238979221,0.03991391200310912,0.020961771006285657,0.05777077384129681,-0.00010890936798518824,0.01495832595437585,0.00015116458595232363,0.01844602657795502,-0.007591747051837405,0.028447020446068394,0.024387925464812665,0.032360668770891055,-0.01479158274687048,0.02213609310579101,-0.025343837574287043,0.020766872389907987,0.025239085503982295,0.006213929828350895,0.020341696077621818,0.046885981624440354,0.014263929560180133,0.02173168441197676,0.018470620797749526,0.014958544114930139,0.008317087487460406,0.032889931729233046,0.023392792264092632,2.189034838528947e-05,0.011563526757722764,0.005588804800425173,0.0036669157661246565,0.0135361853640249
0.001816578470535235,0.013900122896033595,0.015948599346925496,0.010345819042770876,0.04352518876336969,-0.00763331578548182,-0.00954773111227497,0.029056361130347597,0.016071690532314498,0.03697904578106498,0.020427831900663163,0.0161597262492697,0.023387367475068255,0.030162152336240144,0.045948899886385675,0.0028544808050848247,0.04074520688853528,0.015425692839140248,-0.020495229825139294,0.03951309092260841,0.038801712518633624,0.07553355058407768,0.041439499488863996,0.0,0.01022744467314357,0.00821685544888634,0.03771935368017493,-0.01528962425717656,0.03153640983809841,0.01348886834258145,0.0340407437603103,-0.021580309125331043,0.03947031462611306,0.014810638210487392,-0.014779046155871611,-0.021508188340213064,-0.04387857042156504,0.043286259659792325,-0.0831088190963444,0.058939037763612756,-0.07751165496244794,-0.12374921539837969,0.0018917185423778515,-0.0006312055847889075,0.011608303883774818,-0.01488131011536975,0.04747310488482814,0.00023361408000854844,0.0,0.0,0.023167014861337876,-0.006965540559587147,-0.0009154555689879218,-4.967100072156283e-05,0.0250134673390206,-0.0010590184911331568,0.0020329749603482106,-0.021750058759242186,0.0,-0.0163268924851232,0.03195441904539831,0.022952164234170236,0.026353109345122694,0.0,0.008660431476515018,0.012393697645994739,0.023886591610433883,0.04715574487506413,0.012347945930481719,0.029266668301951626,0.014044288309682629,-0.005800345287798159,-0.16662339116731706,0.009740083806781541,0.0,0.007402259556146429
0.0063352591214737575,-0.009358039180364264,-0.024989562375671293,0.0,-0.023648068886302887,-0.0081779015717236,0.007038197326123263,0.023329099124078656,-0.006715991810638977,0.01254131940592984,0.044089101404851505,0.024837572471577807,0.0027670685085653957,-0.0001910737086241454,0.010896313572367144,0.0031947426501349185,0.0027895190766873412,0.01477423252059279,0.03942689779066788,0.0016089529234916133,0.01022344058095409,0.004429509197043213,-0.003878642641485186,0.01022744467314357,0.0,0.003167917289362332,-0.010920959011549602,0.006804032840080132,-0.008500380341554648,-0.0028510968959911676,0.026107566635014845,-0.001403407078370278,0.005056282577676596,0.027560384009081118,0.016625263993191974,0.025986888089153837,0.0012072978429624182,0.017606109303785755,0.018259842870082865,0.027746139493689537,0.015857543274786223,0.03059221949680424,-0.0003553225116120218,0.0,0.003231257858779313,-0.0038215341106794254,0.026913062288418554,0.0,0.0,0.0,0.00702917367079986,-0.0012255996770403343,-0.010563781377904813,-0.0002304672986958578,0.011883569173449293,0.0,0.0032121387773958454,0.0011530020591297152,0.0,0.01821009724898781,0.015205199178336237,0.022798760816424957,0.016660193807187806,0.0,0.004300359564978096,-0.004615887264071972,0.017775481680150196,0.019491230373140545,0.029812178325383076,0.020792503323211642,0.02140473727501574,-0.0005357714266257529,-0.0003381110075860727,-8.568174668793782e-05,0.0,0.008216897614857499
-0.005542236328448413,-0.014203751665935849,0.0039752037671157425,0.0029215026556993484,-0.004742343040384678,0.002401398470542604,-0.0004023363616570963,0.03354105511218047,-0.010309603553509294,-0.025163690621333612,0.042201174377976325,0.014778576880558392,-0.0008325879442778183,0.012874155903216555,0.007725215464803814,0.007230038402164407,0.00644387568959931,0.002499136840161953,0.03442687562838792,0.0003233367801263598,0.01912769647632051,-0.010411271211841266,0.015422576505602192,0.00821685544888634,0.003167917289362332,0.0,-0.004218180569255048,-0.000597865715204926,-0.009125113527053197,-0.026464742598057367,0.019914869446573447,0.00351994197767197,0.006895045762125518,0.014272827386178688,-0.0007396308835982968,-0.016695205027135784,0.007061352696182244,0.017955649028163156,0.020786007120385697,0.04007708595415754,0.01633391336998008,0.029195387701603903,-0.024868038317491348,0.0,0.020667329221369102,-0.008912191149480275,0.028270234472142053,-0.00819210729399017,0.0,0.0007735119167953663,1.6148424432760322e-05,0.0041085183243938506,0.008693533675192655,0.004088692671381677,0.019608321156628528,-0.0002367041765562461,0.011722135250786248,-0.0040268578269908595,0.0,0.006570245307547462,0.01681250996216721,0.02087383266030518,0.018583642047427795,-5.551115123125783e-17,0.011766410523355975,0.016633400441853685,0.020933437112103326,0.021470510096725737,0.026114741298135458,0.022360933593780274,0.01651220345647675,0.012331463551979005,0.0194655687928339,0.010668818678918224,-0.00025324866626347253,0.02436512727062007
0.04738862520450915,-0.006782137730989846,-0.0019708626440851917,0.0092233238635131,0.01348595037367678,0.02493315069107882,0.027513242617076494,0.01878273016336035,0.00540567325071023,0.009971725258517139,0.028459680377796115,0.002266617897844936,0.015864127754430524,0.04920217098430546,-0.0028537353930126463,-0.004182063591022578,-0.0029761311206265018,0.006160652717020376,0.0021034438320340354,0.008106666649878913,0.022333228086832135,-0.0005971919669122139,0.007836147493066381,0.03771935368017493,-0.010920959011549602,-0.004218180569255048,0.0,-0.002076189681734897,0.007828861307029589,-0.0034425347012205787,-0.006513170849035799,-0.007084171785053384,-0.04006849546911678,-0.00483889475308652,0.000893974768799044,0.01151501119314663,0.017092787400771636,0.005807697414959401,0.012392753413668134,0.0006234301804114994,0.015172229208025967,0.027811999709159374,0.031201381594025523,0.024607506910242438,-0.01873413563335863,0.04836406462720827,0.018218911526988624,0.045648881140980646,-1.6653345369377348e-16,0.0152361666607147,-0.002085541639492039,0.01319869297863907,-0.020432271433809268,0.03983168413319793,0.008645214530310696,0.024414576575299107,0.03172034547378494,0.014624398889745427,0.03269079868295477,0.004672517640250284,0.012728925960653614,0.00010249396995021254,0.02420591037480907,0.04321087350467501,0.003976787528580772,0.008185335853953368,0.003724371896294709,0.004114025989112813,0.021682870357386363,0.018961165753363263,0.005954890368383536,-0.002650228962455148,0.006934398441691747,0.00100384662766706,-0.002321534000009562,0.007587775238112937
