0.0,-0.0020034905874560804,-0.018569894711685186,0.0,-0.00014300420948193393,0.025787560184953207,0.016793100730106425,-0.0016452891180668283,-0.017473355695857506,-0.005226695480310017,-0.030313642399790286,-0.010144496228450428,0.016249196003381372,-0.002132122200660669,-0.02721256961350277,0.0008808925842292981,-0.0019261527725549232,-0.00042199184846519744,0.0,0.011572451910873305,-0.017623180713003117,-0.02606713593380061,0.008889481067017035,-0.01726426968022643,0.003709311662736414,-0.0046578504451531,0.003223064028373468,0.01109802574134544,0.013811509058761107,0.0011451817867068614,-0.007108706084947292,-0.0056136985618368,-0.020198858239054374,-0.004006934158363451,-0.06515945682314067,-0.013695642930909968,0.0,-0.013199769150198715,-0.02560429045747925,0.011522264093489276,-0.02326492325205254,-0.03038116949711661,0.0,0.0,-0.019860105087076196,-0.08800467036981585,-0.024469534502220613,0.0,0.0,0.0,-0.004678430684386503,0.0,-0.023163240740926017,0.0,0.016960882697906743,0.0,0.06348575056874467,-0.012543564750405745,0.0,-0.04203547652595274,-0.008727170220325986,-0.004080463525779288,0.001033110605974552,0.0,-0.023841904997968455,-0.027169583286592247,-0.011700612491920948,-0.04826907391762664,0.023245574648362022,-0.0079338050477335,-0.023275070118946195,0.01125209599351168,0.00030235881101431383,-0.006039622147896939,0.0,-0.0029882244200793995
-0.0020034905874560804,0.0,-0.04279483335475892,0.0,-0.06539303615024028,-0.04300070914477755,-0.059285704304807285,-0.04363174610947129,-0.052007703675860995,-0.008582765901597622,-0.0005870822783742846,0.008375426028288835,-0.06810970722824611,0.0,-0.020000006033190854,-0.018544158147521306,0.010055764861387761,-0.0029644541904153,-0.00957158873022762,-0.03822976898407915,-0.026303134095332803,-0.017698167785264507,-0.020472817971279644,0.009503468079332,-0.014304195358378513,-0.01937226047635765,-0.03639761309802064,-0.051427268773468315,-0.06608122579399278,-0.029372538229175904,-0.016208783248570502,-0.019230166414861527,-0.03247509506618734,-0.01271229488328074,-0.03601720027912281,0.001436827884715719,-0.001005952347358896,0.0006005876348103567,-0.010186472726752438,0.0034325044580723607,-0.01343232268378125,-0.020999617141686466,-0.012002166238809009,0.0,-4.293487425960363e-05,-0.023101451408766682,-0.00621333543817898,-0.0050467895373233485,0.0,-5.551115123125783e-17,-0.026409435383214053,-0.025274235321984917,-0.0351175629106284,0.0005805521334001917,0.0026608555171945825,0.0,-0.022185329289399702,-0.01896305036559376,0.0,0.0009405259088839935,0.0009867115901187606,0.002580960541739896,0.003369502702729399,0.0,-0.01783387340038034,-0.02235426853542455,-0.002807172833591831,-0.021683640571473817,-0.005947729058975837,-0.005629702733782271,-0.014214336182942877,-0.020036094999645093,-0.02998039439300626,-0.031807120916027,0.012286401793840052,-0.00721710096780892
-0.018569894711685186,-0.04279483335475892,0.0,-0.01312997112906078,-0.058857666278841037,-0.06087701190516692,-0.06289159982230352,-0.12414441450081387,-0.061515971423953986,-0.03867576446377624,-0.04015307306405852,-0.0642216754504975,-0.07284583097520436,-0.09288370383861105,-0.028100063835199918,-0.010139670677620172,-0.041944756407239436,-0.016096604217230304,-0.03290300845779545,-0.02461265415823216,-0.029339291224507458,-0.04618989585926958,-0.08013670955381788,-0.0331133661323067,-0.029910857192533946,-0.03328040045696179,-0.0571127449127552,-0.06490121051154807,-0.03599757806289017,-0.020539366708316464,-0.07386692893126273,-0.06846039231173273,-0.05183908438605511,-0.07733284123828754,-0.09164834156939211,-0.07192097675715842,-0.07577004179746488,-0.08142063460502547,-0.032236150607466596,-0.024158109407567685,-0.04235337791066468,-0.004387071428064271,-0.05580463012936687,-0.009405707992323431,-0.00019065032786852454,0.0,-0.0005587226838155157,0.05192885200236269,0.00018624267669498096,-0.07143738328658683,-0.03255587961026096,-0.0470848509058821,-0.07087919893759831,-0.06234047356110134,-0.030505948291594476,0.016538934081275436,0.0003161833035040251,-0.043969490950346024,-0.0695873059649596,-0.024561573424842165,-0.0003265913996611247,0.0,0.0,0.08010325989676637,-0.02031360380777736,-0.0012857790377490685,-0.021911602203466995,-0.06500592590446647,0.0,0.0,-0.034617354899568964,-0.05592681691799495,-0.034417285572362455,-0.031590607815340566,-0.01956835328836981,-0.053304192253002314
0.0,0.0,-0.01312997112906078,0.0,-0.033556644406349645,-0.07336521415418051,-0.021548468308179025,-0.058432199938740714,-0.06279117996412092,0.03830349593342447,-0.07191191543795672,0.0006018462107061917,-0.04210403092087073,-0.03527383383399613,-0.011668775510084828,0.0,0.00010722036866250839,0.0,-0.026519415667140167,-0.012778623465243055,-0.00043685261861003966,-0.0077053696108765335,-0.029837785395538274,0.003367556344992917,0.0,-0.0015522225337575857,-0.0196788714556706,-0.06310222557082484,-0.005854691588011496,-0.0001320613218557254,-0.0709564642336229,-0.08051233766958482,-0.026526660441634486,-0.00814002948483461,-0.03485951022318595,-0.023829105535269984,-0.019987682958231,-0.01944659905690982,-0.000633024506529023,0.0,0.0005138946399013689,0.0,-0.0004833392199241615,0.0,0.0,0.0,0.0,-3.6814502334725496e-05,0.0,0.0,-3.6307592399864586e-05,0.0,0.0,8.618749035449458e-05,0.0,8.82342337804598e-05,0.0,-6.488197005205532e-05,0.0,0.0,0.0,0.0,0.0,0.0,0.0,0.0,0.0,0.0009373192685879772,0.0,0.0,0.0,0.007254139305563734,8.447881293210946e-05,0.000332265884273375,0.0,0.0
-0.00014300420948193393,-0.06539303615024028,-0.058857666278841037,-0.033556644406349645,0.0,-0.03526219277072329,-0.007954444412601458,-0.05831611797725561,-0.013198795924217355,-0.009853604218756085,-0.01833174288457834,-0.02765915836440197,-0.043283750984841385,-0.032928119767480446,-0.020284359941549868,-0.0032643903591910717,0.003637531969704011,-0.02521033932259481,-0.032624998194189125,-0.018534037223550237,-0.01772238698240547,-0.04718996576008855,-0.03200122542291095,-0.03537804693164348,0.013599128761808688,-0.005944963920169022,-0.05792062564085043,-0.052213481187170896,-0.027130673936266392,-0.01907165556238688,-0.04492102580273427,0.001362327683525344,-0.03475377915055439,-0.03684092490756408,-0.04842743684609929,-0.014915047962321015,-0.03410913556954587,-0.03901929916859004,0.0037046619588502194,0.005523735489865955,-0.012714709301235971,-0.016882478383267674,0.03032996555226869,9.061907948182402e-05,-0.015134963707946703,0.0,-0.017221057017031305,-0.042577343932269196,0.0,-0.046844355680430216,0.0034855538599650737,-0.006986944602238032,-0.004284632601581184,-0.015569467394227265,-0.000608101824408791,-0.006723318375522147,-0.06917930548408618,-0.02397253878354455,0.0001776529997609133,0.006264727858635855,-0.00034154786637036194,0.0,0.0,-0.04371648719213789,0.0002340654025909661,0.0,-0.006843247316161372,-0.02684593867212215,0.0,-0.0002608916233684533,-0.021619704046777877,-0.018744648083712123,-0.015459482282907111,0.0030296685363732645,0.008499991490452885,-0.03358537475650358
0.025787560184953207,-0.04300070914477755,-0.06087701190516692,-0.07336521415418051,-0.03526219277072329,0.0,-0.0262038868268184,-0.01720765268700719,-0.01937037319476853,-0.020712866267356467,-0.06315505147652745,-0.03302455075202437,-0.009160269566302115,-0.05285389496790305,-0.004998617621071899,-0.040461452321693514,-0.011011124055993304,-0.02618353555677949,-0.07608916692312506,-0.023531492379328445,0.011446893424523541,-0.023815521731558098,-0.006573923839050366,0.044643898085744926,-0.033211931575538034,-0.009183805680138046,-0.024864809023391776,-0.004604905272110493,0.007192700172671873,-0.02835720776177969,-0.03970780683338543,-0.022328958099255725,-0.022097328816718276,-0.04483226390286893,-0.05189288173024342,-0.049510834501131806,-0.05099964098391224,-0.048556170831431655,0.008632297954729584,0.011205112855061261,-0.007016574153484556,-0.0029582420421203626,0.0052899706586519435,-0.04189397128771266,-0.0027185056025758603,0.0004308810814820929,-0.02033112431743289,-0.030733269633230087,0.0,-0.01262564415503653,0.0045637974665602155,-0.000378755838534528,0.0011626361782305916,-0.012212097584560544,-0.005831410404210535,-0.023272436791576645,-0.01677302483840082,-0.0022793111131035326,-0.0124724454099584,-0.011930869090501062,-0.00917851766909572,5.551115123125783e-17,-0.008501391305528183,-0.041793673914634843,0.002444154294986234,-0.010358316425657654,-0.005509277263763268,0.014041473619781919,0.0,-0.0003024901008817915,-0.014386426789261053,0.0016129513116923677,0.006949568622113933,0.008456319707744242,0.016664520578831166,-0.002269091937231682
0.016793100730106425,-0.059285704304807285,-0.06289159982230352,-0.021548468308179025,-0.007954444412601458,-0.0262038868268184,0.0,-0.02981146921825001,-0.04270713061699871,0.005103630742907095,-0.03581276471604722,-0.005291635053884691,-0.010034342401142538,-0.029148211877634722,-0.025041990359936372,-0.03034946598786148,0.008621039825600252,-0.014749304801592478,-0.03726582277709872,-0.02921581054711525,-0.012280519911485765,-0.03790331956856546,-0.03056021490163785,0.01671189051993549,-0.027677515182630286,-0.022162120405276264,-0.03727205770047276,-0.011003864129710772,-0.021436752908637335,-0.045202217151305124,-0.022485284163046848,-0.010812392231124512,-0.028125836192022025,-0.013144003911206181,-0.034176446948735784,-0.010436693223933757,-0.004279216705216193,-0.021122405220295126,0.009847796238606099,-0.028177166884484905,-0.004848530975569587,-0.00750797418603788,-0.008528028805034338,0.0012585456123099248,-0.006765734194723427,0.00016319711548207216,-0.020388612753844126,-0.03392094135181822,0.0,-0.030878443521690557,0.0019811847955716333,-0.004807716919320026,-0.009495468955182162,-0.023553169308252464,0.015251901529101664,-0.02070206352788395,0.014779992803554187,-0.009552030669297773,-0.0113755182363936,-0.012865102378964322,-0.00441571709198002,1.1102230246251565e-16,-0.00032184202608404044,-0.030784422289220403,-0.013780962784447903,-0.0544985298797358,-0.012475156062806081,0.0009240202945254294,-0.017620904644529534,-0.009693382006968732,-0.03192565637045103,-0.0053198542455150655,-0.0011914135519167646,0.0007005633590189131,-0.01364884801689581,-0.011160299047855315
-0.0016452891180668283,-0.04363174610947129,-0.12414441450081387,-0.058432199938740714,-0.05831611797725561,-0.01720765268700719,-0.02981146921825001,0.0,-0.09075966665443996,-0.0432901689291576,-0.05333123785329641,-0.012052119845977372,-0.033706796892743696,-0.05586835622435149,-0.0022861025210756947,-0.008186342927252566,-0.029464879873621674,0.024760744153554615,-0.10946098513564628,0.009861220986654817,-0.022383673377671054,-0.030445342792904062,-0.031778061836702065,0.008287272273629354,-0.006962529677660367,0.012509136467505622,-0.03450796298783526,-0.016106507385001745,-0.004164283133570479,-0.01113120618011415,-0.033633956626399175,-0.0031982796394529056,0.001983447025535434,-0.05218969930535944,-0.07293209884903612,-0.055209086160347476,0.037986020934644316,-0.09572376672912453,0.0028955434989418882,0.026097380105991552,-0.029792395766109037,-0.01851527151495791,-0.007414691609504975,-8.417706201246933e-06,0.00031162800212375386,-0.002719711957008042,-0.03332217282520189,-0.056803051560322226,0.0,-0.036375602229357706,-0.009268853081951633,-0.01832575716321183,-0.02096305959369832,-0.045544007656716734,-0.013224214046797078,-0.039505444462110184,-1.1102230246251565e-16,-0.021622603220301462,-0.0500379530842347,-0.012360933115430017,-0.0019109728787615743,0.0,1.3132339376775715e-05,-0.054363006612006826,-0.0038799173177267443,0.0114003986370797,-0.0573975592262192,-0.0006951835830413811,0.00015935036659148194,-0.021259707571637587,0.005447612951416492,-0.009786098589081194,0.005369789193851948,-0.01248257587408741,0.008074939845338525,-0.011707506815293589
-0.017473355695857506,-0.052007703675860995,-0.061515971423953986,-0.06279117996412092,-0.013198795924217355,-0.01937037319476853,-0.04270713061699871,-0.09075966665443996,0.0,-0.0345690698209426,-0.004596107756637935,-0.0429234072703199,-0.04936066943470624,-0.058359677248668196,-0.019445189445410183,-0.049795300822592925,-0.03434894550858841,-0.02598358998010908,-0.025465665969674256,-0.0338623953684169,-0.01153151820002385,-0.04143862279390015,-0.04326109571500891,-0.02188912394806891,-0.003928685729675863,-0.02335112532829353,-0.05617044140202987,-0.07450310577935026,-0.03209755715439183,-0.0680577835024131,-0.06431640247666398,-0.06072807243603706,-0.04690092070121904,-0.0679540854259918,-0.08105343049584263,-0.06622952675625837,-0.06567836073507655,-0.05801911046891328,-0.011194370323572844,-0.021624041070096023,-0.023794851937499528,-0.03492610809536756,-0.03155271934263332,-0.02450502454747311,-0.02646747644151143,0.0,-0.008106894277563115,-0.04494933933117362,-0.010114707810533807,-0.06371190167830854,-0.027484580570093065,-0.02800355046314662,-0.059238611661137586,-0.049857111019043,-0.01682409776488758,-0.04790675814138251,-0.00717629670198805,-0.03572655977257988,-0.07687661422075143,-0.0295258529157994,-0.019979965053129267,5.551115123125783e-17,0.0,-0.0559892091333094,-0.01640965544759382,0.009282253816831842,-0.020264573857964818,-0.03940319099810752,-0.0015652702251522377,-0.0004987740396252272,-0.016547597212129173,-0.03410818765739032,-0.019441992025045818,-0.015589585444478582,-0.003851548873447075,-0.03897398857041773
-0.005226695480310017,-0.008582765901597622,-0.03867576446377624,0.03830349593342447,-0.009853604218756085,-0.020712866267356467,0.005103630742907095,-0.0432901689291576,-0.0345690698209426,0.0,-0.025606822782781646,0.006570807253937827,0.0017025033458085703,0.008162221975719308,-0.028961299253276396,-0.003853696742099344,0.013504042924950443,0.0030674889530343252,-0.027577582568739045,-0.00895144120772029,-0.0027636739446819103,-0.010851151459970787,-0.03350320684841851,0.02488821335277419,-0.001288446291609291,-0.03130657446623075,-0.03404038697281053,0.008914637145681803,-0.0018230356324380192,-0.023035481698221283,0.002442378468052453,0.02192118993756409,-0.011127266416621484,0.02331857140283894,-0.017883380128810855,0.01688117363615732,0.03231522762456651,0.019384613176809395,0.04532493119306252,0.03709975873796101,0.05227011192920045,0.06061554063999436,0.02014001406370791,-0.005124284274374391,0.09183489554449042,0.02305387362713085,-0.005723591472708955,-0.014516131454310965,-1.1102230246251565e-16,1.6653345369377348e-16,-0.009570091430813554,0.03525261774889532,-0.0012958609334037252,-0.011085991323740552,0.013417341744621558,-0.028522930530292145,0.02129596086817581,-0.007821754735863051,0.0,-0.0005029247391537539,0.012706924666362474,-0.001989097870209733,0.002512429353219603,-1.3314881460113615e-05,-0.011859079329045008,0.00016824513134200414,0.00978430912447148,-0.0026964513362673914,0.027892984174267887,-0.0027619618150205305,-0.005822342933859026,-0.0004443260613687938,0.027788559766323773,0.0034252827718099232,-1.1102230246251565e-16,0.005512801391717059
-0.030313642399790286,-0.0005870822783742846,-0.04015307306405852,-0.07191191543795672,-0.01833174288457834,-0.06315505147652745,-0.03581276471604722,-0.05333123785329641,-0.004596107756637935,-0.025606822782781646,0.0,-0.030470009976205137,-0.045233337560814435,-0.03419389637148612,0.0,-1.0000921533304119e-05,-0.02789717868100894,-0.02548896484761559,-0.002312695447410973,4.596292300285132e-05,-0.054471517869835284,-0.014641146512017145,-0.04358888511106873,-0.032008697616051296,-0.029379183516254737,-0.008799223926419464,-0.07031990842379182,-0.050336656442519945,-0.0254035058824712,-0.02956940469778646,-0.04180806137300774,-0.012545976535520309,-0.0483903034672703,-0.04847418327374453,-0.06061899958889305,-0.050360633377797004,-0.0035073430524404925,-0.0492048546589125,-0.001887321245290563,-3.064998220975168e-05,-0.007168552638775194,0.0005975039805097837,-0.02711020920974927,0.0007879493305018581,-0.007794456113856207,0.0,5.551115123125783e-17,-0.004145835371115736,-8.06655793420541e-05,-0.029076432548405085,-0.01963712883255725,-0.009330886021083118,-0.05067818588746281,-0.02944528201838359,-0.010215961158166864,0.12678133332367653,-0.00855685723918781,-0.014923806325006617,-0.022926206009902972,-0.0004561090036617199,0.0,0.0,0.0,0.10564272256568019,-0.017556239051239264,0.0,-0.024810518370459833,-0.05550930868082282,0.0,0.0,-0.005218840283374049,-0.05245063243593601,-0.020184190986461348,-0.02083546562471883,0.0004223752982350226,-0.02951620770459218
-0.010144496228450428,0.008375426028288835,-0.0642216754504975,0.0006018462107061917,-0.02765915836440197,-0.03302455075202437,-0.005291635053884691,-0.012052119845977372,-0.0429234072703199,0.006570807253937827,-0.030470009976205137,0.0,-0.008830153763250359,-0.016589184169200855,0.004160746478383492,0.004896021829061237,0.010675677497088809,0.007495598079572896,-0.038474310184004434,-0.001402365951147233,-0.0327658233893216,-0.06381020592368514,-0.013810450847377753,0.00939196541698889,-0.01561553324017112,-0.029038023759340836,-0.04063566769634519,-0.00020057373733095574,-0.013307260094158002,-0.019887996251789997,0.008766835634467673,-0.022975494815219377,0.001867710451679827,0.02255931872004935,-0.056981976933011325,-0.03526019145734621,-0.00032628958091079907,0.05193521043209487,0.017078799393427158,0.043447151808612916,0.06524509412554291,0.09435982564499729,-0.0005814961786222428,-0.013876158317447623,0.07726117809662858,0.002893031666987178,-0.014867166038684099,-0.008678772341475904,0.0,0.0004075015614802835,0.013644265054040428,-0.014944539175627103,0.0,-0.01085697766047028,0.017910538522963038,-0.017629000156600738,0.03452226052918134,0.021861931378097388,0.0,-0.016185760954627704,0.0006177760596191018,-0.0034316438847787345,-0.004565740985540634,0.0,0.004657898416905615,0.00010171741060899242,0.0023939829530434387,0.022692578102464778,0.026991313727835198,-0.004520059997413561,-0.007133988238716749,0.005052871690518157,0.06741666205870234,0.0067978435054487085,0.0,0.0070857763062534
0.016249196003381372,-0.06810970722824611,-0.07284583097520436,-0.04210403092087073,-0.043283750984841385,-0.009160269566302115,-0.010034342401142538,-0.033706796892743696,-0.04936066943470624,0.0017025033458085703,-0.045233337560814435,-0.008830153763250359,0.0,-0.04057858247625484,-0.02506250026897916,-0.03675749982215404,0.0040445342208328405,-0.0210112398424534,-0.05097948133811103,-0.030350918521538595,-0.01692101290964365,-0.042651138716996606,-0.032120822013713635,-0.017923272495196152,-0.029468909571862545,-0.024405379661824267,-0.03222705743669502,-0.00023004672521870217,-0.00850838220185246,-0.009163156409410345,-0.011619730535403161,-0.019206088408540878,-0.03443368369618677,-0.022292533862916963,-0.05081924225608003,-0.0324622730474165,-0.03178123259317689,-0.03077562950293322,-0.00171508614490673,-0.05865415727327539,-0.004941040198595981,-0.01551179861578289,-0.01440898823510034,-0.007955140721291665,-0.023843394198403867,-0.00064698886238862,-0.03828643486013755,-0.025074378306438216,0.0,-0.037614391108985956,0.0029897884284235676,-0.0002979187345300005,-0.012366497817520805,-0.018939350261956145,-0.004745940690867645,-0.026316155337397895,-0.0002620879643828733,-0.006154723057245071,-0.0030549185236281584,-0.023023394190115676,-0.02918887792875563,-0.004403051542358094,-0.006479790368022875,-0.021298945839490435,-0.009225939927320181,-0.04361112711576992,-0.016033780658641583,0.0007995367727515745,0.007000531841872493,-0.0066969569544994,-0.023044912632433356,-0.003356721548869457,-0.0018095609782147193,-0.012362726525669943,0.0009081574850617891,-0.013526862139911278
-0.002132122200660669,0.0,-0.09288370383861105,-0.03527383383399613,-0.032928119767480446,-0.05285389496790305,-0.029148211877634722,-0.05586835622435149,-0.058359677248668196,0.008162221975719308,-0.03419389637148612,-0.016589184169200855,-0.04057858247625484,0.0,-0.037974575062646565,0.0,0.0,0.0,-0.07679539894156445,0.0006581042171286411,-1.71553139681202e-05,-0.011515175631282903,-0.07412135242868129,-0.04745239814920199,7.874571359733906e-05,-0.00925401854181468,-0.08730691274958058,-0.0439296276393103,-0.022731102431626793,0.00022472053159211525,-0.042862098453570585,-0.025886414724445805,0.11923125708630411,-0.031093760546869242,-0.017502524536130104,-0.02120899537985846,-0.03246005186333739,-0.03681136437875632,-0.009825736380317751,0.0,0.0019497959473848137,0.0,0.027935001608229537,0.0,0.0,0.0,0.0,-0.02951482986547571,0.0,-0.058013696859648134,-0.002083599436299266,0.0016361905900362794,-0.017467833431153046,-0.009561452225112455,0.0,-0.010268450489534509,-0.030157260370312078,-0.03659337247852973,-0.008308939721823727,-5.551115123125783e-17,0.0,0.0,0.0,-0.05430782937781903,-0.0012345920647626185,0.0,0.0,-0.019238413346317096,-0.00029348866755085634,0.0,0.0,-0.025549737664544103,-0.003880650065284985,0.009981047748214789,0.0,-5.551115123125783e-17
-0.02721256961350277,-0.020000006033190854,-0.028100063835199918,-0.011668775510084828,-0.020284359941549868,-0.004998617621071899,-0.025041990359936372,-0.0022861025210756947,-0.019445189445410183,-0.028961299253276396,0.0,0.004160746478383492,-0.02506250026897916,-0.037974575062646565,0.0,-0.012925523539897066,-0.0027274799283322215,-0.018394403842234675,0.0,-0.003644957007799099,-0.006046424017020546,-0.001411353036590568,0.008024098992691298,-0.023782542944719764,-0.015230988559110703,-0.0011105916030434981,0.010312374751674513,-0.006855866796950438,-0.020947729682700478,-0.005900077331951026,-0.030224716536069007,-0.024871135505059094,-0.031031384588160127,-0.0215282911147755,-0.04093061382992896,-0.04506438512869115,-0.01725832518804271,-0.025592502610511103,-0.014288413723545224,0.011341967153067123,-0.011436102186448804,-0.018227312361298376,-0.00462971433268089,-0.00011603788723435482,7.502712680207413e-05,-0.0006158285472883662,-0.008272028704728596,-0.025091178372173117,0.0,0.0,-0.0234784976660819,-0.035116141322883765,-0.016295736385190385,-0.03262457092680593,-0.004569660959899524,0.0,-0.0028760145511396162,-0.02406896032950695,0.0,0.004440299594501429,0.005454994414030245,0.0005363918650522215,0.0034390560111890456,0.0,-0.013687768500207087,-0.003548572925746618,-0.0021275939092075813,-0.014238997545517107,-0.03630217358267035,0.0022418447499246152,0.0019341241124225528,-0.010432601592735902,-0.0053316322350918655,-0.016350838042068716,-0.016749146310748586,-0.014585997817191387
0.0008808925842292981,-0.018544158147521306,-0.010139670677620172,0.0,-0.0032643903591910717,-0.040461452321693514,-0.03034946598786148,-0.008186342927252566,-0.049795300822592925,-0.003853696742099344,-1.0000921533304119e-05,0.004896021829061237,-0.03675749982215404,0.0,-0.012925523539897066,0.0,0.004442522324129339,-0.004133482067744054,0.0014767525038441032,-0.004331031007818953,-0.01603730016030841,0.00985597747016298,-0.016236696271289985,0.0049710254594734216,-0.012429755501575768,0.0016361283864452791,-0.027242447257263158,-0.01948193773151574,-0.012120092098018231,-0.017645878876661747,-0.011179747559368125,-0.009942334395340868,-0.001231052140787503,-0.002915363762927281,-0.036905617304643534,-0.0003878373554656034,0.021405741895644925,0.027452984230229405,0.0025591090864995336,0.015941857427572315,0.0037386840284409084,-0.004779815629636586,-0.01821263087448305,0.0,0.0,-0.011454787667750044,0.005117002572126661,0.0,0.0,0.0,-0.0029846534354384113,-0.01080179316285279,-0.039627479874433935,0.0,0.01577210100724763,0.0,-0.006929526711318301,-0.019311007028394445,0.0,-0.0037065562866826496,0.013323816635949226,0.004006954483916969,0.00876985444101136,0.0,-0.020347112957112112,-0.00995804874679912,0.00240211714504307,-0.019317769523162054,0.00839294286387815,0.005528563092169869,-0.0009534318575344369,-0.010446172397883369,-0.03597002925518644,-0.02571112507194545,0.00023284758552610807,0.007746708111634859
-0.0019261527725549232,0.010055764861387761,-0.041944756407239436,0.00010722036866250839,0.003637531969704011,-0.011011124055993304,0.008621039825600252,-0.029464879873621674,-0.03434894550858841,0.013504042924950443,-0.02789717868100894,0.010675677497088809,0.0040445342208328405,0.0,-0.0027274799283322215,0.004442522324129339,0.0,-0.01087330805135589,-0.02908079272417252,-0.014243878821909806,0.021292274074350803,-0.009672957882129851,-0.029615217607741495,0.01958916883017464,0.010944088416239894,0.0061653734168075625,-0.02822649816762185,0.024124315546795283,-0.028431587975317307,-0.028866172567377668,0.01321780940048256,0.015059693294312448,0.014246131364323733,0.031192392948786896,-0.01870958333038175,-0.008718753827935244,0.038781666715808794,0.007439867099832742,0.044050404685765154,0.055753688641818455,0.025094826349273625,0.012759860985788074,0.0,0.0,-0.006531087381525469,0.0028063323557387942,0.0031285507305260363,0.0,0.0,1.6653345369377348e-16,0.0003892896448077776,0.00011920306254326052,0.0,0.0,0.022043700485890105,-0.0002115534374828032,0.015788639010398398,-0.010392227445299496,0.0,0.0,0.0005658868344438628,0.0077256768219365335,0.02512727516353863,0.0,0.00026697749816617655,-5.551115123125783e-17,0.003147802786208298,-0.001487247442841122,0.027016030128109825,0.024090077438983504,0.019824601282753207,0.0,-0.005455799010162132,-0.013633824398752159,0.0,0.020135786969924074
-0.00042199184846519744,-0.0029644541904153,-0.016096604217230304,0.0,-0.02521033932259481,-0.02618353555677949,-0.014749304801592478,0.024760744153554615,-0.02598358998010908,0.0030674889530343252,-0.02548896484761559,0.007495598079572896,-0.0210112398424534,0.0,-0.018394403842234675,-0.004133482067744054,-0.01087330805135589,0.0,-0.02048808243271749,-0.009664296575228382,0.001408323268153766,-0.015015620737720115,-0.0021372739313465505,0.01094159182584803,-0.001162595625422258,0.003935429780514532,-0.02458661987692512,-0.012301668818409828,-0.017361982776213314,-0.009210811891247062,-0.005986870682772094,-0.0042972766888520475,0.0025233101135934133,0.007422184348980065,-0.03483930194225093,0.01839091653289726,0.0,0.017205550123941094,0.01565536007443874,0.053176405368110635,0.013740182734295003,0.005749591703872403,5.551115123125783e-17,0.0,0.003192907433914094,0.00271093242777376,0.006796999358815559,0.0,0.0,0.0,-0.002344396885526512,0.00011194397504626918,-0.024950025708719292,0.0,0.02221708845855097,0.0,0.01392649309723687,6.856793983850418e-05,0.0,0.001380166939555616,0.009293598237486211,0.02848509565417895,0.011573067663270709,0.0,-0.010004384774391306,-0.030377320145626552,0.0017714695155556792,0.01007896707545769,0.013064177005452704,0.011704518256180907,0.009128505025307043,-0.0013928054740601215,-0.007011664900096692,-0.010008484262335304,0.0,0.011572133147750574
0.0,-0.00957158873022762,-0.03290300845779545,-0.026519415667140167,-0.032624998194189125,-0.07608916692312506,-0.03726582277709872,-0.10946098513564628,-0.025465665969674256,-0.027577582568739045,-0.002312695447410973,-0.038474310184004434,-0.05097948133811103,-0.07679539894156445,0.0,0.0014767525038441032,-0.02908079272417252,-0.02048808243271749,0.0,0.0049505066272012566,0.0059423158729259296,-0.053372967518001524,-0.08665131319902122,-0.0373632866378093,-0.03414563071960225,-0.032134439987696495,-0.08098150282925964,-0.04991280828273681,-0.04512529337438981,-0.029716380800510422,-0.04987044613969288,-0.04293431879401638,-0.05487857001939189,-0.05312021500411124,-0.06957600994986407,-0.05317484327014338,-0.04505741459755047,-0.05588972797514047,-0.02633802908559868,-0.018495567025637982,-0.033458944592942186,-0.007381206915643701,-0.03127046609543149,5.551115123125783e-17,-1.6653345369377348e-16,0.0,5.551115123125783e-17,-0.010803758338427949,0.0,-0.0698910352881349,-0.029291983226028773,-0.040792979793221606,-0.06102490842571534,-0.05471667835770394,-0.0010920174684904138,0.05262370582014092,-0.0007670912138670327,-0.040501975717208205,-0.05869737050499879,0.0005422714610313628,0.0,0.0,0.0,-0.06723958605617109,-0.03280537508245568,0.0,-0.009494552978709325,-0.055041845561341673,0.0,0.0,-0.01110490451209778,-0.05641879041186504,-0.03451320115726303,-0.015320253257578298,-0.0017654935884915401,-0.038538469654891716
0.011572451910873305,-0.03822976898407915,-0.02461265415823216,-0.012778623465243055,-0.018534037223550237,-0.023531492379328445,-0.02921581054711525,0.009861220986654817,-0.0338623953684169,-0.00895144120772029,4.596292300285132e-05,-0.001402365951147233,-0.030350918521538595,0.0006581042171286411,-0.003644957007799099,-0.004331031007818953,-0.014243878821909806,-0.009664296575228382,0.0049505066272012566,0.0,-0.012209048404872691,0.008847481792636891,-0.02103527382984971,-0.02455914634020462,-0.021975724889818304,-0.006689987886875859,-0.009904655120353323,0.0019445365702631667,0.0051065732469094405,0.0039848536505887044,-0.020587110461476876,-0.03161323293603113,-0.04335964162519024,-0.02441925234997322,-0.04258247216767708,-0.025811010038658044,-0.05249078182230221,-0.01836558303573438,-0.01741384195522938,-0.03504169396165635,-0.01940724260983906,-0.03362082893169954,-0.03195938440979573,-0.0007265913298372118,0.002110338505880882,-0.023349371454299772,-0.016976062114189283,-0.008344430379132517,0.0,-0.012358788220717842,0.018448519641344252,-0.003288088626938135,-0.014533550063882905,0.013891365200521921,0.002698764524412811,-0.031031606506451648,0.007346592680406161,0.0030850216156725896,0.0,-0.020939672256538144,-0.005025136075023029,-0.005680550839729903,-0.009846815322998359,-0.01508985649020983,-0.015078812018878562,-0.0317292825486829,-0.021350792483896763,0.0011887014577333654,-0.02702681935637019,-0.006343886212071326,-0.014808236661068508,0.00010504945809619581,0.015138460706864976,0.001020655183542607,-0.0018313847147894413,-0.00830034468317925
-0.017623180713003117,-0.026303134095332803,-0.029339291224507458,-0.00043685261861003966,-0.01772238698240547,0.011446893424523541,-0.012280519911485765,-0.022383673377671054,-0.01153151820002385,-0.0027636739446819103,-0.054471517869835284,-0.0327658233893216,-0.01692101290964365,-1.71553139681202e-05,-0.006046424017020546,-0.01603730016030841,0.021292274074350803,0.001408323268153766,0.0059423158729259296,-0.012209048404872691,0.0,0.00022513555704306576,-0.0024483027218538123,-0.0016371959844768136,0.005879210063770346,-0.012477466689956196,-0.0025594856929961884,-0.0017934663102021076,-0.006722212695326468,-0.0014846970596189557,-0.03075646751270661,-0.0176504961985941,-0.03467082981005998,-0.030087622761833188,-0.05664854429730698,-0.041193993439156584,-0.020944252390279305,-0.021015244143727407,-0.018294036790394708,0.008363309714139178,-0.01593573304349255,-0.05007839206699266,0.013520481427856446,0.0,-0.03592850220449367,-0.08134358084383975,-0.011513777192422858,-0.0007524330826071957,0.0,0.00014415897694131097,-0.00978897398349965,-0.008040826679683533,-0.10258116592540611,-0.047575929297138275,5.323235353699163e-05,0.0,0.006506279923520819,-0.004083107574788525,0.0,-0.002384514000347504,-0.0030056858781986606,0.0,0.0022271252583955237,0.0,-0.012264099027767539,-0.015110922283951,-0.020181766270974788,-0.0007743465632064628,0.0019057677965851338,-0.010634191586190056,-0.0169054158435738,-0.006245780574624826,0.014112209610173176,-0.005538152229145998,0.012746536282792376,-0.017775235715837723
-0.02606713593380061,-0.017698167785264507,-0.04618989585926958,-0.0077053696108765335,-0.04718996576008855,-0.023815521731558098,-0.03790331956856546,-0.030445342792904062,-0.04143862279390015,-0.010851151459970787,-0.014641146512017145,-0.06381020592368514,-0.042651138716996606,-0.011515175631282903,-0.001411353036590568,0.00985597747016298,-0.009672957882129851,-0.015015620737720115,-0.053372967518001524,0.008847481792636891,0.00022513555704306576,0.0,-0.013487837139374792,-0.042328742287408405,-0.013991969705031582,-0.0025327202546884253,-0.013869632815861122,-0.013308489495198195,-0.006210843850619152,-0.008376078515370589,-0.010735306266136835,-0.016005464109449974,-0.027234592191362317,-0.00967588431634614,-0.032182936904167125,-0.026007207797509535,-0.019583077185000575,-0.007576923645829903,-0.0065451956507388,0.01256846057998956,-0.0075780522485219826,-0.011048321893986801,0.016311883683902018,0.0,-0.02627961281736846,-0.01022642028128784,-0.004480623503588577,-0.054496405093004796,0.0,0.0007406149794469963,-0.02777747356274729,-0.021589640716913605,-0.020251899688798536,-0.035903228551150024,-0.013754823057005372,0.0,-0.019922775016311567,-0.011050442227782786,0.0,0.005575170613602021,0.0032054925757056263,-0.0006482565359751669,0.0038967940482625973,-1.1102230246251565e-16,-0.009123255574120914,-0.003925627868873183,-0.0010600478057672391,-0.019273574659666615,-0.011751644386350235,-0.0033422978524836333,-0.00030985962448237814,-0.010672563189740303,0.003863050614171748,-0.017364544367915957,0.029923032167814223,-0.0061264299265114674
0.008889481067017035,-0.020472817971279644,-0.08013670955381788,-0.029837785395538274,-0.03200122542291095,-0.006573923839050366,-0.03056021490163785,-0.031778061836702065,-0.04326109571500891,-0.03350320684841851,-0.04358888511106873,-0.013810450847377753,-0.032120822013713635,-0.07412135242868129,0.008024098992691298,-0.016236696271289985,-0.029615217607741495,-0.0021372739313465505,-0.08665131319902122,-0.02103527382984971,-0.0024483027218538123,-0.013487837139374792,0.0,0.01464066331876146,0.010605365785094523,0.0007852325866340992,-0.012606393905988666,-0.018168673245947065,-0.012342049942323963,-0.011802085782333827,-0.027593950735523065,-0.022088280496162516,-0.0033251196574412556,-0.044182624660859704,-0.06626917739983557,-0.04007828827337706,-0.050966035981872715,-0.05890194920505898,-0.001725288216629428,-0.014909441804346835,-0.007816724789622143,-0.006207518433051118,-0.014982472225187116,0.004029629193850304,0.01696326855675695,0.00018921223664286613,-0.0059640459783747435,0.0019362303423111626,4.488396630381031e-05,-0.03129978741092565,0.005568659627812167,0.0018846945426739259,-0.004735585906526563,-0.028991821445306654,-0.018457375376701557,-0.014931805758905126,-0.021194508066014195,-0.0018158337955666015,-0.009685219837831827,-0.01386439151111224,0.01045161235902542,-0.013411198807954938,-0.0033553132848859746,-0.011106051234625602,-0.0008211697172751942,-0.01097394594604889,-0.016118733072811198,0.01905774902608437,-0.007906678387997024,0.015455252483695059,-0.015505525933866005,0.004925357101823513,0.008620350374619279,0.003603554999530134,0.014499256111919046,-0.00858055523037371
-0.01726426968022643,0.009503468079332,-0.0331133661323067,0.003367556344992917,-0.03537804693164348,0.044643898085744926,0.01671189051993549,0.008287272273629354,-0.02188912394806891,0.02488821335277419,-0.032008697616051296,0.00939196541698889,-0.017923272495196152,-0.04745239814920199,-0.023782542944719764,0.0049710254594734216,0.01958916883017464,0.01094159182584803,-0.0373632866378093,-0.02455914634020462,-0.0016371959844768136,-0.042328742287408405,0.01464066331876146,0.0,-0.0023883965997608114,-0.009002933212029607,0.0014328163822815432,-0.020088327967546837,0.02325329415489985,-0.0378483143657814,-0.0003646164979517752,-0.02464200671706729,0.0006126247004140106,0.02510095107823823,-0.019111334603592323,-0.0352106971919946,0.012554710722927964,0.010993849096947728,0.0658912371885631,0.07089089998178438,0.03901417833897247,0.08533939013175473,-0.042364191854718125,-0.0024192042223105115,0.04930407825916466,-0.03598591653030042,-0.01287867831892836,-9.627754424762491e-05,0.0,0.0,-0.017257360984177628,0.0015789770852374096,-0.0003508700818646293,-0.0024248301430090935,0.02616768933645014,0.00043644501065870367,0.02050144064585735,0.04914594573889336,0.0,0.01851603275393726,-0.007028213255263649,-0.010118204841048972,-0.009441130523472174,0.0,-0.004009174847811714,-0.09086295630785834,-0.008453718585030134,-0.04146709740103888,-0.0109350681340874,-0.001898400636900277,-0.0066938771161090815,-0.006974951376198413,-0.034329018114509724,0.00362733691802819,0.0,-0.008132752957088818
0.003709311662736414,-0.014304195358378513,-0.029910857192533946,0.0,0.013599128761808688,-0.033211931575538034,-0.027677515182630286,-0.006962529677660367,-0.003928685729675863,-0.001288446291609291,-0.029379183516254737,-0.01561553324017112,-0.029468909571862545,7.874571359733906e-05,-0.015230988559110703,-0.012429755501575768,0.010944088416239894,-0.001162595625422258,-0.03414563071960225,-0.021975724889818304,0.005879210063770346,-0.013991969705031582,0.010605365785094523,-0.0023883965997608114,0.0,-0.014158668948221709,-0.021109875657107313,-0.015729769447883235,-0.030946866475402457,-0.009998023110651455,0.0010486248773658446,-0.007920386121645584,-0.0025035504379523066,0.006456645671442385,-0.03662768014255252,-0.0019472073947970348,0.0007475322721647304,-0.01567223442631427,0.004059752746170542,0.050324763190110644,0.010861405017056569,-0.00011632958545632066,0.0008853442801830536,0.0,0.018319629835260143,-0.012976738619318862,0.0006254330635399596,0.0,0.0,0.0,0.013761569442143795,0.0045265107993091025,-0.025239656368345187,9.498068586916153e-05,0.02743084551011743,0.0,0.01464466332672476,-0.0013427087009415528,0.0,0.002414283302937359,0.004652601113849464,0.01298715207549378,0.008713038382509974,0.0,-0.0009065362410576872,-0.009169934458928664,0.006874827333854361,0.006165913691397018,0.01801815900517828,0.00865841100128395,0.0055854879563936866,-0.007847737285940903,0.005869705086606336,-0.006366851050425226,0.0,0.007427504789551065
-0.0046578504451531,-0.01937226047635765,-0.03328040045696179,-0.0015522225337575857,-0.005944963920169022,-0.009183805680138046,-0.022162120405276264,0.012509136467505622,-0.02335112532829353,-0.03130657446623075,-0.008799223926419464,-0.029038023759340836,-0.024405379661824267,-0.00925401854181468,-0.0011105916030434981,0.0016361283864452791,0.0061653734168075625,0.003935429780514532,-0.032134439987696495,-0.006689987886875859,-0.012477466689956196,-0.0025327202546884253,0.0007852325866340992,-0.009002933212029607,-0.014158668948221709,0.0,-0.0027118533658842536,-0.013267089620678962,-0.02400727242130002,-0.007845798519789726,-0.005543671489608493,-0.006864650267979777,-0.005524776340224913,-0.004254596547276168,-0.037722807757411325,0.012541203261326739,-0.002813032472796906,-0.027460698141802853,-0.004600621901426183,0.028982662750092314,-0.006240028740796821,-0.015499121562780549,-0.04134116944328864,0.0,-0.00040981964072650534,-0.02499494067714919,-0.006642082830463358,0.004370525280619542,0.0,-0.0003187814184519855,-0.022475485394317873,-0.02703021393368593,-0.020413932172231863,-0.03256633642685197,0.013986478034795302,9.755104157749273e-05,0.0016117671887482254,-0.014450644438024685,0.0,0.003892500299217283,0.0036205057752672354,0.010041503750413405,0.004708755329326353,-5.551115123125783e-17,-0.008638011343894969,-0.015227395070576466,-0.003954324916234597,-0.016893568515441215,0.009727390049758755,0.00365019836720476,-0.008413104133731808,-0.008514511373537093,-0.007083837923606673,-0.01948934237100275,0.00010436939276542434,-0.0037038632608701327
