0.0,-0.013510776268245983,-0.004237417867557158,0.0,-0.00046974413397909975,-0.009111903887089878,-0.03602166691499287,-0.030537027127658045,-0.011486663452028145,-0.007601657383628613,0.0011076647264275374,-0.0175241361286132,-0.022674828497064314,-0.02142134830368536,-0.023435301133517217,-0.009955740666186319,-0.016279090090420112,-0.018318697210239876,0.0,-0.004347862957248372,-0.036658541131700306,-0.02249313763794425,-0.030488624576823387,-0.01750276806827128,-0.007434910834412722,-0.024960077795890268,-0.006131961173595379,-0.0023805564314812178,-0.0041555032629453925,0.006522103812369007,-0.001046919052418993,0.0030841950385221972,0.017126750903035837,0.008169133096808445,-0.04058567249610129,-0.02284174098493741,0.0,-0.01136294696211132,0.00939824218848867,-0.004062769804850319,-0.009520301709433077,-0.006506038175997708,0.0,0.0,-0.008130346314590031,-0.0013596298768340231,-0.011329033578952485,0.0,0.0,0.0,-0.017771729438526285,0.0,-0.01428590373688321,0.0,-0.01088002410668032,0.0,-0.03331541708981339,-0.01150019186294593,0.0,0.01646849127213168,-0.0015002790959385282,-0.017650845027359308,0.009830675871994654,0.0,-0.02075680116939027,-0.0557150775724527,-0.015227660994958148,-0.01304423198387028,-0.07017914258851277,0.014840173184604788,-0.02027026823204947,-0.020142464766307266,0.000993196482435399,-0.007265431263762612,0.0,-0.015236565203559704
-0.013510776268245983,0.0,-0.027184356553169975,0.0,0.004717733547828951,-0.007778657425862756,-0.002784912815218199,-0.017514377928660396,-0.023069022842396092,-0.02408771709016938,-0.0017207819146214387,-0.011286363444118541,-0.0027034808460740245,0.0,0.0022178102050102733,-0.02398112685913628,-0.03422463485772392,-0.03472057787005989,-0.022502833686231183,-0.021390710301618987,-0.03070039646276601,-0.01981842901259273,0.008832665563181685,-0.01648923998454982,-0.03211807319218135,-0.03021540176238169,-0.00729695017952553,-0.002755283800871422,-0.004678215720879175,0.015072018727109504,-0.024765725014298023,-0.013741882303083208,-0.020607067372252652,-0.027800712432429264,-0.04953107182657629,0.018016994037704126,0.002533801266886182,-0.020667681209738442,-7.126054307132756e-05,-0.02166810769492644,-0.027196545630018443,-0.02640159119503155,0.01935424554256787,0.0,-0.0001410336478883667,0.0026010475187066007,-0.014314642833310354,-0.009262512110692234,0.0,-5.551115123125783e-17,-0.019883273705292748,-0.028877865253937485,-0.020576009773304704,-0.01474569468824627,-0.0030500597333495416,0.0,-0.015204284442004223,-0.03622572941710828,0.0,0.005809376534274602,-0.03003738536968875,-0.0038526225505003953,-0.007620497130137238,0.0,-0.006251707459941913,0.013479915876758286,-0.03446066517518909,0.008179132203320671,-0.0008817217041877656,0.0019354204028931843,-0.01013608790939291,-0.0025841490146737978,0.010489693689637591,-0.012832931514844714,0.01615367560503972,-0.03391193756179389
-0.004237417867557158,-0.027184356553169975,0.0,0.004004039032448503,-0.015546970415893924,-0.0039586823781812,-0.013660466009063676,0.0037886708385692636,-0.021109586861823904,-0.011374839727004649,-0.021699754352080658,-0.027028571169484983,-0.018070496667981994,0.032369046493001485,-0.008609660497767901,0.002213293029415364,-0.01609743458433288,-0.014175148666968784,-0.0017324522708975776,-0.017744673062794925,0.012840990824913467,-0.010835919862652976,0.013889202597248351,-0.019904045854049535,-0.05101550757293016,-0.0011530790569158622,0.008071840572033584,-0.018817680432084594,-0.009380280928474094,-0.02773612157434502,-0.02460104510994987,-0.002426455407222361,-0.009357136763758322,-0.011966864865474103,-0.03478111991735783,0.013149808438853383,-0.016996229401207652,-0.013281687976057943,-0.005498104423175887,-0.020175413155228472,-0.0033103777040204285,0.013406536498887456,0.016629742081130883,-0.0024706981824266783,-0.0003670785679548705,0.0,0.001554661735067242,-0.024189512866979512,0.0006117750322949811,0.028684256249689732,-0.007852360915120538,-0.0027278647731040495,-0.03271994914581966,-0.05267332589686646,-0.014071147540409945,-0.005174903656358698,-0.015853080732528557,-0.009914267750795958,0.02258025413325393,-0.00941851701759533,-0.0010727963516225514,0.0,0.0,-0.13145363049947267,-0.02881881837627942,-0.0011639668583386942,-0.0006574627314593906,-0.007039586729968184,0.0,0.0,-0.0027674478921349555,0.0015704518014617586,-0.011857697202349637,-0.013122622550834462,-0.014011864954164066,-0.0065028057553664365
0.0,0.0,0.004004039032448503,0.0,-0.013691622556583849,-0.009254497921123706,0.022583575534081857,-0.04419913415915855,-0.0037926296877981436,0.07419454787283042,0.0007605885137517698,-0.06803124529341614,-0.011370614075708607,-0.07004817053371609,-3.4966937964564515e-05,0.0,0.000533876129490185,0.0,0.022970554962110035,-0.01019612933961156,-0.00012718297397429357,0.007173290350666384,-0.010038370055093004,-0.007743784508523532,0.0,-0.004535381527587923,-0.006256313771496769,0.004080917430010211,-0.013197394698121645,-0.0004337986377604408,-0.030862522251497826,0.02610280955402,0.028096609499144387,-0.07957117853378937,-0.015622987503875585,-0.03789060428165042,-0.03414411848754212,-0.020674104769788815,-0.002079376192381799,0.0,0.0016880551520236375,0.0,-0.00038433529950826495,0.0,0.0,0.0,0.0,-0.0001209292829897346,0.0,0.0,-0.00011926417138691248,0.0,0.0,0.0002831110228369016,0.0,0.00028983422155676175,0.0,-0.00021312606771084486,0.0,0.0,0.0,0.0,0.0,0.0,0.0,0.0,0.0,-0.027255310941956934,0.0,0.0,0.0,-0.003861001950027476,0.0002774983125613528,0.0010914360536956047,0.0,0.0
-0.00046974413397909975,0.004717733547828951,-0.015546970415893924,-0.013691622556583849,0.0,0.003937881990937919,-0.008343173279308336,-0.005832220244305575,-0.013428906249531747,-0.027769309969623734,-0.023521247740618423,-0.036081274133268504,-0.0070398748779695874,-0.01088152736270176,0.003923086358903927,-0.020807617614288898,-0.017493863639894858,-0.059416667345282115,-0.014719841104771703,-0.02543749137172685,-0.021928906998170405,-0.008236133540906687,-0.014130947848653153,-0.048285629055147106,-0.03611658912718574,-0.03793007919054192,-0.006341112657381798,-0.005752082811526282,0.011397683093058497,0.0009057174609233276,-0.032481099438663175,-0.0008551535765323748,-0.04729818829696253,-0.007426098059548358,-0.034040046624959686,-0.006544106673580574,-0.030147253854481082,-0.021508535842288512,-0.06202518747737651,-0.05467859114623452,-0.0035864613094915843,-0.028815240604218584,-0.008617508056143752,0.0002976680278671262,-0.01153957125127375,0.0,-0.01953865215029854,0.002060459527506775,0.0,-0.021984812759292427,-0.016269205656238905,-0.021588895764851457,-0.03848471667232445,-0.015761383945465224,0.00028958329920442116,0.006925888765320409,-0.028343078881998995,-0.014271774599318388,0.01788403215205392,0.004185012330701732,-0.0011219257620583845,0.0,0.0,-0.02165370407766798,-0.03758127903035591,0.0,-0.018710751500420397,-0.00719144993312737,0.0,-0.0002821533024898737,-0.006637281384049898,-0.0027345825937546975,-0.01553456359468719,-0.0151259716199999,-0.00759781683157934,-0.014682170414232476
-0.009111903887089878,-0.007778657425862756,-0.0039586823781812,-0.009254497921123706,0.003937881990937919,0.0,-0.016831977100733808,0.009138086225057351,-0.017368939295080932,-0.0035014119790013343,0.009274104456450272,-0.034197150569365786,-0.025294858659863917,0.0441881916660421,0.0021971398724676128,-0.010209745430600603,-0.015740143957571506,-0.03516206466992705,-0.030913613772829474,-0.011010718547296627,0.0023578407615777452,-0.008263628523368927,-0.005744145323980099,-0.03766569166019801,-0.02239205363339042,-0.007944644414299595,-0.011411315357216678,0.00043412348023480485,0.00721658942201453,-0.008396912183093352,-0.007031992781048435,0.005993819869512418,-0.007288844464226063,-0.0005335353582573421,-0.01119768442052338,-0.01512982893529169,-0.016729844446093378,0.0046451446171092425,0.00584979530429014,-0.008078955067991833,0.013582391553166095,0.02145458456267646,0.014601129027346116,0.020719846515994345,-0.005181370552565401,-0.0019373495137924857,0.005347648792368209,0.010403551160192426,0.0,0.0008702489554854864,0.0032951607376787706,0.0035503027535025433,-0.014858612406245031,0.0009695102725149063,0.006830849344245271,0.01686512046620159,-0.022172031780138712,0.0028208312176217776,0.019298960343854532,0.007205687791631887,-0.0001719003686862508,5.551115123125783e-17,-0.022498273802906976,-0.0039400831690434845,-0.010569292377744066,0.011067655243839514,-0.010052757716770666,0.006282941388215835,0.0,0.0005850597059143814,0.012735735255575586,0.01279922509971887,0.0014181927494723023,0.0009765926822727922,0.02205579439193317,0.009000406056750343
-0.03602166691499287,-0.002784912815218199,-0.013660466009063676,0.022583575534081857,-0.008343173279308336,-0.016831977100733808,0.0,-0.03274667044995955,-0.0019574010801212127,-0.028880806586572827,-0.007823238826898782,-0.02129708688136278,-0.019760868559884293,-0.008265682780885408,-0.012282881815947,-0.026388908542049616,-0.0307935118815979,-0.04255088820184871,-0.014456484719365337,-0.0440813146105305,-0.02754237444574925,-0.016172585564324715,-0.024777951504418416,-0.037005378551299484,-0.018037225310476968,-0.042013999638566724,-0.01313498784221273,-0.03502219663028017,-0.003418606849860173,-0.0270349921720085,-0.06429847002317918,-0.02032791550964469,-0.0334951641680889,-0.025831884997027987,-0.03607289418677745,-0.01102087949999625,-0.023442907349660536,-0.02228011324329382,-0.04026770594590773,-0.04358311773091217,0.009082151755648638,0.021111160526519845,-0.027435056894765053,0.0019098124136691652,-0.018106258396547836,-0.00019288839285452886,-0.01638910282566214,-0.0203572241808343,0.0,-0.011366033892447391,-0.02180545267961498,-0.023540754141552767,-0.05013007606106901,-0.032482077367433804,0.002459056622671818,-0.01986139273919263,-0.05826512446078763,-0.016475449667073705,0.00935502281649575,-0.017936698995695777,-0.02695793654992129,1.1102230246251565e-16,-0.0010571954795508542,-0.04359379297912924,-0.009057928073637034,0.011914018897873524,-0.02654609696142929,-0.015949006246686714,-0.02322334031887696,-0.021676643045689115,-0.02091655050862201,-0.009057247802787383,-0.009811846521178391,-0.012638981096150914,0.0039886844526665355,-0.007047190902336631
-0.030537027127658045,-0.017514377928660396,0.0037886708385692636,-0.04419913415915855,-0.005832220244305575,0.009138086225057351,-0.03274667044995955,0.0,-0.00916436032412471,-0.01757113308109015,0.04903582386430494,-0.020984961727411044,-0.029609436568078518,0.014812861400380017,-0.017429197354678128,-0.027716003158207658,-0.031305667492959544,-0.017696731633341845,0.020843521894943928,0.0011558113736487297,-0.01738105260443218,-0.0018344866855971587,-0.014733592177349986,-0.024696872019950356,-0.01469697906730294,-0.013622455330362049,0.010956224720694074,-0.02228038164463103,-0.005811398347947805,-0.016445714250498178,-0.027467758446590385,-0.05465525144312372,-0.08207867091321785,-0.023936032670928975,-0.04098009050074031,-0.024028813410615857,-0.10677269591515715,0.007840063253666651,-0.05669881322649739,0.031164022324724427,-0.028724345247940986,0.034261241506022055,-0.05311351880380005,-2.7650711289795016e-05,0.0004355999234416097,0.0008644511432500668,-0.008275048925609263,0.003660720935846129,0.0,-0.018393612984008267,-0.03151256530509372,-0.03890933135850572,-0.0880635982858255,-0.023303379539983182,-0.01006881196484416,-0.013238495652287852,-1.1102230246251565e-16,-0.02241871875326562,-0.009811623187328311,0.005270066040722665,-0.0052558258579523676,0.0,1.0531228947008309e-05,-0.03569746589834644,-0.006511470661539287,-0.024981974626861858,0.02670046428149886,-0.02847126369005043,0.0018427061782839704,-0.006563396947351252,0.002162460889318374,-0.003558912868889208,-0.019404552719579526,-0.030180946712421608,-0.021096447602743318,-0.02166221588156303
-0.011486663452028145,-0.023069022842396092,-0.021109586861823904,-0.0037926296877981436,-0.013428906249531747,-0.017368939295080932,-0.0019574010801212127,-0.00916436032412471,0.0,-0.01693251590825723,-0.01565788059223755,-0.010113763547863974,-0.0014375603639507628,0.009449157983101919,0.0049016117834899675,-0.019770645693116706,-0.033984165293737434,-0.031047761738509372,-0.0167112828921539,-0.030128101276987895,0.011255025634617832,-0.023871312082899665,-0.012583804848100566,-0.0178835176180715,-0.05277944200942758,-0.04132958029150974,-0.008851762193643309,-0.020423012735930113,-0.01206996494704754,-0.022795266175566986,-0.027697052833513813,-0.014590884404302173,-0.03482113053804958,-0.014914430679839219,-0.031772068377448004,-0.009873819263955808,-0.02992996146277438,-0.010834621319717963,-0.017846745404069664,-0.03356849067023432,-0.020688724424781424,-0.0004538562996249107,0.00010010695698059457,-0.02737534976336725,-0.011935196930941472,0.0,-0.01921119206479488,0.02027508260050337,-0.013024344302678181,-0.0030461582432206313,-0.009006756957141038,-0.002766281364781409,-0.02940623565265099,-0.007385883840942964,-0.04507565814696207,0.013616306558753122,-0.026917256544401025,-0.013173457756048612,-0.006880617700274816,-0.0005293803878425596,-0.007379181626793796,5.551115123125783e-17,0.0,-0.014098526719311999,-0.02032286109689141,0.011579297896545382,-0.01725387770856618,-0.006767329889308615,-0.0023224377131337293,-0.001586807786852662,-0.0014296117159710575,-0.000842587817789564,-0.012368604238257697,-0.006683012588829862,0.0064021688913911134,-0.0024174133537332443
-0.007601657383628613,-0.02408771709016938,-0.011374839727004649,0.07419454787283042,-0.027769309969623734,-0.0035014119790013343,-0.028880806586572827,-0.01757113308109015,-0.01693251590825723,0.0,-0.0032654596745496645,0.002165660507986167,-0.019941012365362887,0.0052547512489514725,0.000998189137985106,-0.023665000772029765,-0.044689970516516686,-0.030162780821765267,-0.015143632288897535,-0.03265017155396094,-0.02784832800391096,-0.026494991332352558,-0.023446019943438756,-0.017353132013737727,-0.010211720634748067,-0.03862078818306253,-0.011105339362344924,-0.02872771089346393,-0.015727795816957935,-0.02679660344245688,-0.036705198771939784,-0.03256235027133353,-0.03473707663166037,-0.003600617519576632,-0.04125914869704156,-0.03517634863045438,-0.013900999127149705,-0.017584467511327972,-0.047924357747306634,-0.07254094052766225,-0.08084524276827026,-0.11344552194183066,0.1193304791922955,-0.020632421123810474,-0.04610258295544889,0.009402511481018061,0.004831860784917152,-0.009062197567825891,-1.1102230246251565e-16,1.6653345369377348e-16,-0.004040868289591382,-0.029683104150583173,-0.0017190144171255195,0.010627304684972083,-0.015183293342336757,-0.014620978355539938,-0.016762387900240594,0.013496946192938508,0.0,0.00020916083146998998,-0.02192312940207225,-0.03972604011728986,-0.033619381377300916,-4.373708636362661e-05,-0.011383671915207283,0.0005526562036514693,0.012899595023722898,-0.011408547256713253,-0.025028007549097897,-0.016525649257772224,-0.012924764259104937,-0.0018287846609310598,-0.02760345571195777,-0.004261358055482334,-1.1102230246251565e-16,-0.01820450270263979
0.0011076647264275374,-0.0017207819146214387,-0.021699754352080658,0.0007605885137517698,-0.023521247740618423,0.009274104456450272,-0.007823238826898782,0.04903582386430494,-0.01565788059223755,-0.0032654596745496645,0.0,-0.017775948614470904,-0.012158416536424799,0.04968033778450842,0.0,-3.285130026392524e-05,-0.018965275208942867,-0.015476064196358053,-0.018654829283659746,0.00015098026512194718,-0.010562310792850582,0.00011830720675276574,-0.0329571565906468,-0.021973004281399755,-0.017297859275846927,-0.025029777585617308,-0.010364318405129747,-0.015828315494859246,-0.012265120897053339,-0.017335226138824877,-0.021777919160913595,0.02707068311991695,-0.023551569690267782,-0.006223385291207972,-0.020440017420038703,0.05553166360135847,0.006583920977056401,-0.0014922648772832114,0.015594073796572072,0.027436538718596748,0.042556102330147005,-0.003474029901100406,0.0337607854803505,0.002588277486495316,-0.010260469916198556,0.0,5.551115123125783e-17,0.04783650208398671,-0.0002649724986922841,0.05707684176477712,0.012746770194368984,-0.0018642652951723626,0.0022033744926688303,0.022025505094464326,-0.023178807385162925,0.09743031018345683,-0.01608082411033318,0.012767341931114728,0.05040479955510363,-0.0014982393154817641,0.0,0.0,0.0,0.06598118211173964,-0.0155802164346997,0.0,-0.011307952859839154,0.019471464429237972,0.0,0.0,-0.006926017967752607,0.020375164838979054,0.009413347026331897,0.020733432512623495,-0.0006818884169375039,0.003446807748575087
-0.0175241361286132,-0.011286363444118541,-0.027028571169484983,-0.06803124529341614,-0.036081274133268504,-0.034197150569365786,-0.02129708688136278,-0.020984961727411044,-0.010113763547863974,0.002165660507986167,-0.017775948614470904,0.0,-0.018383113684583063,-0.05910145737875505,0.01083703717519452,0.002390741204888691,-0.027425552060643066,-0.011272928880044886,-0.026553951516021024,0.01953073557895424,-0.025530939429252886,-0.05750510885541954,0.003246493189655697,-0.009406070982258263,0.0108389507473588,-0.006382890701132404,-0.013098121157046116,-0.011078364692233444,-0.01399614482644318,-0.0019225207278242284,-0.015282807851801139,-0.016443640674071114,-0.056315529071741754,-0.043230811837544736,-0.0438416840037123,0.00971523132605906,-0.0361926280335747,-0.02010571413047052,-0.023411846872176734,-0.05407968456395251,-0.03936933724357139,-0.02572951726000039,0.020145784769793063,-0.0013418538827910387,0.006822566567601607,-0.01356096752746222,-0.0013981018887003205,-0.014017829936531223,0.0,0.000435511188191684,0.008684083404838505,-0.005960413317492419,0.0,-0.007387732558011562,-0.014345123496497747,-0.012207474863628609,-0.021393992770211978,-0.029186836795323245,0.0,-0.016325643172404314,-0.009520831029109444,-0.039811500366062624,-0.032857291130854616,0.0,-0.006788180961130763,0.0003341241291439645,-0.015082421479244046,0.035159862454546775,-0.03487119286431711,-0.010034499432725164,-0.020871480775344176,-0.013413154185177245,-0.04270783252004584,-0.021593550462633726,0.0,-0.021373372857176942
-0.022674828497064314,-0.0027034808460740245,-0.018070496667981994,-0.011370614075708607,-0.0070398748779695874,-0.025294858659863917,-0.019760868559884293,-0.029609436568078518,-0.0014375603639507628,-0.019941012365362887,-0.012158416536424799,-0.018383113684583063,0.0,0.0021210266631752073,-0.010741273972174448,-0.024261473339938167,-0.045483537376043826,-0.04463466292793,-0.01874352288801956,-0.03584267897351123,-0.01595207949177635,-0.02177639921087876,-0.019842895468191457,-0.015690508212538812,-0.01793807694423477,-0.03471248490918305,-0.014962425191939632,-0.029752059339564874,-0.014298696422591184,-0.025036178603389303,-0.03695254123154035,-0.014661104611269793,-0.02182627213410504,-0.016017722921971844,-0.03138327714454642,-0.015356429584470366,-0.016592060149213383,4.024611974406955e-05,-0.0068261352688785415,-0.036470147529317376,0.00036417905396057826,-0.014190330056476186,-0.0319176514027692,-0.005925894627754558,0.05753637551040247,-0.0019329675769162447,-0.010937271434172058,-0.01825810065682798,0.0,-0.002068719592828727,-0.021645527748217708,-0.015070330453249015,-0.04003043838548048,-0.025967965826112493,0.0027294030933011637,-0.03162906721116426,-0.016942158333733748,-0.013111846493393253,0.026513185404778705,-0.012073791408273415,-0.03696134616630581,-0.0061192525572435486,-0.013744780663371148,-0.031187055007783182,-0.017159237763364088,-0.0016862669451283563,-0.020801385759549373,-0.012799940819917976,0.021620519177976694,-0.024950969988101868,-0.017127794367810478,-0.004804128844769773,-0.014168387145086614,-0.013046332191720578,0.0016627684076926386,-0.001793986514822432
-0.02142134830368536,0.0,0.032369046493001485,-0.07004817053371609,-0.01088152736270176,0.0441881916660421,-0.008265682780885408,0.014812861400380017,0.009449157983101919,0.0052547512489514725,0.04968033778450842,-0.05910145737875505,0.0021210266631752073,0.0,-0.011774977873310055,0.0,0.0,0.0,0.047676308391773614,0.031148381005638104,-0.022694004475039498,-0.015233097127637318,0.007748400191055493,-0.08891880350768044,0.00025866607124630514,-0.022613838905132966,0.03542923131022635,-0.026278676985024063,0.03391115122148369,7.407416457133609e-05,-0.004871448421257196,0.09201497790594815,0.07229896256943069,-0.06902346150194472,-0.05284708660999471,-0.019521945305915334,-0.017195484864435506,-0.03480957227832576,-0.030533814888308697,0.0,0.00249219841616366,0.0,0.008267279090472757,0.0,0.0,0.0,0.0,0.0388903273900601,0.0,-0.015872959257332397,-0.004304809516366359,-0.021584599714361052,-0.02091915488946372,-0.007709048648257388,0.0,0.030141913613124793,0.0008332916036946081,-0.06313229234810752,0.005830509362600711,-5.551115123125783e-17,0.0,0.0,0.0,-0.009859966091128047,-0.0007212289547532391,0.0,0.0,0.02301515870052495,-0.0009640595928668838,0.0,0.0,-0.019009869816276614,-0.007920720439971829,0.00023520389536862973,0.0,-5.551115123125783e-17
-0.023435301133517217,0.0022178102050102733,-0.008609660497767901,-3.4966937964564515e-05,0.003923086358903927,0.0021971398724676128,-0.012282881815947,-0.017429197354678128,0.0049016117834899675,0.000998189137985106,0.0,0.01083703717519452,-0.010741273972174448,-0.011774977873310055,0.0,-0.0007766559117671767,0.02375821432930647,0.0014640117972459787,0.0,-0.006274676466140494,-0.019707589146848503,0.0025659009271220556,-0.024350754098331706,-0.027908409473889007,0.012617101713016776,-0.011249423164332306,-0.03375212150597384,-0.01843536589458905,-0.008711321007755679,-0.012012490141764365,0.01930284139934918,0.023911141022616933,0.024826278506953403,0.01790045838970089,0.015063143241631383,0.03834302730066819,0.05024074746068091,-0.02964549268249339,0.02807795054695661,-0.002789486965851351,0.018306954158718636,0.02628401630307231,-0.040911499697436626,-0.0010182536606085923,-0.009054878650126108,0.011688510068967206,0.0072578622348768995,-0.0261734242685997,0.0,0.0,0.012300404895199402,-0.002422749336456309,0.003525310786676672,-0.01374643785231533,0.00021914690204943854,0.0,0.03153914703488547,-0.00025351187073091586,0.0,0.010653773895664798,-0.016962370865987064,0.0002685846887926502,-0.002456424041712313,0.0,0.018165728705441975,0.00338930279322458,0.011630803364685915,0.019532490765675536,-0.007501219004335147,0.004370522921546993,0.006336632436833911,0.01916423330152839,0.015316097373446025,0.0018216546554619684,-0.01534252774441669,0.02407185421785707
-0.009955740666186319,-0.02398112685913628,0.002213293029415364,0.0,-0.020807617614288898,-0.010209745430600603,-0.026388908542049616,-0.027716003158207658,-0.019770645693116706,-0.023665000772029765,-3.285130026392524e-05,0.002390741204888691,-0.024261473339938167,0.0,-0.0007766559117671767,0.0,-0.028311606825416058,-0.02992010177826271,0.001155738091838554,-0.023756308977507357,-0.024052217928023423,-0.01780955837294773,0.00012691462457725677,-0.008352333041961202,-0.00765595877664299,-0.03457236600059577,-0.013589470842710893,-0.019756593856977755,-0.023628103560154656,-0.01150309898221541,-0.018983178955620905,-0.011285032458521693,-0.024863594173376635,-0.023912958035683718,-0.04506890447727885,-0.011042837535482242,-0.05321165488800916,-0.01319240701922314,-0.011906882687245768,-0.02805231456136703,-0.04521117333962249,-0.007807295292601268,-0.008856822165250133,0.0,0.0,0.008894802936386004,-0.021153632044337567,0.0,0.0,0.0,0.009190901769953741,-0.019897373344912317,0.002918374235028942,0.0,0.018386631052452584,0.0,0.0023426282481197602,-0.01340036864706351,0.0,0.0008196164366198744,-0.03252593605630788,-0.006199109180579088,-0.011626506177405849,0.0,0.004080244032050928,-0.006300237612582749,-0.048733294586496056,0.00102090003298827,-0.02038731030385954,-0.002376351344645089,-0.013759618199644164,0.013498500977697891,-0.015887584313247105,0.006237351970388494,0.00020545532641924602,-0.04271486928722246
-0.016279090090420112,-0.03422463485772392,-0.01609743458433288,0.000533876129490185,-0.017493863639894858,-0.015740143957571506,-0.0307935118815979,-0.031305667492959544,-0.033984165293737434,-0.044689970516516686,-0.018965275208942867,-0.027425552060643066,-0.045483537376043826,0.0,0.02375821432930647,-0.028311606825416058,0.0,-0.0020021295878646095,-0.015468880807954555,-0.025920278621321624,-0.004182461462227005,-0.0070349671294957505,0.00128940437285191,-0.04041878963306761,-0.023760459342005325,-0.023810529914634837,-0.010616297728577029,-0.04780242647941135,-0.02371160311092857,-0.011819971615281755,-0.04254356882033983,-0.012785926262576686,-0.024518674912204497,-0.03887908149853925,-0.04964789804097819,-0.0922086375974463,-0.012502489297370023,-0.02873886470230458,0.0010997050581278978,-0.0714392858945847,-0.050482772616110005,-0.024268931983390807,0.0,0.0,-0.008549735261402402,-0.01869045666055197,-0.002911027282977763,0.0,0.0,1.6653345369377348e-16,6.513796046792031e-05,0.00039156147630137195,0.0,0.0,-0.021168774883970343,-0.0006949165107841271,-0.02317186127339499,-0.009021162206361233,0.0,0.0,-0.019677419385114026,-0.041391042428672975,-0.031850456443398456,0.0,0.00043645469177233664,-5.551115123125783e-17,-0.010098468795167959,-0.003117376443381503,-0.028292154532371605,-0.018276319417713904,-0.02762147657590225,0.0,-0.010936257023995977,-0.013881428991069977,0.0,-0.02019701463191409
-0.018318697210239876,-0.03472057787005989,-0.014175148666968784,0.0,-0.059416667345282115,-0.03516206466992705,-0.04255088820184871,-0.017696731633341845,-0.031047761738509372,-0.030162780821765267,-0.015476064196358053,-0.011272928880044886,-0.04463466292793,0.0,0.0014640117972459787,-0.02992010177826271,-0.0020021295878646095,0.0,-0.012549360972986146,-0.028959177519342294,-0.005088716166927021,-0.013569466088503734,-0.00795190867169454,-0.02752818205070723,-0.021478748311760276,-0.03706554265711154,-0.02714422251764348,-0.03668307192745529,-0.031045134245070882,-0.011688858354408638,-0.026972444532825823,-0.017011008343456924,-0.02350483933991321,-0.022371685121875096,-0.04238349212935649,-0.002241136823498635,0.0,-0.007410321573587231,-0.01862837062990874,-0.04319490579663704,-0.0154587753586517,-0.022511418385911086,5.551115123125783e-17,0.0,-0.03288730543245799,-0.009767777615864837,-0.017615136022263278,0.0,0.0,0.0,-0.0372060673258483,0.0003677166273834964,-0.018998250434395625,0.0,-0.00457905352937743,0.0,-0.006939548210060098,-0.038788771689877044,0.0,0.0008922317027199034,-0.023380176746687742,-0.024272285041910813,-0.013729740566403581,0.0,-0.007643506832897606,-0.024496861681142568,-0.006498789407740735,-0.02722198977980278,-0.024856108089060858,-0.005956956066017649,-0.01524064832777039,0.003518438811896174,-0.026689601711978594,-0.052563268769392324,0.0,-0.013869627108436033
0.0,-0.022502833686231183,-0.0017324522708975776,0.022970554962110035,-0.014719841104771703,-0.030913613772829474,-0.014456484719365337,0.020843521894943928,-0.0167112828921539,-0.015143632288897535,-0.018654829283659746,-0.026553951516021024,-0.01874352288801956,0.047676308391773614,0.0,0.001155738091838554,-0.015468880807954555,-0.012549360972986146,0.0,0.0034780976737796565,0.006756067538760624,-0.0015181147949494544,0.00019086296871839714,-0.017104950981268574,-0.03389118646761863,-0.018434534522044965,-0.010681008758100241,-0.021713106984343644,0.008330880981288757,-0.010566719583686268,-0.027937559709699744,-0.009955162660663097,-0.021513332930536422,-0.013175877447376971,-0.04107791288988227,0.028506099540907326,-0.022916813837329464,0.0013393766370328186,0.003739663533904869,-0.02540080609698614,-0.0024638418745555057,-0.009882833847395078,0.019743507016331263,5.551115123125783e-17,-1.6653345369377348e-16,0.0,5.551115123125783e-17,0.06394842473726109,0.0,0.006667394138802907,-0.005218654223099861,-0.009045827361829906,-0.028830098446889496,-0.0004472928205268012,-0.0002821297001669443,0.13509040944397288,0.04563212651913745,-0.01980625333892161,0.017194160587168494,-0.0004977447727304574,0.0,0.0,0.0,-0.011473210086131225,-0.012926427392121076,0.0,0.0029381851640080114,-0.00338057103428524,0.0,0.0,-0.016074802796156473,0.0012236546648964897,-0.009727083485598365,-0.008803595673765319,-0.0025878662164131594,-0.020898387466968482
-0.004347862957248372,-0.021390710301618987,-0.017744673062794925,-0.01019612933961156,-0.02543749137172685,-0.011010718547296627,-0.0440813146105305,0.0011558113736487297,-0.030128101276987895,-0.03265017155396094,0.00015098026512194718,0.01953073557895424,-0.03584267897351123,0.031148381005638104,-0.006274676466140494,-0.023756308977507357,-0.025920278621321624,-0.028959177519342294,0.0034780976737796565,0.0,-0.0061946948807943825,-0.025740195994026605,-0.0015233782291362297,-0.010249939319238233,-0.022447040903558535,-0.005103410779698281,-0.0018585462265467423,-0.019283414166352653,-0.02920239597111507,0.007695340402878115,-0.010977419861719184,0.01497134375391923,0.0004524597197464453,-0.010744608118545163,-0.012306757915713895,-0.004796813683648038,0.028818571349263855,-0.002721633825687131,0.018822084838706954,-0.01562624749573166,0.020327929872829942,0.019015211174090663,-0.02045539490944559,-0.001454317458741694,0.01277740562675167,-0.021143308021714657,-0.0089220917820515,0.01171315477668905,0.0,-0.02680840696836928,-0.011952869700782687,-0.01292166714233356,-0.003826750418254421,0.0012489695203183326,-0.007211996451788438,-0.04032394774480791,0.0264310576978819,-0.005402833892465597,0.0,0.026625071656555643,-0.02231121100571648,-0.007904031796536704,-0.014071538883771662,-0.0005173004547726623,0.007328297610776691,0.021505031225270477,0.02391124113463866,0.006141606947647316,-0.0293206059018436,-0.008563495688112599,0.0022345053206095367,0.004100555173707221,-0.005550795677228326,-0.008981995476872118,-0.011569156221755694,0.005310493354435619
-0.036658541131700306,-0.03070039646276601,0.012840990824913467,-0.00012718297397429357,-0.021928906998170405,0.0023578407615777452,-0.02754237444574925,-0.01738105260443218,0.011255025634617832,-0.02784832800391096,-0.010562310792850582,-0.025530939429252886,-0.01595207949177635,-0.022694004475039498,-0.019707589146848503,-0.024052217928023423,-0.004182461462227005,-0.005088716166927021,0.006756067538760624,-0.0061946948807943825,0.0,-0.013181576025164954,-0.023412062261998268,-0.02722893400406462,-0.010242725238441663,-0.01033053088429886,0.006742296479450849,-0.014681707897101659,-0.02038679297310969,-0.009756767136839262,-0.0051343924431036525,-0.0013280828677446066,-0.021791576078756536,-0.012265163340505592,-0.04233045272962621,-0.006709238240804216,0.0180218021089244,-0.03286442186137978,0.003990257950182041,-0.009242680758541677,-0.0014210394701850704,0.0016542506079488817,-0.013550792966944114,0.0,0.00044048354806514034,-0.040834683457107335,0.0026454270394173363,-0.00247161274515717,0.0,0.0004735373456765113,0.003908889427594875,0.0031288835525503655,-0.026111558021165993,0.002550060926706843,0.00017485908913078552,0.0,0.007004477566077638,-0.012276829260139899,0.0,0.004755534154769425,-0.008587270973178907,0.0,-0.014000468908620056,0.0,0.01034651849787821,-0.005263498443121184,0.009767621795619963,-0.0024501082662963247,-0.02642203842766505,0.03586461797893603,-0.007632955587937418,0.009924855580199454,0.011133674639229485,-0.007019458970494996,-0.011540785357320893,0.00959689419159071
-0.02249313763794425,-0.01981842901259273,-0.010835919862652976,0.007173290350666384,-0.008236133540906687,-0.008263628523368927,-0.016172585564324715,-0.0018344866855971587,-0.023871312082899665,-0.026494991332352558,0.00011830720675276574,-0.05750510885541954,-0.02177639921087876,-0.015233097127637318,0.0025659009271220556,-0.01780955837294773,-0.0070349671294957505,-0.013569466088503734,-0.0015181147949494544,-0.025740195994026605,-0.013181576025164954,0.0,0.006616366136923124,-0.019712655672867396,-0.03368781359959677,-0.03066366384000707,0.0036568080684019066,-0.025659582053319863,-0.02949423180278299,-0.017854608564615515,-0.005523331761034034,0.02200592691502168,-0.008219434623344735,0.0031619072307993434,0.001036711650098665,-0.0074465998877683015,0.009012895508879959,-0.047257622095772556,0.03290936108654341,-0.04024240905482601,0.002431895902745951,0.01218922623791463,-0.020597740687408828,0.0,0.03593111031935042,0.008357718048093765,-0.01872453654916123,-0.006169346988239843,0.0,0.0008864286343382433,0.013105234407900457,0.002707575584257438,0.03605843143646381,-0.009161105400456615,-0.008013183770722077,0.0,0.014504720486723077,0.0059981597344834214,0.0,0.02718785537909596,-0.034824498342047705,-0.006328388481060043,-0.013027972286395961,-1.1102230246251565e-16,0.02870348387401289,0.02818705521389131,0.008658980696440666,0.03240336300578717,0.0018081572201150142,-0.004342158171233346,-0.0006204436258517854,0.02826784156996881,0.012767783410741418,0.005701539626589369,-0.028428598894905566,0.011463926161103921
-0.030488624576823387,0.008832665563181685,0.013889202597248351,-0.010038370055093004,-0.014130947848653153,-0.005744145323980099,-0.024777951504418416,-0.014733592177349986,-0.012583804848100566,-0.023446019943438756,-0.0329571565906468,0.003246493189655697,-0.019842895468191457,0.007748400191055493,-0.024350754098331706,0.00012691462457725677,0.00128940437285191,-0.00795190867169454,0.00019086296871839714,-0.0015233782291362297,-0.023412062261998268,0.006616366136923124,0.0,-0.024197107649178373,-0.0030604728196792497,-0.0021469018466026,-0.007666584859969572,-0.01416745819139903,-0.0018515587051416982,-0.007224101211309342,-0.017097313325798058,0.002265000597612865,0.013037101774916737,-0.014619485891546657,-0.02192998463447199,-0.013054496813775018,-0.01951970594783964,0.01930916018903317,0.0010472637471267143,0.008324673603247512,0.00046153421030159514,0.004568666635442531,0.0101137694591511,-0.007279595057999244,0.0053997270045607615,-0.006643300611057723,0.011680792006390162,0.05948328582317042,0.00014743607868139552,-0.0019857744147987466,-0.007755542667944981,-0.00951188377230916,-0.038506560522408195,-0.003733666992637663,-0.01256833662455037,0.040151314564374596,-0.004658349494639502,-0.007643942213814481,0.01763744965019165,0.009041279994727258,-0.004543067216760399,-0.010087679849385855,-0.008460902644079782,0.059714423391896254,-0.0048361551861427765,-0.02072317686350683,0.00842035150088638,-0.006570577737505134,-0.0033947454787967013,0.004467596150410591,0.006983578262265366,0.0006606661711080486,-0.004581424943347678,-0.010023192308403983,-0.008427739138529566,-0.00810478269309689
-0.01750276806827128,-0.01648923998454982,-0.019904045854049535,-0.007743784508523532,-0.048285629055147106,-0.03766569166019801,-0.037005378551299484,-0.024696872019950356,-0.0178835176180715,-0.017353132013737727,-0.021973004281399755,-0.009406070982258263,-0.015690508212538812,-0.08891880350768044,-0.027908409473889007,-0.008352333041961202,-0.04041878963306761,-0.02752818205070723,-0.017104950981268574,-0.010249939319238233,-0.02722893400406462,-0.019712655672867396,-0.024197107649178373,0.0,-0.008229760055552038,-0.025539220552180664,-0.04220806355145368,-0.01584198052332292,-0.009683398946196853,-0.04476586887384865,-0.010938046519394895,-0.019695513034079404,-0.0100662581557599,0.005092220664268066,-0.027462423151705162,0.004654450203760818,-0.03309418187811611,0.0013470508902351241,-0.025080154266370946,-0.06962028038922707,-0.07284202522034788,0.015430598672045659,-0.015144986230276436,-0.014328228006936727,-0.014788046284478495,0.020526560549168293,-0.0034123602881089288,-0.00031625510751154273,0.0,0.0,0.009104616008501265,0.0072766124071770855,2.560549550589819e-05,-0.004008628221128019,-0.01734872527796466,0.001433646494073182,-0.04823135270768886,-0.0022582311325298754,0.0,-0.025577281962788523,-0.004209934396715687,-0.0503863076052688,-0.008868732583704186,0.0,-0.005402339098746156,-0.042253718547880126,-0.007498631101359954,-0.013581634353920513,-0.04283560759781996,-0.001442564598679974,-0.025458717054815283,-0.008473792507458888,-0.010273017975720944,-0.012623569111764599,0.0,-0.07376717530888782
-0.007434910834412722,-0.03211807319218135,-0.05101550757293016,0.0,-0.03611658912718574,-0.02239205363339042,-0.018037225310476968,-0.01469697906730294,-0.05277944200942758,-0.010211720634748067,-0.017297859275846927,0.0108389507473588,-0.01793807694423477,0.00025866607124630514,0.012617101713016776,-0.00765595877664299,-0.023760459342005325,-0.021478748311760276,-0.03389118646761863,-0.022447040903558535,-0.010242725238441663,-0.03368781359959677,-0.0030604728196792497,-0.008229760055552038,0.0,-0.027759688942998073,-0.01245900881782458,-0.021533748912199502,-0.006886924029816721,0.014103934031697962,-0.023947194649508508,-0.010510789304445767,-0.011709330925565975,-0.01848232126759275,-0.0377910903504895,0.008004390859383093,0.0004409524668581577,-0.01623448756305651,-0.015288046743468009,-0.03623660149124808,-0.011551689645171392,-0.007962247137921763,0.002338305200468127,0.0,-0.054361163539124846,0.0030980434544636837,-0.009322449128589427,0.0,0.0,0.0,-0.02279479154979036,-0.016326219833938227,-0.009913934425074433,0.00031199515168101044,-0.002302187827391944,0.0,-0.009371790765192567,-0.035381658851313835,0.0,0.004543443570716121,-0.012014584060182076,-0.02158254717311847,-0.0076593754195517505,0.0,-0.006746630514441465,-0.0006768990812235365,-0.008747415733979746,-0.007348173882806008,-0.010125726887824094,0.002356336018481564,-0.007050875589341088,-0.0153808130877639,-0.03273900043801303,-0.00956855444637178,0.0,-0.004870288527532851
-0.024960077795890268,-0.03021540176238169,-0.0011530790569158622,-0.004535381527587923,-0.03793007919054192,-0.007944644414299595,-0.042013999638566724,-0.013622455330362049,-0.04132958029150974,-0.03862078818306253,-0.025029777585617308,-0.006382890701132404,-0.03471248490918305,-0.022613838905132966,-0.011249423164332306,-0.03457236600059577,-0.023810529914634837,-0.03706554265711154,-0.018434534522044965,-0.005103410779698281,-0.01033053088429886,-0.03066366384000707,-0.0021469018466026,-0.025539220552180664,-0.027759688942998073,0.0,0.008554808934516211,-0.036886729174163746,-0.015522305002096448,0.002329885478904281,-0.021511336979273654,-0.005280190559437681,-0.007373600727201002,-0.02200252814377579,-0.0410849820443987,0.00010089534671575695,-0.02787348175825055,-0.007382395340237602,-0.006554281982824817,-0.025485464493428367,-0.020630661140429274,-0.02240402544493847,0.0660767062475286,0.0,-0.02985156498249919,-0.009944170382721274,-0.009726269836752677,-0.0026847770958827177,0.0,-0.0010471419119895131,-0.031036633783544543,-0.03892465018436264,-0.010982340724086659,-0.005011293563488117,-0.003304636814713713,0.0003204383263308297,-0.011864780072319225,-0.03996435539742632,0.0,0.007581509058762204,-0.019986417290549674,-0.024772540781309138,-0.010583467185965811,-5.551115123125783e-17,-0.007459630734286571,0.002076960512695014,-0.01743052151709301,0.0002252152251809303,-0.03043235275218975,-0.0024970532816589452,-0.016155473517209085,-0.007105487296636792,-0.02474785915209976,-0.02691595126525248,0.00034283543257995763,-0.017658104959890453
