0.0,0.011162971521065879,-0.017229178326796213,0.0,0.00034521893177585916,0.010120206550679967,0.0022328381100717443,0.010661509894535737,-0.014517967364843232,0.014501408642328961,-1.0330713160477956e-05,0.01645244533555279,0.0009192700623130712,0.029797381533636647,0.009864850351575749,-0.0008060619513403089,-0.00942734733085776,0.005518288772898838,0.0,0.01742037329488605,0.01898900856818958,0.017754569694956035,0.015488383008369189,0.01091493269483651,0.014712562426921816,-0.0008730830976594883,0.0031558730177554395,-0.0009391845014943834,0.02502643124669096,0.006307218997031017,0.012027898662714864,0.020262702090769746,-0.002569866486599015,0.020701191117508344,0.014169269237983229,-0.017376114601538595,0.0,0.0201173067951963,-0.00165990516592468,-0.0488913216506342,-0.022128908755423338,-0.008984478074114843,0.0,0.0,0.013447132946352969,0.009109475132972,-0.0161063118980308,0.0,0.0,0.0,0.002295397379490194,0.0,0.006713904134391935,0.0,-0.03282933432808954,0.0,0.0026486606198442564,-0.011698173359789954,0.0,-0.0053647316864630645,-0.0051340943833156905,-0.05350112872487656,-0.026836035453941698,0.0,-0.02728100623358376,0.09085153464246354,0.01331579973136382,-0.01195142072458183,-0.027873816243481897,-0.03809072617060716,-0.018946705277777698,-0.020630547165642832,-0.0007299084840202141,-0.0030596266208195444,0.0,-0.0475162024942094
0.011162971521065879,0.0,-0.010511256887302811,0.0,-0.019745354442350704,-0.010410599720434122,-0.009834492748860335,-0.01716213705876124,-0.01692550580502672,-0.016365382498656156,-0.048298598925553715,-0.02045448944183459,-0.010948089175796483,0.0,0.01262004652051879,0.01084358547869868,-0.0016222342655288213,-0.002850619615051675,-0.02227626419052875,0.016547086731456495,-0.002535975496149423,0.033705573793069155,-0.01196554210999834,-0.006379673952773168,0.005453221775457484,0.01260770428860497,0.0026508036774932076,-0.0061362246149111455,-0.0028442272603940166,-0.016837297987635724,0.016209563794831294,0.031297254769782346,0.015309182379867281,0.021220732948042498,0.023365607632684582,0.07578159473905094,0.0033435757284531187,0.0005177260218140467,-0.0008674893268209583,-0.009088744171025065,-0.001845751116375638,-0.006360633259396231,0.012340887387095434,0.0,0.00010364681908037188,0.008155539262799771,-0.0039633698710337395,0.0012524508160224324,0.0,-5.551115123125783e-17,0.004868237074572457,0.002323420779953511,-0.018076133335174216,-0.017717541360646183,-0.007589109699962238,0.0,-0.030852300944249123,0.013288659763591615,0.0,0.004252852806307106,0.003814289875880783,0.004582132441769193,0.0022389024160288096,0.0,0.0029941445646729514,0.03381092965203619,-0.005973991769484932,-0.00044401851192299446,-0.024488722260185003,-0.007448202623013711,-0.0003496429585778116,0.0020564407624600323,-7.543950832167301e-05,-0.00907481279830058,0.007042226125181572,0.003369951524927972
-0.017229178326796213,-0.010511256887302811,0.0,-0.012823885970247029,-0.012471088738351954,-0.014363694965253193,-0.017375604623417695,-0.01968852179117131,-0.017649556042999393,-0.010641328221604573,-0.018251468752015554,-0.010803912699654195,-0.020336636644302408,-0.018608845475478142,-0.04114107237206488,-0.029844501444894977,-0.016275135545192998,-0.04234584503353306,0.006643420737028227,-0.029281319623032875,-0.022228520659851425,-0.010566181860546364,0.018697770135366665,-0.025503910596681167,-0.02182282142620462,-0.005998429957852713,0.0031533832931970873,-0.020253228366070408,-0.019128249718329826,-0.03339222272316,-0.025203722499403003,-0.02023036922029786,-0.01255796587635194,-0.024851280828793454,-0.02258312620498265,-0.01329853407271131,-0.011175214935374267,-0.012185026987385272,-0.014142696942193167,-0.007674619640497704,-0.02173727081925636,-0.0012413586820239075,-0.06352613622970849,-0.0022007587832533204,7.297325505944974e-05,0.0,0.008115465099517938,-0.062431325241907754,-0.00044959863861904203,-0.04908066757627777,-0.02660969916803635,-0.033170256347675786,-0.01639574073738259,-0.08179909282393916,-0.020494344933701447,-0.07056863054768125,-0.005057983085186624,-0.02793761351905988,-0.05414182440978538,-0.03159670686536814,0.0007884071002295379,0.0,0.0,-0.11705829819305863,-0.015473439195456073,-0.0014677939077308855,-0.038485664486307025,-0.022335125776956954,0.0,0.0,-0.010366453383977237,-0.01925299639207767,-0.031747730093568904,0.002802674247881165,-0.004293790942070164,-0.02095885748115789
0.0,0.0,-0.012823885970247029,0.0,0.01883351212354928,-0.000787412955396749,-0.0031327009825823926,0.016901919054168046,-0.011054305368563,-0.03453369997410055,0.017250627667886376,-0.005394709649499785,-0.008527102224922811,-0.0491839936790503,0.014500594789557064,0.0,-0.0005302995674383859,0.0,-0.01294070374006362,0.017743124429494994,0.020278701303392377,0.03755877336414071,0.019610972004531158,0.01428314911841283,0.0,0.0029052898350807044,0.030904619497713837,-0.02674853830163121,0.04970844754208381,0.00031880228298969415,-0.09152116119317072,0.07555822926161343,0.006909681384997146,0.031943644700711815,0.05760028555284824,-0.04724437922680358,-0.032152792680253034,-0.0020257795721231875,0.001528151127325017,0.0,-0.0012405659894553223,0.0,-0.0006312734067140391,0.0,0.0,0.0,0.0,8.88719515040326e-05,0.0,0.0,8.764824692214512e-05,0.0,0.0,-0.00020806068199274996,0.0,-0.000213001617519748,0.0,0.00015662814733963248,0.0,0.0,0.0,0.0,0.0,0.0,0.0,0.0,0.0,-0.00526104225562346,0.0,0.0,0.0,-0.0027753931613612726,-0.00020393585380334978,-0.000802105574723988,0.0,0.0
0.00034521893177585916,-0.019745354442350704,-0.012471088738351954,0.01883351212354928,0.0,-0.02101304198620152,-0.0008914097722300118,-0.01987209421685293,-0.010005151944411594,0.005743843191212128,-0.004328637726842111,0.012219275744869251,-0.003041484386964999,0.006175843308197815,-0.009462398965397245,-0.015033308722698535,-0.005954497181440643,-0.008447636409024406,-0.0029740762257852715,-0.031335871680361005,-0.038265295048159176,-0.007283709324915455,-0.02565042838358833,0.02221636953380035,-0.0005928595325183639,0.00434810134222241,-0.016590810861221106,0.006897856824115811,-0.02520251365919468,-0.021037400260132733,0.00377169096680785,0.025967272321366586,-0.008927227419042172,0.018043789367776508,0.026595006489661566,0.0031813317250492523,0.04535295180246002,-0.008988530203572043,-0.011372732770156602,0.011629127138688744,-0.01303429868554834,-0.025482461339025375,-0.061704585620861285,-0.00021875874794585748,-0.010359989927976987,0.0,-0.014700340492809272,-0.036059813274370967,0.0,-0.05272515521736315,-0.028165130699192575,-0.041854833898318844,-0.014183129149323903,-0.05104038717409226,-0.0019494458661121206,-0.030025790183029533,0.002707617680981489,-0.028502215216562155,-0.05624044508977083,0.005173032996967308,0.0008245127189325796,0.0,0.0,-0.03868733410695818,-0.026590814127231244,0.0,-0.023910664766908285,-0.02995958321558917,0.0,-0.0002291218793280536,-0.021212542719742378,-0.024028183121211355,-0.024141661084922716,-0.0013949566941004465,0.004550583376885187,-0.037230586485993866
0.010120206550679967,-0.010410599720434122,-0.014363694965253193,-0.000787412955396749,-0.02101304198620152,0.0,-0.012960383054024638,-0.02117401066265001,-0.030438877898765315,-0.03983089302698317,-0.012252913044937142,-0.012228762339382748,-0.02480760732386067,-0.010356189265993798,-0.00744498373450686,0.001995368658610275,-0.019052855075683217,-0.008861786737759836,-0.020106430012008736,-0.01271505561253683,-0.002807975476259328,0.004826876435589933,-0.018974436296382236,0.03408043509540365,-0.005451486936508154,0.0008782432628275938,-0.003244068591958249,-0.013229206945057692,0.014139585213921335,-0.010903170375997473,-0.02426410201524065,-0.008413692361287195,-0.027926776631551575,-0.020216095000597456,-0.0034392883985607248,-0.014918008917361447,-0.009821131661422122,-0.014308672154526247,0.006553076998881691,-0.016725738546926494,-0.0018019986087665085,-0.0177452635955605,0.004259136220308768,-0.0022451816339191244,0.0009615701158358081,-0.004446673379829014,-0.017310528746858234,-0.025910532325739255,0.0,-0.013577116797952704,0.0039786312710674565,-0.002227612274319113,0.014440791193406521,-0.01756703541582172,-0.013254614003812393,-0.020905062311132594,-0.0018494226367628541,0.001482709794933923,-0.005732365778883475,-0.01678407132006393,-0.008254181108644676,5.551115123125783e-17,-0.00914700511037947,-0.011595497578487102,-0.004916571785662627,-0.017999702826631714,-0.013842786947986352,-0.006530655178820455,0.0,-0.01659260246659261,0.004824906314960908,0.010574102513568606,0.0018172750017475536,0.020606682194364123,0.013101622783634026,0.0011803314375690155
0.0022328381100717443,-0.009834492748860335,-0.017375604623417695,-0.0031327009825823926,-0.0008914097722300118,-0.012960383054024638,0.0,-0.006837683216593726,-0.012822054100446623,-0.006602634423520881,0.0001586252728197346,-0.00785480508014752,-0.01841688389579743,-0.008977669122935739,-0.003097529794927889,0.002571919510702514,-3.405763530173189e-05,-0.007071066125440562,-0.012030602653973155,-0.01452843870708559,-0.0161840873053668,0.007053681617220697,-0.0152415227221942,-0.016347098962635198,-0.002781010973575193,-0.0035655509706826183,-0.014294521661312842,-0.02740338601997333,-0.0029181044739871598,-0.008616377389950025,-0.022692007024918248,0.003657962617843402,-0.0020589747981850093,0.006950696684378144,0.01692999220445318,0.006391732173089804,-0.07459589527397903,0.010303630273818476,-0.013786823348099109,-0.00578707175959936,-0.015064671011378927,-0.01230009712293012,-0.0528257080048386,0.00028540612209954075,0.002693802738100881,0.0006952691777010744,-0.0076176180209992506,-0.05151177256221201,0.0,-0.03114901205089199,-0.01719655058726799,-0.025664011146126653,0.0014770546241195115,-0.04239236040253663,0.004677305969001788,-0.03556618773417952,0.006212849626257788,-0.016782002669084584,0.003134320243555644,-0.01729693531667753,-0.006940283356667298,1.1102230246251565e-16,0.0007769418875708256,-0.037558178702304656,-0.014024579485094724,-0.006840090678901456,-0.04152817976947826,-0.02043794490162254,-0.009249602154225656,-0.004684296788055986,-0.016914130684603512,-0.004889803390414782,-0.018343963812716302,0.004059348079344383,-0.008628586804733218,-0.012012560100852165
0.010661509894535737,-0.01716213705876124,-0.01968852179117131,0.016901919054168046,-0.01987209421685293,-0.02117401066265001,-0.006837683216593726,0.0,-0.03603071269400043,0.02600118885187075,0.009703957090017312,0.013245817897336642,0.004837142083689072,0.013476910892918081,0.025701935753509653,-0.0047199170906553345,0.016975473654951168,0.008034897009045139,-0.01851311300818209,-0.0034211524222863,-0.02465726542074409,0.01015781301105878,-0.008551749759075855,0.02005864363276766,0.015303179163807246,0.014600602852198219,-0.014023523256763426,0.013589621199070034,0.014242080031454107,0.006681503313079873,-0.004047238558702371,0.017883474018961232,-0.05211049689201014,0.0058545083505501805,0.02572751849003707,-0.03525105865854228,-0.008928690973330655,0.047901427586266254,-0.0006204496366770118,0.007780829245892296,0.0061371394636475785,-0.02432289828643408,-0.027564179303643577,2.032074127983341e-05,0.00012638599061653988,-0.008691259634568349,-0.008767052807428233,-0.03278883289330714,0.0,-0.012313423839722726,0.01846100629753772,-0.005245930809959609,0.07883591639763626,-0.029338134345168854,-0.0033150344398047427,-0.03622902297056574,-1.1102230246251565e-16,0.018141742772141645,-0.013832495563976865,-0.009106958656363795,-0.01838843008547192,0.0,1.7018985022321242e-05,-0.01443700487651045,-0.0015628185064281985,-0.01809029582313476,-0.030480273670979607,0.0005960452813327244,-0.0023559628860020387,0.010792864706808458,-0.00293214565315425,0.011647724682527283,0.006310666799018927,0.01641065706486755,0.019460918272279026,0.0036202837245991604
-0.014517967364843232,-0.01692550580502672,-0.017649556042999393,-0.011054305368563,-0.010005151944411594,-0.030438877898765315,-0.012822054100446623,-0.03603071269400043,0.0,-0.013136005363480974,-0.013518820156514899,-0.013632766816012831,-0.028831633754928587,-0.018277846744150505,-0.009978371404371078,-0.0018975099780277338,-0.0024928986087357496,-0.03613186552895853,0.002736276914797442,-0.020296650913004533,-0.012993660122426698,0.0007990509452418526,-0.028681601316884353,0.00018233667321654323,-0.022648547845173117,-0.009438974095611952,-0.020248186895670817,-0.02490270526631455,-0.017312628877437897,-0.03832402458394679,-0.028756465339038806,-0.02315701208311932,-0.07150629569271116,-0.024301845532579747,-0.021944474646825973,-0.0044979942649202576,-0.03013349480561861,-0.011562016448605994,-0.018308597925820347,-0.007548099805571584,-0.025156506201914286,-0.02368058302754944,-0.05331975752334289,-0.008856840832513646,-0.006325112426998347,0.0,-0.026446930193852636,-0.035434793641748175,-0.00576705464173527,-0.04692031582895351,-0.030438386983705268,-0.04349282661426679,-0.024274659305644153,-0.04415712698881569,-0.004786658113925979,-0.05483299260315688,0.0014625374947502268,-0.029918682622701587,-0.0374084548673721,-0.027990294173891817,-0.01266519291675694,5.551115123125783e-17,0.0,-0.03949184457264443,-0.041733870057789,0.0044771551572784785,-0.039378583243087906,-0.03276440826924654,-0.0004338912239189585,-0.0017053445585969995,-0.006664655866360392,-0.03011568842293899,-0.03380609933325873,0.006332502241802318,-0.03581612208457452,-0.03272465467976399
0.014501408642328961,-0.016365382498656156,-0.010641328221604573,-0.03453369997410055,0.005743843191212128,-0.03983089302698317,-0.006602634423520881,0.02600118885187075,-0.013136005363480974,0.0,0.011881314274954868,-0.01700593275019341,-0.016964289140259436,-0.20443610843112,0.021040218351155326,-0.014933749983364941,-0.01746142235503595,-0.000807213452665767,-0.003837833566476323,-0.008675450942457086,0.021405673776621892,-0.002515179516749122,0.037911315360350695,-0.022157876652146025,-0.007832066332862764,-0.0038356849113723723,-0.008725424500509782,-0.02785828747457808,-0.012585914554956668,-0.008111985204565186,-0.03575663777246396,0.011853733898359808,-0.03402956003464863,-0.016605699676732033,-0.002550064466719071,-0.016264924707444728,-0.04531641199449066,-0.02454380895582353,0.03580935309068073,-0.08222211459375589,-0.008107085481477982,0.010053495582340033,0.0242191965623601,0.011521853523488945,-0.07263741343468677,0.011095858684198157,-0.01514142774585514,-0.0008826009409773627,-1.1102230246251565e-16,1.6653345369377348e-16,-0.010829994155752365,-0.05932705252341841,-0.0006635741892146996,-0.027785080706873133,-0.03674573522330815,-0.01804311974610645,-0.015496871694834602,-0.04114317301812753,0.0,-0.0015669411879220552,-0.014054016895434118,-0.03537142684660177,-0.0356332583467292,3.214275419566315e-05,-0.02985613310673596,-0.00040615171209862355,-0.02378215291117136,-0.00704993541729626,-0.026853149823039824,-0.03685900105228679,-0.02759759676006851,0.0004894972450506518,-0.04859851703161794,-0.08253934901199483,-1.1102230246251565e-16,-0.03537021626435666
-1.0330713160477956e-05,-0.048298598925553715,-0.018251468752015554,0.017250627667886376,-0.004328637726842111,-0.012252913044937142,0.0001586252728197346,0.009703957090017312,-0.013518820156514899,0.011881314274954868,0.0,-0.02107886995089353,-0.005167799959555408,0.0054247945961984345,0.0,2.4142698044182787e-05,-0.006670722772926185,-0.018920914557558066,-0.0036522003505497502,-0.00011095667209970461,-0.04580950224506025,-0.01213550607513092,-0.013412276989707206,0.012947395484935287,-0.014597333042197513,-0.008231428634858262,-0.0163600949988445,-0.009681504533650132,-0.03101969069073235,-0.02250861294421802,-0.013520535080250418,0.01100178832675669,0.00670824299299283,-0.0011927672573754933,0.0029357798705906823,-0.025381486470284154,-0.03330037836436228,-0.0018892749156632638,0.016549727074762877,-0.0017256189773653952,-0.012802816805930761,-0.0110142277913442,-0.06369089467382871,-0.001902146986826725,-0.004109675299826421,0.0,5.551115123125783e-17,0.015228160989319728,0.00019473052739088503,-0.024885774300872965,-0.02923177541723937,-0.027042268248768486,-0.03546531688498483,-0.013177560334756144,0.010589030941955013,-0.05693530713394007,0.005517047703446631,-0.020064969386473896,-0.049621526243514014,0.00110106872789284,0.0,0.0,0.0,0.0716329341366963,-0.0037258796521232873,0.0,-0.017166236236173804,-0.04270612935513968,0.0,0.0,-0.002667931780119537,-0.03363323164967469,-0.026399834069969208,-0.02270550506577318,0.002072394348182016,-0.026940860558498814
0.01645244533555279,-0.02045448944183459,-0.010803912699654195,-0.005394709649499785,0.012219275744869251,-0.012228762339382748,-0.00785480508014752,0.013245817897336642,-0.013632766816012831,-0.01700593275019341,-0.02107886995089353,0.0,-0.018306684692852626,-0.021398660580793816,-0.011343162051526468,-0.027837702179620838,-0.01812824067778468,-0.012394087840944812,-0.014073830115953756,0.005148903467244947,-0.01205867924156323,-0.030293194807316792,0.034243541768446406,-0.00847465570755701,-0.014585074838533718,-0.0051361283871906305,-0.0010470070331674575,-0.02816193718181781,-0.003391821670560846,-0.012645201569849496,-0.046329984523747036,-0.013503407057214478,-0.0403588506835042,-0.00846353860290816,0.001058704051186743,-0.033759915989684364,-0.013601612136532104,-0.021131330872767307,0.00851324194234998,-0.06912768679833553,0.0022447196221057064,-0.01383835540451811,0.024132668296247772,-0.004842992246515243,-0.0704312060616355,-0.015571996759193074,-0.021806623319555407,-0.004140616440607259,0.0,0.00036564886178475087,0.001068738022455662,0.006127729085519118,0.0,-0.006660779035287057,-0.039842752943336945,-0.012317593671962612,-0.01095314133997316,-0.02996491265482354,0.0,-0.008824101637797954,-0.012755090134195901,-0.038910139165761914,-0.04003510363102786,0.0,0.005329294810778373,-0.0002455506447020528,-0.017390324305402327,-0.00902364320600707,-0.017293584773491466,-0.031923201443328386,-0.023012817856838008,-6.527652537208217e-05,-0.013399872695548376,0.009558945873850144,0.0,-0.035245110577509564
0.0009192700623130712,-0.010948089175796483,-0.020336636644302408,-0.008527102224922811,-0.003041484386964999,-0.02480760732386067,-0.01841688389579743,0.004837142083689072,-0.028831633754928587,-0.016964289140259436,-0.005167799959555408,-0.018306684692852626,0.0,-0.02137604561518519,-0.00987427675457736,0.005455619437004899,-0.009431358958226888,0.004473771789976988,-0.016472775022498054,-0.007048004294848476,-0.0008555352363440183,0.01095600761730281,-0.011359531666847722,-0.02354628733930786,-0.005533712584862183,-0.003259589442650257,-0.017826124184391945,-0.016182946367480966,0.00669788110400249,-0.008691834327580583,-0.020992406687382614,-0.0016844855853564433,-0.02387260415729986,-0.0014383591945220653,0.011179463027681025,0.007401643497574717,-0.008412514741153176,-0.005891584710404019,-0.00018346147452785733,-0.026023395305298014,0.004850356979656634,0.003226357823039816,-0.019740862807325066,0.014047322334665102,0.0006868017315663222,-0.01157756531290488,-0.029571074520440388,-0.03260105055754786,0.0,-0.02640564673183554,-0.0051054065567154305,-0.008697668012755844,0.011097396684756788,-0.025620993946265602,-0.012674497812053709,-0.04038569910074802,-0.02307416368775922,-0.003264218800659302,-0.052303058435491934,-0.031036398435708046,0.001094418351625548,-0.0018386601481729103,-0.016693204750924617,-0.022414818746958165,-0.004048896912950795,-0.005817761412053979,-0.004320314359682387,-0.01015825139935711,0.006184349876087847,-0.011589806529744007,-0.006366966629432147,-0.00112770138724394,-0.004132195555877627,0.004096565394122176,-0.006082477743025838,-0.003171733706708424
0.029797381533636647,0.0,-0.018608845475478142,-0.0491839936790503,0.006175843308197815,-0.010356189265993798,-0.008977669122935739,0.013476910892918081,-0.018277846744150505,-0.20443610843112,0.0054247945961984345,-0.021398660580793816,-0.02137604561518519,0.0,-0.0022264854052916894,0.0,0.0,0.0,-0.00605597786996287,-0.0033126767733092644,0.014401087006000346,-0.005959762362783172,0.0008864741139906762,0.050964761584176954,-0.00019009588059343274,0.01806226398107036,0.02662375588972904,-0.015010473899271515,-0.045846054522543256,0.000449820181226801,-0.037021576696952996,-0.08809317416736831,-0.005351583003664506,0.029134337122318554,-0.09445031218730593,-0.03876574669870406,-0.01837627217353824,-0.032279873647599266,-0.033473767535459276,0.0,0.0011393243236897943,0.0,-0.0741742569841008,0.0,0.0,0.0,0.0,-0.059496160358149586,0.0,-0.03271345927591357,-0.05106346391529165,-0.033333545185986024,-0.00822015034504997,-0.05605395053053036,0.0,-0.037559821609499555,0.00084087851913206,-0.030119484866052426,-0.0462431061064244,-5.551115123125783e-17,0.0,0.0,0.0,-0.00893394335226938,-0.002001672336818028,0.0,0.0,-0.02750235364844733,0.0007084955377701929,0.0,0.0,-0.03541905563979403,-0.10756259439048121,0.001465721891630245,0.0,-5.551115123125783e-17
0.009864850351575749,0.01262004652051879,-0.04114107237206488,0.014500594789557064,-0.009462398965397245,-0.00744498373450686,-0.003097529794927889,0.025701935753509653,-0.009978371404371078,0.021040218351155326,0.0,-0.011343162051526468,-0.00987427675457736,-0.0022264854052916894,0.0,0.004393391934465085,0.0029540897555896395,0.00048524189541904184,0.0,-0.014247105350557732,0.029201748488557278,0.026497396533187223,0.008002602315927143,0.006424797244534486,0.011771285771335849,0.01840114970199974,0.01317727795518886,0.011447774641377473,0.011863212085761188,-0.0017047920147559292,0.011651656097177387,0.024739454220828794,-0.0011165016949093998,0.027106370586924333,0.03087388915395134,0.004528716212801709,-0.0017320914517568453,-0.022773568160650126,-0.013964147056517828,-0.0010007376767855458,-0.01498331905540623,-0.008978000736567071,-0.014986360168911028,0.001232075967070645,0.008190616478501833,0.03634211019373207,0.010546627203585512,-0.013203899499903471,0.0,0.0,-0.005791188294612615,-0.007876715437717619,0.006147985188017291,-0.022822296615820747,6.050924234013433e-05,0.0,-0.004682252347467053,0.002741439526364242,0.0,0.02000570650834016,0.00644396253798174,0.0009365561885460449,0.009546869311749362,0.0,-0.004348225168294362,0.019714921087882364,-0.0015198313926949591,-0.009326090189599123,-0.00025714359174050516,0.004592489583232662,0.014579174008345075,-0.014430104669882426,-0.05054358034777873,-0.041389564451369765,0.0018850366505098193,-0.020171277308574376
-0.0008060619513403089,0.01084358547869868,-0.029844501444894977,0.0,-0.015033308722698535,0.001995368658610275,0.002571919510702514,-0.0047199170906553345,-0.0018975099780277338,-0.014933749983364941,2.4142698044182787e-05,-0.027837702179620838,0.005455619437004899,0.0,0.004393391934465085,0.0,-0.013535493218090777,-0.009028975119896088,0.0019564204380874695,0.00970364092706516,0.003566076954724884,0.012005342785560869,-0.00343378129066485,-0.013144602633569868,-0.0024494443784712217,0.006318255600809508,0.005030544044471397,0.011305559583397351,0.01086810454207826,0.010072007532900162,-0.011216583814749381,0.004853682873221965,0.0015554841711902245,-0.0007099288013781013,0.0057525899394955116,-0.013937106536609345,-0.012768420397644697,0.029226136572256534,0.0019102246376391796,-0.011464208990848934,-0.0020067161734769745,-0.003739628537647477,-0.012035718206229784,0.0,0.0,0.010648733611183736,-0.0055251797964391836,0.0,0.0,0.0,-0.018056441329810324,-0.0011490794227684842,-0.017629956224764654,0.0,-0.03365766125658681,0.0,0.0030546649541987048,-0.00802545665624993,0.0,0.01411807136127985,0.00025072269773701583,-0.02355869880917616,-0.002591547713180098,0.0,-0.015569615384707969,0.0018313211028805343,-0.004089474836704965,-0.02903616825744504,-0.019088945325831275,-0.010183141416866992,-0.011036613594841482,-0.005508156550330656,-0.015516092365614409,-0.026480683560150153,0.0002737777987770196,-0.0023882360326928365
-0.00942734733085776,-0.0016222342655288213,-0.016275135545192998,-0.0005302995674383859,-0.005954497181440643,-0.019052855075683217,-3.405763530173189e-05,0.016975473654951168,-0.0024928986087357496,-0.01746142235503595,-0.006670722772926185,-0.01812824067778468,-0.009431358958226888,0.0,0.0029540897555896395,-0.013535493218090777,0.0,0.0031840717094224757,-0.010135154664882517,-0.0003688793981296845,0.01798665536075611,0.007589922974308938,0.02666543373114927,-0.023705059517870386,-0.03028596357886526,-0.01801064221894122,-0.007813420693683348,-0.021133682727221714,0.003770453486159453,-0.017272306425231865,-0.02803946229181059,0.009078916160021433,-0.010124535568417248,-0.01636573122015189,-0.010888469206462748,-0.03616989329935649,-0.0020250105025905185,-0.034542761092264784,-0.02039713918332048,-0.04255350794054519,-0.014379744565678976,-0.030132820792675763,0.0,0.0,-0.0037082922941898966,0.017887417330782862,-0.0020179674404854353,0.0,0.0,1.6653345369377348e-16,0.0008736453715100234,-0.00028776183627537977,0.0,0.0,-0.02107442138987481,0.0005107000134182416,-0.01113885753254118,-0.008346937028027857,0.0,0.0,-0.039487184877221915,-0.03030423236589802,-0.03337253974440857,0.0,1.374034644291422e-05,-5.551115123125783e-17,-0.016826473793444596,0.0009485329489309358,-0.03255103067098597,-0.03178763056961226,-0.022908898829225033,0.0,-0.02456762639676252,-0.02113698848791179,0.0,-0.02701921689252934
0.005518288772898838,-0.002850619615051675,-0.04234584503353306,0.0,-0.008447636409024406,-0.008861786737759836,-0.007071066125440562,0.008034897009045139,-0.03613186552895853,-0.000807213452665767,-0.018920914557558066,-0.012394087840944812,0.004473771789976988,0.0,0.00048524189541904184,-0.009028975119896088,0.0031840717094224757,0.0,-0.02386836620366717,0.0106181390104928,-0.007089584563752527,0.011151239484403663,-0.00436695234917267,-0.019566447362249995,-0.00616783739383997,-0.0019949755407728254,-0.00683730335328947,0.0011621821120028075,0.006138741603518294,0.006815549134101262,-0.016258620257689593,-0.00791880241644588,-0.007079417451369974,-0.006616476433181695,-0.007611225821653356,-0.0026129555475938315,0.0,-0.04321338166351768,-0.007413262623867545,-0.022249673777738954,-0.013367867438855596,-0.014725706945522277,5.551115123125783e-17,0.0,-0.0012233089544729792,0.016216752835553627,-0.00527696338161604,0.0,0.0,0.0,-0.01749093062076762,-0.00027023805539916346,-0.016430011186863935,0.0,-0.014761442773008893,0.0,-0.008008525000499145,-0.010896985158840133,0.0,-0.01990928689415561,0.002513211297824225,-0.023087840493429213,-0.018698505071593097,0.0,-0.021281092002925828,0.013658177112184033,-0.012086463095581146,-0.012902988304514529,-0.026884818855939796,-0.02090532309097981,-0.015983879299346915,-0.053643603742684565,-0.01174175407609368,-0.016858432590809158,0.0,-0.013371312347197739
0.0,-0.02227626419052875,0.006643420737028227,-0.01294070374006362,-0.0029740762257852715,-0.020106430012008736,-0.012030602653973155,-0.01851311300818209,0.002736276914797442,-0.003837833566476323,-0.0036522003505497502,-0.014073830115953756,-0.016472775022498054,-0.00605597786996287,0.0,0.0019564204380874695,-0.010135154664882517,-0.02386836620366717,0.0,0.0071506176958499035,-0.029662682159361964,-0.031495638005242355,0.015336408388504752,-0.027971773305446812,-0.03432064304052651,-0.03167403891845816,-0.0012518688526577115,-0.01692966625582626,-0.04534636797367475,-0.011791551109878284,-0.02262896266817105,-0.017192718146231856,-0.02157559385053265,-0.014093022552887524,-0.012568966168968687,-0.0143855431731163,0.028395414426780063,-0.0056020986777396975,-0.014737758575834203,-0.008177582421405483,-0.04050657937579899,-0.00346382674325163,-0.08873190108692675,5.551115123125783e-17,-1.6653345369377348e-16,0.0,5.551115123125783e-17,0.019256890071238875,0.0,-0.07001684544341741,-0.03293265264725159,-0.06136610264695863,-0.033297160426954575,-0.05286572500654574,-0.002302172459270002,-0.19735075445887013,0.0018517945058076357,-0.03725289366805068,-0.06851426241800762,0.002096290283150337,0.0,0.0,0.0,-0.045036595038338845,-0.009030692352393455,0.0,-0.007964844992094655,-0.039109136148772705,0.0,0.0,-0.003678755547568413,-0.03938931464776674,-0.02986337355919,-0.01294132665784442,-0.0005366834015937405,-0.018874387407300075
0.01742037329488605,0.016547086731456495,-0.029281319623032875,0.017743124429494994,-0.031335871680361005,-0.01271505561253683,-0.01452843870708559,-0.0034211524222863,-0.020296650913004533,-0.008675450942457086,-0.00011095667209970461,0.005148903467244947,-0.007048004294848476,-0.0033126767733092644,-0.014247105350557732,0.00970364092706516,-0.0003688793981296845,0.0106181390104928,0.0071506176958499035,0.0,0.015202099313156137,0.03468062898353502,-0.04261736447315684,0.03980757537611257,0.008373387688831724,0.009663779477856238,0.0202900540804819,0.004965378447118696,0.019512736651427054,0.03999162387245303,0.01981324636355386,0.02344186928294273,0.017933135129266364,0.02813795487779608,0.031209556100659896,0.009662748453907133,0.02871383141949796,0.010172996604612183,-0.03721474133403774,-0.022476221643585925,-0.03593000550020148,-0.021297676232060858,-0.003928967229409663,0.000360795640628353,-0.0037384945070627063,-0.02296859948484481,0.001192931584733159,-0.009665149936945117,0.0,-0.004915304051794578,-0.02397712947001296,-0.0032323051849246776,-0.0038857488802130913,-0.024695105417844254,0.0043665716248182385,-0.017146752869383552,-0.008682431964781911,-0.01596949894588756,0.0,-0.010019422697919389,-0.007543160400354687,-0.00235816879863171,-0.007835311112242171,-0.0064224123137103795,-0.03488728620123427,-0.007229554171484354,-0.014215754234309763,-0.03267857856805645,0.0023112844190213977,-0.0015689165578485764,0.021385081058420963,-0.03251616708727717,-0.038748477614066856,-0.04621105897445216,-0.05043501814660312,-0.04006606334633983
0.01898900856818958,-0.002535975496149423,-0.022228520659851425,0.020278701303392377,-0.038265295048159176,-0.002807975476259328,-0.0161840873053668,-0.02465726542074409,-0.012993660122426698,0.021405673776621892,-0.04580950224506025,-0.01205867924156323,-0.0008555352363440183,0.014401087006000346,0.029201748488557278,0.003566076954724884,0.01798665536075611,-0.007089584563752527,-0.029662682159361964,0.015202099313156137,0.0,0.03497716011009333,0.007222803132467148,0.02653236025914696,0.018613756973451634,0.001581955826297221,0.004114202991876648,0.012438064103740154,0.01747725953860163,0.007885816635733955,-0.001504277176533897,0.021296826195749352,-0.012093422941762133,0.03185532936614027,0.03998378595933494,0.035687667911277365,0.045727214361845625,0.021669637276424847,-0.0073219021955582275,-0.025174831195834246,-0.0022005354470909233,-0.0018284830060575352,-0.014819108301148354,0.0,0.0013996367789224085,-0.032000140159441526,-0.02362778931355769,0.0018164090830031787,0.0,-0.0003480065950919875,-0.011930880249175713,-0.021007112632917158,0.0031154129639205386,0.020410946145329845,-0.00012850542155712352,0.0,0.004420119327676719,-0.0027996676330701575,0.0,0.0018147680939031852,-0.022949392670086333,0.0,-0.017984322895568117,0.0,-0.01132093007577506,-0.00824019529258957,-0.0068255972568286305,0.004134256983734486,0.02182866589593424,0.0007950494364560301,0.0034577572980078464,0.007064256356495102,-0.020110528950270823,-0.027767496736919306,-0.025869829186062343,-0.013836627251956224
0.017754569694956035,0.033705573793069155,-0.010566181860546364,0.03755877336414071,-0.007283709324915455,0.004826876435589933,0.007053681617220697,0.01015781301105878,0.0007990509452418526,-0.002515179516749122,-0.01213550607513092,-0.030293194807316792,0.01095600761730281,-0.005959762362783172,0.026497396533187223,0.012005342785560869,0.007589922974308938,0.011151239484403663,-0.031495638005242355,0.03468062898353502,0.03497716011009333,0.0,-0.0011337297155175619,-0.01601092190211223,0.021146733705897258,0.032082520694276695,0.016090251005210054,0.01971493837230842,0.026230566076097916,0.027507038692025032,0.02263750753248034,0.044835173113632776,0.02818206112678112,0.047602833162297464,0.04993074239056039,0.03387691424034278,0.0026756111086855827,-0.03510900210192336,-0.005120826267255463,0.006370837894213055,-0.008262630701185436,-0.0015678025858155697,-0.0093310484626557,0.0,-0.010402818630853738,0.013087966103060844,0.009479703412851592,-0.025461002613287487,0.0,0.0005227364917207988,0.002953094008877999,0.00586756354877499,-0.006407990808375841,-0.008494480292634166,-0.0014412536038608814,0.0,-0.02192437808670683,0.014132396631319544,0.0,0.0135890652825148,0.014002100746689228,-0.007217422980687727,0.012101642926684142,-1.1102230246251565e-16,-0.014923521844913357,0.018424280280333938,-0.0029088562817298214,-0.010853414228800762,-0.011211402495076017,0.008671941915449732,0.020078799223025745,-0.0064427874192379275,-0.001259765297079718,-0.009449470839822338,-0.00035079481876354457,-0.001807570870205888
0.015488383008369189,-0.01196554210999834,0.018697770135366665,0.019610972004531158,-0.02565042838358833,-0.018974436296382236,-0.0152415227221942,-0.008551749759075855,-0.028681601316884353,0.037911315360350695,-0.013412276989707206,0.034243541768446406,-0.011359531666847722,0.0008864741139906762,0.008002602315927143,-0.00343378129066485,0.02666543373114927,-0.00436695234917267,0.015336408388504752,-0.04261736447315684,0.007222803132467148,-0.0011337297155175619,0.0,0.02802409440593223,-0.0033430762529862434,0.0032448030920305126,0.008142454586811565,-0.00111195111124196,-0.00147948856800173,-0.0029969329354850305,-0.010208471159159738,-0.003914650095340366,-0.015136034557491296,-0.007322543495127121,-0.001717635433150011,-0.03813584555955113,-0.003923677941800818,0.05624352154526974,-0.023750420624964907,-0.01956226977097958,-0.024060392277437392,-0.03425032919021859,-0.025534509112708548,-0.013039151157408946,0.018623701290626404,-0.018860617243007416,-0.00730931011803887,0.018060728061479736,-0.00010835201954834117,-0.030209341575798743,0.005732002889185961,-0.008628464688422266,0.03634636547199804,-0.02335745456800653,-0.013109554411838031,-0.006771132094050503,-0.01737003069201465,-0.0004131064373186222,-0.011021955897081659,-0.012074675545157287,-0.020825473455550247,-0.009544475080503878,-0.0008267184916337378,0.0012457803083939512,-0.028986216923579555,-0.0030835866059715222,-0.019262257611288802,0.012926042457087838,-0.0011148451930364511,0.0021246515798143406,0.0009434883440825326,0.008299567344980607,-0.00668632407116887,-0.007623638000237354,0.003522232372546674,-0.010996979549833363
0.01091493269483651,-0.006379673952773168,-0.025503910596681167,0.01428314911841283,0.02221636953380035,0.03408043509540365,-0.016347098962635198,0.02005864363276766,0.00018233667321654323,-0.022157876652146025,0.012947395484935287,-0.00847465570755701,-0.02354628733930786,0.050964761584176954,0.006424797244534486,-0.013144602633569868,-0.023705059517870386,-0.019566447362249995,-0.027971773305446812,0.03980757537611257,0.02653236025914696,-0.01601092190211223,0.02802409440593223,0.0,-0.019316008191899214,-0.014626766080181763,0.015006487567717941,-0.00874993965952231,0.027259163072580972,-0.028027729747230057,-0.03334874508053426,-0.007100561599084232,-0.02804490628058881,-0.009831606856518238,-0.022781041332660457,-0.0742018312992686,-0.031704428917262995,5.372214489907101e-05,-0.04409865252104034,-0.0837027456259532,0.01223519138671153,-0.022666595916190246,-0.01740739372224631,0.004810287209897679,-0.057062006000604126,0.066833427605558,-0.009064626130785014,0.00023241854977340548,0.0,0.0,-0.013651933164850527,0.013116107263267673,-0.0009134095060674419,-5.827859897222787e-05,-0.02864641278988228,-0.0010535989178536154,-0.0010280781224659696,0.01579417267677652,0.0,-0.006872381327020061,-0.002818529585399465,-0.027852529026702544,-0.034076421674893165,0.0,-0.0019274732378045667,-0.010133091892205848,-0.0044359180948703725,-0.019588928989716536,0.004689294730145066,-0.026860135542287944,-0.017116488939908248,0.003109176874668218,-0.007049385317075496,-0.011797166593761066,0.0,-0.02906175857985066
0.014712562426921816,0.005453221775457484,-0.02182282142620462,0.0,-0.0005928595325183639,-0.005451486936508154,-0.002781010973575193,0.015303179163807246,-0.022648547845173117,-0.007832066332862764,-0.014597333042197513,-0.014585074838533718,-0.005533712584862183,-0.00019009588059343274,0.011771285771335849,-0.0024494443784712217,-0.03028596357886526,-0.00616783739383997,-0.03432064304052651,0.008373387688831724,0.018613756973451634,0.021146733705897258,-0.0033430762529862434,-0.019316008191899214,0.0,-0.003781646227866753,0.0006347712776150205,-0.012328701910581108,0.002677721535847555,-0.012033522325263835,-0.02377067789457754,0.02520731899127776,-0.007327337264253775,-0.00654555738290391,-0.007703377470378581,-0.010029619054048922,0.0012056316483683993,-0.04695185260220869,-0.0009618922692648524,-0.01853765538142954,-0.005737810265220744,-0.01590687740411678,-0.0007248294262227617,0.0,-0.0026865439061882213,0.02991162833608274,-0.006575206385796006,0.0,0.0,0.0,-0.0073732852295705364,-0.0007834507558420745,-0.004187220252004797,-0.00022928787225123815,-0.01951255982562672,0.0,-0.007181906869451027,-0.012284849039619183,0.0,-0.0003476258600772497,0.004980048158208739,-0.026423667846600774,-0.009736492291929189,0.0,-0.0034629448789187944,-0.0042443516605717435,-0.005852304519213647,-0.0069275484847827196,-0.02845844893787064,-0.012350143722954898,-0.010139406634149584,-0.013661611045519273,-0.013431580768795026,-0.01284968299304462,0.0,-0.0037537907571197904
-0.0008730830976594883,0.01260770428860497,-0.005998429957852713,0.0029052898350807044,0.00434810134222241,0.0008782432628275938,-0.0035655509706826183,0.014600602852198219,-0.009438974095611952,-0.0038356849113723723,-0.008231428634858262,-0.0051361283871906305,-0.003259589442650257,0.01806226398107036,0.01840114970199974,0.006318255600809508,-0.01801064221894122,-0.0019949755407728254,-0.03167403891845816,0.009663779477856238,0.001581955826297221,0.032082520694276695,0.0032448030920305126,-0.014626766080181763,-0.003781646227866753,0.0,0.0197375567048535,-0.011525168801814645,0.01649697083608409,0.021909338448736715,0.0011021785671664341,0.01917014641583986,-0.014770119724298036,0.0028592981434488185,0.00796793406645796,0.036055092670844946,-0.017609705740861514,0.01032314073607038,0.0027291232066276594,-0.012973208686103854,-0.002555560502503773,-0.005822641902994197,0.015307999167450737,0.0,-0.061946279130490056,0.023259270764243944,0.007458729628129768,-0.0069836116387799185,0.0,0.0007695534358522216,0.0022913467743458926,-0.0023212505314103016,-0.009466121980135411,-0.0009342457643624624,-0.020202202563110006,-0.00023549283261742326,-0.012363133063712062,-0.001458141127087198,0.0,0.012189453320087362,0.008661975718051496,-0.02307070833461594,-0.00827973566928003,-5.551115123125783e-17,-0.005709844714286871,0.029063462723459166,-0.0006654929977954471,0.002306945484618572,-0.01770984248304691,-0.012934637572129093,0.008565948789128863,0.006060040203093475,0.0019497781244827705,-0.009349784408395012,-0.0002519526551775231,-0.004836983589675714
