0.0,0.026382959256855187,0.013198485186547204,0.0,0.00023895076679419924,0.04466336080443134,0.021780997124631496,0.0039002403147819775,0.014708120006022063,-0.007957160590409407,0.00013545175087392725,-0.0008894267633375863,0.035770592564036086,0.02775857453123287,0.017618138506063308,0.009398189892049547,0.0011020618706442664,-0.012367848041565377,0.0,0.012016464149765593,0.006456820012314846,0.0233541647451021,0.01816447840039348,-0.021880764674736763,-0.008741088025260857,-0.0006292360989683665,0.01448879672599529,0.0341446911475477,0.02385334535596001,0.004694566436878045,0.023331712582602637,0.022662613593246506,0.016218178794243643,0.025945906938683372,0.014317913799801019,0.03458073385577909,0.0,0.0038115101636947424,0.035248511477189215,0.057652269663640676,0.05258342544513572,0.07216811200610418,0.0,0.0,0.0091900679499487,0.022726221855755846,0.04302059319887375,0.0,0.0,0.0,0.023665498165573895,0.0,0.026995248030996455,0.0,0.002930313033291554,0.0,-0.025984468499963276,0.028894505988797226,0.0,0.00508815226949777,0.037418484174855826,0.050934952338669626,0.03063446905009931,0.0,0.07912207154568396,0.02050349303535759,0.034406665523432634,0.10752652728627721,0.014688005670410231,0.05050604066987857,0.048498284690565885,0.09232448250445074,-0.0005052219791337187,0.026663774289913955,0.0,0.03571655298185672
0.026382959256855187,0.0,0.03012094695265588,0.0,0.02575368902680608,0.020270141934507324,0.03526935504001977,0.014369881147671737,0.023055697355488902,0.12692923829623354,0.0007381987332238382,0.020117587250642832,0.029382410018714,0.0,0.01616593344876527,0.024926659828207853,0.027683376437204255,0.010101108306864004,0.029213986515503,0.02622845811463842,0.015651134048859983,0.0259467220421033,0.020466962387310217,7.345898196942091e-05,0.0234994083447006,0.04090209624200197,0.025483660868332536,0.023697482203817455,0.022458579085928798,0.021067924354386924,0.028387469749780736,0.024026683621980738,0.022251562736333996,0.032210286219954476,0.027962350411878334,-0.014721933038711,0.008847488815896809,0.0005357619378049683,0.03052921964824601,0.03698985514151931,0.029828575637704524,0.03467668362146459,-0.046443146762632226,0.0,7.174139253501854e-05,0.026716046706994345,0.02651064197910369,0.015602271986855154,0.0,-5.551115123125783e-17,0.02818341004806435,0.027981442150167624,0.02267963534343248,0.013138521521764701,0.00957025926150451,0.0,0.027226625614481192,0.03242257186049552,0.0,0.032801500989782684,0.03144917371225303,0.03703156989327555,0.02099696090153952,0.0,0.03760143803308874,0.03673430508332243,0.02342782412889799,0.038334076123135774,0.028073318960734506,0.026817518070652746,0.04397466852331572,0.028337150051352622,0.04494865441525375,0.03115171378040016,-0.013059522826721515,0.026621278575944096
0.013198485186547204,0.03012094695265588,0.0,0.05484942623672667,0.028135218843656162,0.03007860581788374,0.024832247347580994,0.03498917310147509,0.007945291564226742,0.029810732404422058,0.006288911671797848,0.016241124417209152,0.02579054621067617,0.05321649567824488,0.03346278240422024,0.031006567459967327,0.031952345796433246,0.0435448291413601,0.03905962956061282,0.03366896110347922,-0.010211373669950174,0.018947145043735902,0.03040108614035658,0.020350658743583216,0.06554567017627388,0.04381598588087515,0.016370236356351375,0.024329227703826617,0.011712513223827714,0.03219923196869828,0.034167195110640924,0.03913092603052226,0.061299942553364184,0.03893172098095338,0.03734121093342457,0.04053734730682518,0.025666723266208002,0.026828524953924737,0.06856540602512962,0.03341863839697473,0.04042978240496531,0.023760018707304376,0.05494841738629436,0.008551949166747064,1.559212738189153e-05,0.0,-0.001926502627519866,0.027672698476363777,-0.00031119944348079187,0.015411202280724345,0.04594689259744422,0.03960354385834519,0.06300393906478341,-0.006045956048945866,0.011886357120573732,-0.1379447773738099,0.007355282364532145,0.037992140131911545,0.06876717412788014,0.03815281127622966,0.0005457130643929387,0.0,0.0,-0.13385595707178138,0.03534075224925076,-0.001428175985928759,0.05731137405206127,0.0020287438272794667,0.0,0.0,0.021266900180182124,0.05343844236801387,0.04276245425900971,0.03089915459658782,0.041682787176586245,0.029119340985110154
0.0,0.0,0.05484942623672667,0.0,0.011026762927353329,0.01906227463174215,0.0010680151032773644,0.06581398353557516,0.017737515669923876,-0.11338679293888557,0.04425071343749065,0.010706616040908778,0.038703292316159155,0.046726515938184776,0.012318767549876597,0.0,-0.000391534998487153,0.0,0.046003391798709214,0.032704463719797405,-0.0007988526464678403,0.003401604329085983,0.03022804140052371,0.00976474661373733,0.0,0.0019350538511837545,0.027420892796804208,0.02664526578768467,0.005094475492879114,0.00022066591071429054,0.0322020153076687,0.07100928715256333,0.004683882493398461,0.012710487194141251,-0.020834661977219948,0.05995525661489215,0.00658282844712943,0.00044408577517152104,0.0010577429278672001,0.0,-0.0008586846408286108,0.0,-0.0005990735922445367,0.0,0.0,0.0,0.0,6.151464767345516e-05,0.0,0.0,6.066763402129416e-05,0.0,0.0,-0.0001440137110851336,0.0,-0.00014743368671277235,0.0,0.00010841356734370144,0.0,0.0,0.0,0.0,0.0,0.0,0.0,0.0,0.0,0.017334686637329955,0.0,0.0,0.0,0.0039179208383415265,-0.00014115862184171935,-0.0005551947604502949,0.0,0.0
0.00023895076679419924,0.02575368902680608,0.028135218843656162,0.011026762927353329,0.0,0.027995938661589004,0.013549951110733205,0.055946481010152704,0.026771649382589136,0.02736314917266819,0.04036762190364468,0.00945434461546496,0.030941346265905223,0.03642657135510041,0.020517729659080164,0.02536581441798136,0.026488073884733565,0.038141625078073504,0.0452605693873146,0.023394220782437025,0.05200314661841787,0.02843548521049627,0.02870358538160217,-0.032257772104772264,0.043360507001955595,0.051494076119526166,0.018040626410672722,0.00970358214412137,0.024849554668856688,0.03278283609591853,0.03515745589597369,0.05508316795427609,0.06424798075328231,0.042034340062980124,0.06534537233591348,0.04504616952638735,0.038286753375340654,0.030125776717892516,0.07459283688515961,-0.00759074490310091,0.05842827463029987,0.027127540772270697,0.09538023525632594,-0.00015141860933204354,0.01915319816655464,0.0,0.02528999428416845,0.0678756585792073,0.0,0.03968029796484229,0.05705324592193062,0.052375594384146296,0.0736879903463768,0.05064310108173464,-0.0016574847567848439,0.09169605778787826,0.011782424900105892,0.04617458438396338,0.0394124955576875,0.019774336604099496,0.0005707043510245202,0.0,0.0,0.0715068816691331,0.014795901974427428,0.0,0.04385347302852716,0.04809789783374663,0.0,-0.0002360369804689233,0.027567105228793964,0.05729612494647418,0.04507741179062452,0.04695901926399715,0.01972044957013086,0.08554432886689911
0.04466336080443134,0.020270141934507324,0.03007860581788374,0.01906227463174215,0.027995938661589004,0.0,0.018783878583261082,-0.0002730580484093248,0.021287948608840923,0.02333062426723931,0.05044709461326485,0.017857451138072022,0.018835928933045254,0.01773507591929785,0.04735592239208797,0.01289567196751129,0.036104755760161256,0.03156406155903041,0.06298276068797415,0.02237037706809003,0.015879627797379614,0.01923172984314131,0.02714334929830914,-0.009168278031457922,0.012847929332868713,0.025874445648579214,0.02811113646050295,0.009636993654618342,0.01987518720833159,0.02619537246628406,0.025333011728664867,0.030777280263932894,0.024893265504982776,0.02073955914339437,0.008887534392820362,0.0223368126933689,0.03476562058047683,0.019011467653683944,0.03171341966448116,0.019733612959017044,0.03891365622303622,0.02141069190085476,0.03477205099752695,0.0579268563609151,0.0018268630240833583,0.021066796059642845,0.020585084163804446,0.05053552495812641,0.0,0.03633844129535313,0.035574724074257436,0.035061119428030696,0.013432869421824756,0.028604288211529272,0.026057832159890104,0.056354996773281485,0.02285014719624434,0.03149283798670388,0.029394332578827176,0.026778624889720326,0.025426441937304645,5.551115123125783e-17,0.028356969254827447,0.05243733516376203,0.020595077675332585,0.04019224518578912,0.0310316258178307,0.027622233178751898,0.0,0.025750795848705044,0.0318444061349103,0.03370484895681902,0.028956289255141154,0.02534046280605723,0.03140606695266113,0.031819937406929344
0.021780997124631496,0.03526935504001977,0.024832247347580994,0.0010680151032773644,0.013549951110733205,0.018783878583261082,0.0,0.03902350122854953,0.011930432397237178,0.023870909415419028,0.03281367064627533,0.0008541952953913245,0.003266236998039296,0.02757731383842732,0.05633058666643881,0.031002475804376595,0.01963815791502499,0.020774277384233653,0.037299903414736935,0.025564348357939137,0.027306096178413508,0.027200729135085144,0.030613066783465703,-0.00867124306163447,0.023876089980575887,0.03313874391181282,0.014299280533694225,0.022133256141488478,0.019464214123909418,0.05393692771142372,0.03131137685791702,0.038212343683605265,0.024448605437709936,0.021377532856663384,0.02199361731540278,0.0645186288919622,0.04731440118805097,0.011598735561617668,0.05360790125388748,0.00503625233460353,0.06200535082169878,0.034421288360304114,0.05292325469230297,0.0004972226853812711,0.006234635213652695,0.0005794567204210899,0.03545651131147426,0.06784151993929666,0.0,0.03467841365034374,0.049670959034869844,0.04275356205840919,0.0596525459089966,0.04729196921290224,0.014925882939566426,0.07193803827871154,-0.005913218138171472,0.046432429896034466,0.03456963234876298,0.030674185040612867,0.0336046409257057,1.1102230246251565e-16,0.0005377771689245581,0.06092760433661737,0.025172565663671376,0.029374193320190478,0.027572868238767978,0.03991224602430987,0.022805944915660847,0.0235784645935761,0.037307956757018534,0.04299439224522095,0.030095516705005654,0.026833083251471046,0.03330631355376179,0.02909219432897492
0.0039002403147819775,0.014369881147671737,0.03498917310147509,0.06581398353557516,0.055946481010152704,-0.0002730580484093248,0.03902350122854953,0.0,0.0408686327352209,0.0071391551906851425,0.03194053583229567,-0.030265448428859087,0.020114137144730815,0.05435475630967779,0.0156366001959381,0.013515013784455077,0.011059488436420906,-0.001733733644318114,0.08798342130661191,0.028125435508117247,0.016619118342910355,0.012207087350523393,0.022864132052971886,-0.009429422974537749,0.00054048800993034,0.010195414803268521,0.021753068181755653,0.004885394339520066,0.004755953917878808,0.015369831338435003,0.02218370164197947,0.009521893785623403,0.004089222946898008,0.02533125704285527,0.03584284151768674,0.04522246148156872,0.050275122942222084,-0.031987002534087317,0.047686220769828425,-0.005041312796966291,0.0501027633209713,0.0352695372431,0.05419444251263733,1.4065441561017522e-05,0.00016670634206417123,-0.010296069379452544,-0.020362970514341883,0.0686474659105808,0.0,0.0330418181816009,0.061642627020290386,0.057564186259040695,0.06487143671224777,0.05186803431258047,0.01288196760281718,0.06337582575021694,-1.1102230246251565e-16,0.058048328842633556,0.05347688052219729,0.04686528198126605,0.012800074763526903,0.0,1.6173005662090123e-05,0.06473854629193021,0.050970154943522195,0.08441993393278613,0.030435976909845786,0.04271040281218452,-0.0018084719927630721,0.02139855490303949,0.016721503646047686,0.0552609123324716,0.042111883909804804,0.04476001403033342,0.0460381770960131,0.037176456191246376
0.014708120006022063,0.023055697355488902,0.007945291564226742,0.017737515669923876,0.026771649382589136,0.021287948608840923,0.011930432397237178,0.0408686327352209,0.0,0.025293492435584652,-0.004935502571820738,0.016652438266033853,0.01863638456957767,0.03622399689133665,0.06408192365282794,0.029263400495976477,0.02955278543161516,0.045423093999548525,0.014292727731542554,0.023671001571225425,0.03183700516964194,0.01810946962924892,0.029840837193460867,0.02345891051450144,0.0693423391861594,0.049978050972341814,0.02333282550408111,0.02527667144004392,0.031817664598178585,0.02453616355265803,0.030925616276900714,0.03578633795168912,0.0321586522624796,0.031826857510611595,0.019168295683300418,0.02898992700367148,0.039914669396779734,0.02411655845902244,0.0709288062330844,0.023405300918488303,0.05030433579897642,0.035101804959362215,0.047356455661313135,0.02242335933436468,0.026157963474641555,0.0,0.03717821644218833,0.05771794617567738,0.006122351911394319,0.04396448109034412,0.043702290783915854,0.05056294815965501,0.05819116846635397,0.040469871026213355,0.05378267407640591,0.05262961127851706,0.006434329361786728,0.05065029877039706,0.052692030611358076,0.0635330342380167,0.01598141176861345,5.551115123125783e-17,0.0,0.05769857668295697,0.031764895699202655,0.01580909489181509,0.019598428353098607,0.036504172199159246,-0.0006801506905433352,0.0018202113993043278,0.032552697826650434,0.04334171212929849,0.03447245490406614,0.029024592581339215,0.03461646720538125,0.04548228882426286
-0.007957160590409407,0.12692923829623354,0.029810732404422058,-0.11338679293888557,0.02736314917266819,0.02333062426723931,0.023870909415419028,0.0071391551906851425,0.025293492435584652,0.0,0.03442554556980376,0.020096664016149346,0.02989499144230684,0.025370123084889562,0.03582309555597074,0.02975558496313091,0.018723882743089837,0.015586126640810383,0.02957680150582559,0.032112190367652005,-0.003445121220686298,0.04569064925514432,0.018448556983329367,0.025371482429284054,0.011156693985294786,0.015797694106024496,0.021935789657953286,0.03318625201343817,0.024308882105677054,-0.052789649771647906,0.042819588441283696,0.002256747610062171,0.038838274510079374,0.03307531350184062,0.03641701386719104,0.06155919464730336,0.0034771417447368447,0.04444548608441895,0.15029649666879924,0.08935390299874463,0.08540373849485139,0.06861768812774804,0.028732754364653945,0.004619512837024553,0.0741573396114854,0.016085981324507392,0.040956088822224346,0.026263690012716445,-1.1102230246251565e-16,1.6653345369377348e-16,0.04056069002638818,0.004793970761677535,-0.0008011996853640735,0.023659588070420345,0.04741201709651777,0.026640725374614316,0.04466367898897222,0.060508889809555655,0.0,0.057356565856888864,0.03582196313833652,0.05867327946680834,0.06795520892879992,2.224830406144518e-05,0.01364320495607485,-0.00028112671150881674,0.025320850056494926,0.02760178818268122,0.05023420135567541,0.05592579909597045,0.05432878428915239,0.03476988198373254,0.07571939180552256,0.047094998933276344,-1.1102230246251565e-16,0.045273252117997376
0.00013545175087392725,0.0007381987332238382,0.006288911671797848,0.04425071343749065,0.04036762190364468,0.05044709461326485,0.03281367064627533,0.03194053583229567,-0.004935502571820738,0.03442554556980376,0.0,0.016946508674511696,0.030381302573394775,0.04027205073164347,0.0,1.671089178245655e-05,0.027042332419702553,0.030468737487624742,0.015828925957518336,-7.680106575491674e-05,0.03905413491470733,0.014824083876461891,0.01923935852875186,0.015351829417042884,0.028531401988731553,0.030618577351002096,0.014624373340080044,0.03112546697279267,0.041479991999961385,0.03287473748592029,0.036081963337784295,0.024086529995279493,0.01665763636630807,0.0401233501009996,0.021457518432549838,0.04780040587625073,0.05163782623080054,0.026692509944599985,0.05299482730964322,0.005373600134203738,0.04944544718307503,0.008073416734655892,0.029342805333965438,-0.0013166122689721727,0.04388286626229404,0.0,5.551115123125783e-17,0.06505453345285472,0.00013478695562529897,-0.056850497710617065,0.04618328314440523,0.011140691893158139,0.02980730087115019,-0.13723583114218146,0.04011646934614316,-0.07470879826343024,0.016362414806732062,0.03087520982618913,0.012046921992258874,0.000762128587414701,0.0,0.0,0.0,-0.16214434575503872,0.01350190449765215,0.0,0.03846494778916815,0.029994091034875936,0.0,0.0,0.006391848670042111,0.04433659809396395,0.01538590671444462,0.03312306509946861,0.0017132460780469039,0.03079295523123282
-0.0008894267633375863,0.020117587250642832,0.016241124417209152,0.010706616040908778,0.00945434461546496,0.017857451138072022,0.0008541952953913245,-0.030265448428859087,0.016652438266033853,0.020096664016149346,0.016946508674511696,0.0,0.009691185712141559,0.03923549358592071,0.001288900660168013,0.029762542710098983,0.008913503797506606,0.0004490770506825892,0.019221685804766075,0.01574405398546358,-0.08738813526572536,0.08465892297973615,-0.002689195826985624,0.005880912211509215,-0.010650696446814156,0.02825660876187447,0.006973326139536495,0.017802982794233757,-0.011064349433768328,0.030313312132152603,0.019272951322512943,0.022333021390102792,0.09807571156114736,0.004343225504833015,0.00017551822431721709,0.005359848850500004,-0.011383268879523956,0.02361038548226635,0.004156326567025026,0.10931258045784692,0.03143231987346967,0.057424537241346885,-0.007288535584390132,0.0031918585998443605,0.09173473389681824,0.038545302738807186,0.021819587255699102,0.028273875310731,0.0,0.0003747586503636269,0.10403572931844207,0.02119005661951462,0.0,0.00846152251621729,0.046279709207840025,0.014076490913104145,0.04837842641568768,0.03235192919275198,0.0,0.014654803235733538,0.04389511963005516,0.06784324782231643,0.0641246165444821,0.0,0.0015709447627564321,-0.00016996320142853572,0.01629582361124976,-0.0016401395521097872,0.03713700161079886,0.054905585295725534,0.04766955310215398,-0.01341611833194517,0.034659645468598455,-0.00359569153233541,0.0,0.04234556292841568
0.035770592564036086,0.029382410018714,0.02579054621067617,0.038703292316159155,0.030941346265905223,0.018835928933045254,0.003266236998039296,0.020114137144730815,0.01863638456957767,0.02989499144230684,0.030381302573394775,0.009691185712141559,0.0,0.05904937067334426,0.034458076450282094,0.020261542578302427,0.034334167619752554,0.021515643297027154,0.03221569875546171,0.01885780011539634,0.021169078947392506,0.017339042262306925,0.021455878541431883,0.006931579394310106,0.02125467386691826,0.03289295039389656,0.019389468478730743,0.022925603838859554,0.011269751488258095,0.018469835200877194,0.02636295279647516,0.02516926343245185,0.032330304975870805,0.030283643609766597,0.0461560108431896,0.05148091192085369,0.021004881150152088,0.023163626587856534,0.0397876668076419,0.02323848877198975,0.04126318318366062,0.027103755933339913,0.045159383065281555,-0.010327304590485975,0.004306764084345549,0.0073299016944948225,0.03308563338617071,0.059797315890433245,0.0,0.03622610733831766,0.038659106770789986,0.040793166344360476,0.035211333992190175,0.032194283291856696,0.017461749582106778,0.0635345162399607,0.06548375767741538,0.031603876047771706,0.01689577385823776,0.03611318600862712,0.019834258720501374,0.013136854490512384,0.02518449936507039,0.052261130973350056,0.027271620938378593,0.033005140691410584,0.032014437004138974,0.0294131784280508,-0.09453787152200777,0.028773885013956446,0.03663350538140586,0.03329765809183283,0.03374265735586124,0.026919231821899703,0.0342308841791904,0.02570296662535343
0.02775857453123287,0.0,0.05321649567824488,0.046726515938184776,0.03642657135510041,0.01773507591929785,0.02757731383842732,0.05435475630967779,0.03622399689133665,0.025370123084889562,0.04027205073164347,0.03923549358592071,0.05904937067334426,0.0,0.006154452548137734,0.0,0.0,0.0,0.0586656225078806,0.004777469847802807,0.02410557720012979,0.005352938979526378,0.03681546500120275,0.042369899387705134,-0.00013157898438120874,0.019550112966190414,0.046885575626437026,0.027696449908106158,0.028243674885508163,0.0004008242924963823,0.04431836681268808,0.10288449012220513,0.012133286989335301,0.04112098872446912,0.030774967986619883,0.03730798121660736,0.03465661426187541,0.028012593402856834,0.01681389813702583,0.0,0.001315734094021248,0.0,0.03806180160088518,0.0,0.0,0.0,0.0,0.04951260103267169,0.0,0.03310646598346484,0.03614571369246222,0.048056746525539484,0.00773380331511031,0.03723928688889133,0.0,0.05711291707468935,0.0008398892134625635,0.034006683989528,0.00412511810832078,-5.551115123125783e-17,0.0,0.0,0.0,0.06015888940058717,-0.00183470726282553,0.0,0.0,0.04880885538738522,0.0004904005442273873,0.0,0.0,0.04629195962317062,0.04401224487057964,0.003171206820833883,0.0,-5.551115123125783e-17
0.017618138506063308,0.01616593344876527,0.03346278240422024,0.012318767549876597,0.020517729659080164,0.04735592239208797,0.05633058666643881,0.0156366001959381,0.06408192365282794,0.03582309555597074,0.0,0.001288900660168013,0.034458076450282094,0.006154452548137734,0.0,0.021363254765683903,0.014032418110553502,0.02774974529291746,0.0,0.05499885128420218,0.024133948398496474,0.04254376815913902,0.04019579221116243,0.01788262060961815,-0.0006549617243492567,0.031297552412103025,0.05048001047541545,0.0071135431569352425,0.024219775066843086,0.04075255754220941,0.02633759791682433,0.03351130877536723,0.04683669348305469,0.02742038997810753,0.023750437665325863,0.08418478295423804,0.0027495158298381783,0.02993789595855756,0.04613476720338194,0.056051710434798674,0.04639577164713443,0.04112926746634371,0.05547194439676095,0.0009386413193105403,-0.022546183780714324,0.03743116180932826,0.04478702041373134,0.033753025566716555,0.0,0.0,0.03952198688144437,0.03233227568963609,0.04715126305175871,0.03454126108237687,8.119500553938064e-05,0.0,0.012260915525610983,0.03678392846046585,0.0,0.056198562343674596,0.04596822435543646,0.0008494551792836424,0.03255234807968549,0.0,0.05671942270555125,0.03593201938422608,0.054492372542247036,0.043329445424317825,0.01287832732496852,0.034343785699226026,0.05991809314471375,0.04272612300058104,0.038885140653553474,0.04095871042807192,0.029825423546980867,0.03558738986612431
0.009398189892049547,0.024926659828207853,0.031006567459967327,0.0,0.02536581441798136,0.01289567196751129,0.031002475804376595,0.013515013784455077,0.029263400495976477,0.02975558496313091,1.671089178245655e-05,0.029762542710098983,0.020261542578302427,0.0,0.021363254765683903,0.0,0.022118530555653937,0.008250711799131727,0.0018520144260306126,0.03522575276376522,0.020277859387849984,0.04206037919097255,0.021235440018800567,0.021973805953999448,0.031509621911287145,0.02960672348833121,0.013772517618016344,0.007016907562257313,0.014357801546293347,0.013128714159446053,0.033493610478361246,0.015131014446436719,0.024803029804753796,0.039768722431170744,0.025236100809216122,-0.004315817208265849,0.002438343955634914,-0.033215831153626474,0.030586125338718184,0.03705015572422776,0.033509603543599775,0.04037122571356638,0.020106328943711338,0.0,0.0,0.028829616847343364,0.027129284864668146,0.0,0.0,0.0,0.023741298350382467,0.03604362095188507,0.035175376661782054,0.0,0.023063466656829013,0.0,0.014699508207128786,0.0246899487949494,0.0,0.038380889843453836,0.028988517760595245,0.028836713221341292,0.03481969202687801,0.0,0.029911129368314804,0.029637450993699188,0.021244886787436912,0.042374550202567196,0.0456724278115867,0.027019198475723205,0.040323085597781194,0.032117870112966074,0.030022199778982184,0.03782449563405493,0.0002648688014622591,0.02745533198665595
0.0011020618706442664,0.027683376437204255,0.031952345796433246,-0.000391534998487153,0.026488073884733565,0.036104755760161256,0.01963815791502499,0.011059488436420906,0.02955278543161516,0.018723882743089837,0.027042332419702553,0.008913503797506606,0.034334167619752554,0.0,0.014032418110553502,0.022118530555653937,0.0,-0.0003573031414816352,0.023411558699313606,0.02412114358435896,-0.009584621821317307,0.04415452724682384,0.015058672344407054,0.007728085186914646,0.027359607565037525,-0.0006048722401987838,0.0440122250034114,0.02725013393063397,0.04242452239740607,0.018586765644990788,0.023932491505220255,0.0360375159363458,0.025479744423088813,0.03067040503506019,0.033203294950779616,0.02199552779970204,0.01062706701174948,-0.001212354696378759,0.061802157156846727,0.035171182840934956,0.052310111818165306,0.06532658094999105,0.0,0.0,-0.026878490901477148,0.02423473154796979,0.04562315439739634,0.0,0.0,1.6653345369377348e-16,0.0007682189999898004,-0.00019918059267026722,0.0,0.0,0.026736906639823088,0.00035349208451673775,0.017986828166234092,0.014678321357733615,0.0,0.0,0.03931269407506355,0.040665691993283126,0.053115847189527665,0.0,6.88607312519518e-05,-5.551115123125783e-17,0.019999856068089905,0.0004183534251478438,0.019904542399363956,0.043831425965105086,0.038175024337154695,0.0,0.026480413266939673,0.01790762005165114,0.0,0.04845562301447964
-0.012367848041565377,0.010101108306864004,0.0435448291413601,0.0,0.038141625078073504,0.03156406155903041,0.020774277384233653,-0.001733733644318114,0.045423093999548525,0.015586126640810383,0.030468737487624742,0.0004490770506825892,0.021515643297027154,0.0,0.02774974529291746,0.008250711799131727,-0.0003573031414816352,0.0,0.03359517378591864,0.01398202976922186,-0.0030979405670698013,0.033491443447673463,0.021229255382186563,0.007875405392071377,0.035778155349404095,0.009985650939878465,0.02747417154794579,0.017846824152204455,0.01001484448741613,0.038405462989396344,0.03480768418873148,0.025398020970620383,0.026507207579100245,0.04118240054999328,0.02773767328499932,0.055458263235621696,0.0,0.02156569153433685,0.03118617402640056,0.03215086053268579,0.052370972547685635,0.04160778562195788,5.551115123125783e-17,0.0,0.04204809747271798,0.005391454487985281,0.010403710988965587,0.0,0.0,0.0,0.02549630183046553,-0.00018705112788119926,0.016050523103465497,0.0,0.026636994869444708,0.0,0.02219118411790988,0.031581777788437515,0.0,0.01630488118711293,0.02626874442241056,0.040635619887747276,0.050269777135237836,0.0,0.03445747946436156,0.021998068487450728,0.015900163814343782,0.040925711173128376,0.016803206137295357,0.03700155136694999,0.03705363039762938,0.04936290958905232,0.04175783809822453,0.0004976581665668833,0.0,0.027856723362924052
0.0,0.029213986515503,0.03905962956061282,0.046003391798709214,0.0452605693873146,0.06298276068797415,0.037299903414736935,0.08798342130661191,0.014292727731542554,0.02957680150582559,0.015828925957518336,0.019221685804766075,0.03221569875546171,0.0586656225078806,0.0,0.0018520144260306126,0.023411558699313606,0.03359517378591864,0.0,0.006671734688750319,0.009318270738840784,0.018163108850335452,0.05738002157457739,0.03361627785180277,0.039142379725029264,0.031534525455149565,0.01634035157698155,0.03316801660756663,0.017659007568096352,0.02545232293992572,0.0461728559560759,0.03198217694118799,0.014749482488156773,0.04838423411382964,0.04984797612932418,0.03273899681437925,0.03619022685445794,0.019165911333309027,0.07113102309749764,0.033701290149346474,0.06661093232667625,0.028103146255365696,0.08748281295098925,5.551115123125783e-17,-1.6653345369377348e-16,0.0,5.551115123125783e-17,0.14916499570873482,0.0,0.07907959168665457,0.08228738630554078,0.07166185928114488,0.08919029754416796,0.07333673595924173,-0.002038766366141642,0.17012941652735486,0.0012817597077652287,0.06142054745857206,0.037507826852105575,0.001758037720709149,0.0,0.0,0.0,0.09598681202814341,0.04544320060825252,0.0,0.005158678537167394,0.07232187253911615,0.0,0.0,0.00355466560813944,0.07856424875624579,0.06490725029557665,0.04680560067497952,-0.0008041500426380077,0.06717063671243317
0.012016464149765593,0.02622845811463842,0.03366896110347922,0.032704463719797405,0.023394220782437025,0.02237037706809003,0.025564348357939137,0.028125435508117247,0.023671001571225425,0.032112190367652005,-7.680106575491674e-05,0.01574405398546358,0.01885780011539634,0.004777469847802807,0.05499885128420218,0.03522575276376522,0.02412114358435896,0.01398202976922186,0.006671734688750319,0.0,0.01697986648577049,0.04126046400646327,0.04339200615985367,0.031892997873514906,0.01027590088803676,0.03217404463552054,0.015329261384323778,0.013982343339058068,0.010743242439857859,0.019298556011220158,0.02710174189902448,0.02485460208840451,0.028860950970641452,0.016354799903578743,0.016983509105654826,0.04216781770156042,0.01708856074471088,0.02767491290663654,0.0410796333396396,0.03756406223743147,0.045509937989674676,0.047661751159596144,0.040768602872240434,0.00012411161602710052,0.0006140256374911335,0.05086049978960194,0.03073588964003443,0.029943852633807888,0.0,0.016179054310920038,0.035750712122468,0.028520755735686687,0.07459861712798355,0.05582196021281821,-0.08107547182696567,0.0401962545885553,0.012583425166649564,0.0368033109236926,0.0,0.04105436664764095,0.04160971733728175,0.00588663476346174,0.032561276342088774,0.012064187335415644,0.04195553634075039,0.03803227814277921,0.03885404166657658,0.04822267023855009,0.00240065527501776,0.025643400408843553,0.03848823479893915,0.03960765062442795,0.03904052050056328,0.03845995791669893,0.037476848514409744,0.034899687210617925
0.006456820012314846,0.015651134048859983,-0.010211373669950174,-0.0007988526464678403,0.05200314661841787,0.015879627797379614,0.027306096178413508,0.016619118342910355,0.03183700516964194,-0.003445121220686298,0.03905413491470733,-0.08738813526572536,0.021169078947392506,0.02410557720012979,0.024133948398496474,0.020277859387849984,-0.009584621821317307,-0.0030979405670698013,0.009318270738840784,0.01697986648577049,0.0,0.02148390983195092,0.01369407471090478,-0.012735192443206256,0.006919476053755869,0.020553320647594298,0.015795010191608228,0.007524992702592326,0.014877808485683208,0.02442141132478226,0.028379703478852547,0.031404047028208426,0.032495105825368076,0.026744226217846223,0.03795108520998841,-0.08214520772250272,0.006285295013373826,0.0692892503578807,0.044318499421740265,0.058707236666238005,0.045434133520637854,0.0444646948322559,0.06176144476480544,0.0,0.0012745667505217328,0.02320726973626258,0.034226276631835084,0.0012572669203362308,0.0,-0.0002408803083854827,0.043126003951239666,0.02810671541972032,0.10870275248090433,0.011885189574987798,-8.894781308871336e-05,0.0,-0.008630753416497827,0.04597780476391411,0.0,0.041790983764723955,0.038095157060187124,0.0,-0.01907261559850698,0.0,0.051140505839790185,0.04795174132310431,0.04206109452226514,0.0613744266553124,0.023783504652679976,0.03479748811749317,0.05115597057113713,0.04898316610332426,0.047981759218171494,0.048931504746255405,0.02174428572297732,0.0467412233273653
0.0233541647451021,0.0259467220421033,0.018947145043735902,0.003401604329085983,0.02843548521049627,0.01923172984314131,0.027200729135085144,0.012207087350523393,0.01810946962924892,0.04569064925514432,0.014824083876461891,0.08465892297973615,0.017339042262306925,0.005352938979526378,0.04254376815913902,0.04206037919097255,0.04415452724682384,0.033491443447673463,0.018163108850335452,0.04126046400646327,0.02148390983195092,0.0,0.02483103992440394,0.05130869708170255,0.02774189130394994,0.03379434936420139,0.03273060870284167,0.010087667557808877,0.014601587509365077,0.0017546111023865607,0.014732132534683084,0.02006185112959258,0.022765969857351354,0.014005295892486835,0.018013162166760188,0.027914643560958075,0.02191695022451068,0.026430585818338292,0.03739538003257392,0.04883738655792702,0.03753150038253489,0.04332727661119584,0.05637485960228816,0.0,0.004882015353392166,0.029435381536851324,0.03269608224572057,0.04329816992095453,0.0,0.0005701605999268167,0.03257571750657351,0.023579429375373606,0.045399722557524835,0.047281452575904326,0.02988438801935167,0.0,0.01949830226381899,0.03191296628748913,0.0,0.044010301679200725,0.03438330148330099,0.029076407325812736,0.03250661975576358,-1.1102230246251565e-16,0.038268314851716945,0.026876417169796496,0.037764986499029984,0.04191761203618549,0.02205611299013649,0.026088924450107853,0.04760426679953067,0.03651492784934918,0.03467881570729575,0.03162528403214204,0.032452614488788056,0.030056819719842642
0.01816447840039348,0.020466962387310217,0.03040108614035658,0.03022804140052371,0.02870358538160217,0.02714334929830914,0.030613066783465703,0.022864132052971886,0.029840837193460867,0.018448556983329367,0.01923935852875186,-0.002689195826985624,0.021455878541431883,0.03681546500120275,0.04019579221116243,0.021235440018800567,0.015058672344407054,0.021229255382186563,0.05738002157457739,0.04339200615985367,0.01369407471090478,0.02483103992440394,0.0,0.0003028197735129856,0.020810234932745142,0.02899707094572418,0.011783009020044033,0.014654200874339385,0.020049744734506825,0.021655526602235298,0.026079510213776247,0.03061602109938355,0.036340096196309735,0.02642691488658605,0.03354837419384249,0.016523662257576455,0.03757546219593533,0.024767664378521403,0.039553465404073784,0.06313340486933189,0.036138999491325374,0.04338880738136608,0.04026079365120039,0.03490852589331861,0.017807063876701335,0.025544143343484038,0.02943614365059455,-0.028675277629060303,-7.49981990315618e-05,-0.026746633809088816,0.04049135128148096,0.0322786674974912,0.04102590508821241,0.034074154718714667,0.04511047999040119,-0.16012282186677473,0.03179325437930064,0.035526984704825515,-0.01758136814471223,0.03217968991132614,0.03560122357867551,0.016784259580788552,0.02587478735112475,-0.20965391037141334,0.03549824659284745,0.04079263175149461,0.03877474907628026,0.03374009782112042,0.007414420197785154,0.030623576036352962,0.026367264716663508,0.03640180627907086,0.03117269473540718,0.03205613332496615,0.034201594853389805,0.0333407003988212
-0.021880764674736763,7.345898196942091e-05,0.020350658743583216,0.00976474661373733,-0.032257772104772264,-0.009168278031457922,-0.00867124306163447,-0.009429422974537749,0.02345891051450144,0.025371482429284054,0.015351829417042884,0.005880912211509215,0.006931579394310106,0.042369899387705134,0.01788262060961815,0.021973805953999448,0.007728085186914646,0.007875405392071377,0.03361627785180277,0.031892997873514906,-0.012735192443206256,0.05130869708170255,0.0003028197735129856,0.0,0.006777509483487931,0.01432211040507253,0.00797826756834985,0.019843446736311665,-0.004026586615026195,0.04223336932817001,0.022844003755359388,0.014317410403021869,0.048437331739758005,0.0058003579528857485,0.00742774343716196,0.02795603677953956,-0.003668517085296197,0.019748734929632528,0.11746496300518067,0.04782342450213006,0.035187961687118297,-0.013522522721957253,-0.028404746457680707,0.004641706081898178,0.013249303363255416,0.02154334148313969,0.026282100828270205,0.00016087353726484954,0.0,0.0,0.10090737066840283,-0.012444075193780879,-0.0007909654281693101,-0.0005733895567843761,-0.012555794981226276,-0.0007292713294129727,-0.012188971159234674,-0.006582542778180989,0.0,0.033168967806988525,0.036380422839482396,0.05183579231556601,0.04835069644450268,0.0,0.008199750295032449,0.04838813599244829,0.008016242638030247,0.03728866934752845,0.004296018511888988,0.042875270150676104,0.025946451542461557,0.019902871451258464,0.06288847081602855,0.010610790730541664,0.0,0.024031964445695775
-0.008741088025260857,0.0234994083447006,0.06554567017627388,0.0,0.043360507001955595,0.012847929332868713,0.023876089980575887,0.00054048800993034,0.0693423391861594,0.011156693985294786,0.028531401988731553,-0.010650696446814156,0.02125467386691826,-0.00013157898438120874,-0.0006549617243492567,0.031509621911287145,0.027359607565037525,0.035778155349404095,0.039142379725029264,0.01027590088803676,0.006919476053755869,0.02774189130394994,0.020810234932745142,0.006777509483487931,0.0,0.028748938042710503,0.012240629366356226,0.014806651933502224,0.010990111548458692,0.01753509995306496,0.03566024318691069,0.023599169163863565,0.02724603403186926,0.037956325164112126,0.02829003534604163,0.020856483047561936,0.0011059203156302821,0.018269916132732766,0.03203569111071308,0.034318313907121145,0.04189831391210547,0.034951520626678056,1.0094054568865474e-06,0.0,0.038095279058525056,0.008649113469469893,0.02378262352680144,0.0,0.0,0.0,0.030111702745824254,0.012274153702306057,0.031456709409424244,-0.00015870657095540253,0.039264597221335906,0.0,0.027881044772982977,0.02494290345438832,0.0,0.02256511294463548,0.027779169906943846,0.04400363391585832,0.045723112566188884,0.0,0.02361264823978443,0.030518605123019182,0.00757076861733641,0.02860850562662276,0.026803114307718756,0.032426122368428845,0.03502376308870708,0.02104631323431383,0.01603339665901632,0.013685466865329399,0.0,0.02537631119967859
-0.0006292360989683665,0.04090209624200197,0.04381598588087515,0.0019350538511837545,0.051494076119526166,0.025874445648579214,0.03313874391181282,0.010195414803268521,0.049978050972341814,0.015797694106024496,0.030618577351002096,0.02825660876187447,0.03289295039389656,0.019550112966190414,0.031297552412103025,0.02960672348833121,-0.0006048722401987838,0.009985650939878465,0.031534525455149565,0.03217404463552054,0.020553320647594298,0.03379434936420139,0.02899707094572418,0.01432211040507253,0.028748938042710503,0.0,0.03173700998154383,0.024844708490258383,0.024130398325634905,0.027517662946796195,0.03488265752524489,0.037547881221007884,0.032345396940502646,0.03830578083811137,0.03554985094658808,0.03411774816279284,0.04614083675913533,0.0132743934477213,0.036210022767309835,0.03736099260995884,0.03763370320448145,0.04151105610780653,-0.019150292070317154,0.0,0.009595888440035782,0.029249244752330095,0.03554341384721138,0.02342305248289761,0.0,0.0005326630919111897,0.02967140778502131,0.03462505748591688,0.01599567506772881,0.02983736819942351,0.029280566185496404,-0.0001630014687752368,0.011758042208092678,0.03157558837154689,0.0,0.046137117385489645,0.03688759047186485,0.044793347043072196,0.044061345704483,-5.551115123125783e-17,0.03550519130804708,0.03628235199957153,0.035680193269725435,0.03271874947684711,0.008574900740837388,0.03375658934611803,0.041382630355556116,0.03152391163615653,0.022023347262031145,0.030818808651259078,-0.00017439449175282729,0.03088133307622931
0.01448879672599529,0.025483660868332536,0.016370236356351375,0.027420892796804208,0.018040626410672722,0.02811113646050295,0.014299280533694225,0.021753068181755653,0.02333282550408111,0.021935789657953286,0.014624373340080044,0.006973326139536495,0.019389468478730743,0.046885575626437026,0.05048001047541545,0.013772517618016344,0.0440122250034114,0.02747417154794579,0.01634035157698155,0.015329261384323778,0.015795010191608228,0.03273060870284167,0.011783009020044033,0.00797826756834985,0.012240629366356226,0.03173700998154383,0.0,0.019465275916271674,0.017284179821976553,0.016369121991971103,0.02271338560588837,0.032756439921103,0.026322453407793267,0.02024505335517318,0.025741904260809745,0.013280784566183368,0.023805913028423165,0.011571405585660555,0.034677927964476274,0.06333725157696074,0.036481174106752445,0.05479322863484415,0.03331032590510946,-0.04552691781375906,0.02242396217046677,0.004931516777154699,0.036771176633659364,0.04733135139635802,-1.6653345369377348e-16,0.03803243511862886,0.036522448191039,0.02890098179703915,0.03771372720566646,0.026749013372861064,-0.06220290638694126,0.02558387827868336,0.02128219777135182,0.03012219819245543,0.018300182463014347,0.0356719048892844,0.03812049333913331,6.267858698272288e-05,0.013793022401644928,0.03251512426128278,0.032168780588013424,0.04050625766242255,0.035966222658303515,0.033030373647003564,0.01937553606349729,0.03195505563483375,0.03752835128813353,0.03323063566873352,0.03175800218356728,0.031157841435588862,0.029435731576448854,0.029997209042451844
