0.0,0.04304008970914053,0.019173238574979157,0.0,5.395994167489704e-05,0.01892917092936003,-0.017776420649325997,0.008410259495460148,0.02143063093633457,0.011747461228547307,-0.0003260882785283137,0.02242817507985101,-0.005761092763788445,0.0015901914386065585,0.005751738867664724,0.03187688042550335,0.03903658768969637,0.02380558475507788,0.0,0.039324964999098766,-0.004102386393435353,0.028185501587004502,0.010237896856276574,0.007472377564495258,0.011201428934738689,0.029452681228516686,0.020743581993905857,-0.00045257410882693083,-0.0008567215242962778,0.007496171722846057,0.005391079529693588,0.0002531044927010506,0.03472269936265071,-0.0035540994855389196,-0.0010703062239013073,0.03782574798556787,0.0,0.007571863270786683,0.06326356526665916,0.06022308942155613,0.04362348931366944,0.04979325941781365,0.0,0.0,-0.005712040466836432,0.07145824829015124,0.07207039347434097,0.0,0.0,0.0,0.039010928189826655,0.0,0.03082795387712095,0.0,0.015972791036936773,0.0,0.05270939756321763,0.023625958355766197,0.0,0.036107874604967505,0.04943191470923636,0.03077697008674174,0.05265732726022426,0.0,0.013435573842704107,0.013607546788528213,0.0726388502080706,0.03146599892581203,-0.04986270697638129,0.04130134340898761,0.07060737006882489,0.01827463605214824,-0.00011408939545465291,0.05476961635756117,0.0,0.04690810757853592
0.04304008970914053,0.0,0.049748291289276936,0.0,0.029023051602338923,0.01808349401046344,0.022975782715676574,0.040791333793078643,0.027899388054678065,0.035607602423301354,0.00023668467663273685,0.021514236711733137,0.01712416785955795,0.0,0.014150393347008072,0.02750204096875225,0.02173168063319808,0.03194308677126312,0.019625445473146652,0.013686133439696158,0.03708001856456927,0.0011607881046501456,0.01579519204586305,0.013388475018297319,0.02964877713262043,0.00786972341943809,0.02231705207944379,0.013631831129985839,0.011971563316004685,0.008687578168463217,0.004049818746485467,0.008179476225419036,0.035250585943310875,-0.007429920658765854,0.013118800992440283,0.06704181266086795,0.006609722544578034,-0.0003227422911058486,0.043613133548498384,0.05854898455208185,0.06007142013665284,0.05759743416337004,-0.013130415045297994,0.0,1.620066513630114e-05,0.06982261650061627,0.06863704235151441,0.01176371028908274,0.0,-5.551115123125783e-17,0.050596547590780194,0.04735029507146332,0.0339889139116798,0.007379810795157593,0.02643833565991538,0.0,0.026216834448409165,0.04251554697963772,0.0,0.07239753621079709,0.045652311581899585,0.016851372368951845,0.045992063334421796,0.0,0.03628553244422428,0.04720772563043629,0.06240222405193108,0.04843689554298236,0.020095812649433276,0.04708944890724476,0.07631945453731898,0.04037819184376501,0.031208829200827348,0.03633637026091813,-0.011479840482706616,0.04343734600199117
0.019173238574979157,0.049748291289276936,0.0,-0.0245218878523632,0.019696557828283112,0.00756938772204957,0.03906476452990598,-0.003631289590449782,0.005078731365458056,0.03451721230403881,0.010670310504284075,0.031619257218015895,0.04563257107438462,-0.014902886574626573,0.03148676654702015,0.014892640493985754,0.025129201413289726,0.037282458854914546,-0.006451380992973821,0.019602364772954572,-0.002465974896629919,0.03538261075147697,-0.024738453033590402,-0.002280067107236161,0.07040188509509993,0.04535085804523742,-0.014881720115544672,0.04689732644993849,0.04084823936834392,0.05364712467380467,0.045219507234882106,0.02442592573649449,0.02148191441666175,0.04044123556784357,0.033007974509253135,0.0019892834295188733,0.01224802299503841,0.02812775295750769,0.04097685425287301,0.03741053529509436,0.03240441931448368,0.02447201121164444,0.039364441026210395,0.005163356140004627,9.085740103281781e-05,0.0,-0.005688799692163293,-0.05659195054313931,-7.027516188723437e-05,0.04188100541791684,0.03758379654510491,0.03955477087210235,0.02807697955351285,-0.039190340411195734,-0.00553562294536436,0.02902704614322066,0.0033705825253563804,0.026213617817635426,0.0525528427621077,0.03773588286664903,0.00012323310580236724,0.0,0.0,-0.08086933515139016,0.021123016995587385,0.0007085070397805926,0.015305811879979758,0.03357405179920758,0.0,0.0,0.008513714354831947,0.046032817065820186,0.02206184478669171,0.03560412640074723,0.02735584725763518,0.02423821983759955
0.0,0.0,-0.0245218878523632,0.0,0.042372184389783185,0.03171970856249423,0.038115988655821165,-0.010050723333769551,0.02308696520269199,0.05334096986346376,0.004963966781156182,-0.04338332672627929,0.02009151486096511,-0.01604892478258302,0.007757913039528552,0.0,-2.7195723889150702e-05,0.0,-0.014688303532253533,0.03577888192933876,0.00026030430482648637,0.012257943222880763,-0.016336347479692814,0.004928603990300817,0.0,0.0006268287553989893,-0.0041011204778426125,0.027896154006832485,-0.0087074871712155,4.9830849390253285e-05,0.00714174147548563,0.03691411170593978,-0.055339194984351914,-0.04430479245581215,0.003729316496962898,-0.021636802026650054,-0.009947899313263037,-0.01485182400646462,0.00023885985996430215,0.0,-0.00019390845134309442,0.0,0.0002702204300817912,0.0,0.0,0.0,0.0,1.3891258208498236e-05,0.0,0.0,1.3699985303428086e-05,0.0,0.0,-3.2521224161807805e-05,0.0,-3.329352419612075e-05,0.0,2.4481987855207166e-05,0.0,0.0,0.0,0.0,0.0,0.0,0.0,0.0,0.0,0.008809362184271308,0.0,0.0,0.0,-0.0013169397474850353,-3.187648695884837e-05,-0.00012537426556125109,0.0,0.0
5.395994167489704e-05,0.029023051602338923,0.019696557828283112,0.042372184389783185,0.0,0.021449136240505984,0.028677711566313102,0.040531206423128574,0.026299268222467864,0.04392555948110244,0.02888091835836104,0.02645705251035002,0.02918109407385222,0.004667090136146912,0.02039854055339213,0.016149502271868066,0.036516142241995286,0.042465946870546334,0.03881872827761207,0.039685129060849034,0.028677389378289564,0.029288891781216353,0.035281917773380134,0.011207407655056012,0.03794659287369884,0.03760930151925651,0.021996036478288516,0.04524378934108886,0.03094757613963317,0.013809834501154306,0.042904095998185454,0.036950695283920754,0.043419916296139394,0.0541675771474075,0.03991677741242894,0.013100902431409434,0.0590666811920767,0.0326315471707293,0.07668833624721438,-0.055535930469531314,0.05193442129401882,0.00875041636020013,0.09300130519938682,-3.419340074811705e-05,0.01409324786443722,0.0,0.012865642073720429,0.04567014727059415,0.0,0.08546469088150133,0.05652992606862195,0.041388146883584165,0.05757230243299771,0.06127948982083253,0.00039640763408699264,0.08826820975134719,0.008456587209393684,0.0425507716182284,0.003065598776932965,0.008733856109682414,0.00012887664646604735,0.0,0.0,0.05627933560834952,0.016987575379442565,0.0,0.01945135048159846,0.045742848659929836,0.0,0.00014040368847129114,0.005543072680191108,0.05512462018194786,0.04395131662470797,0.04358453906837756,0.019433999317374884,0.032360773345369576
0.01892917092936003,0.01808349401046344,0.00756938772204957,0.03171970856249423,0.021449136240505984,0.0,0.042853332022232904,0.01645372407700757,0.02352345578967041,0.05332331249628308,-0.00802574196723671,0.044976404973770034,0.04119338134811584,0.003726278924598425,0.039027963232266705,0.019009481443961362,0.04587553639959896,0.04564831902196276,0.05148525209266186,0.03719257109407953,0.02350688906843068,0.023197973069504885,0.024143976904320796,0.023996100547803878,0.018494909076831878,0.026525934564620324,0.019514105157723227,0.032931126028433844,0.025809701487887693,0.04286636079002504,0.053343367054934976,0.030275968437305734,0.04592427874935345,0.04876658465793432,0.0384415801763382,0.051055185423656446,0.061333764051743234,0.031901517712689564,0.03337843788573214,0.0144453056621216,0.03203994712274749,0.03728172158315923,0.017819569778195987,0.042010975176449084,0.011173722379356044,0.008808936707630166,0.040599709105226756,0.022544121809471407,0.0,0.027238888772191272,0.0343794867302194,0.024604842932076654,0.0081882220369342,0.034967258370180554,0.029233845470032827,0.03734811472687971,0.01798687247124503,0.021518622380578556,0.033616883895090044,0.03978841104455666,0.018589802207255035,5.551115123125783e-17,0.028438507792645673,0.036930567995995034,0.032341702379084125,0.056106837488818506,0.0459722200969131,0.027850809676838617,0.0,0.025524476140632302,0.04630518364232156,0.03921219156842859,0.028045360442994993,0.0330696446874863,0.019827011158323526,0.022111708779150807
-0.017776420649325997,0.022975782715676574,0.03906476452990598,0.038115988655821165,0.028677711566313102,0.042853332022232904,0.0,0.03540005202470331,0.019528601709906335,0.038649929615570955,0.03554263606108449,0.0210957984413791,0.026218753444101905,0.014306612922474315,0.017802843130999113,0.018694898169224206,0.04659091054687725,0.029044080391080696,0.0489296365627474,0.041957053487160056,0.04178939946918292,0.024150922518916318,0.043515081600112526,0.010171514602292653,0.021369748861548077,0.019652471530697102,0.03553937337843338,0.022050867417928,0.03319986317332907,0.04516803303138839,0.05344552580173034,0.050104580991846726,0.040031033917746706,0.05679058126167763,0.030330241482899145,0.03174872433562104,0.06605429468256552,0.022539228825306512,0.053045031279962795,-0.018675571500212318,0.048531972335859264,0.05688390466383786,0.04076942901908959,-0.0006372560794438709,-0.0007936948973204516,-0.00011479175477197012,0.033593234331452115,0.03532576427087797,0.0,0.04863664323556138,0.04788344509368192,0.03127576176745517,0.023108906970680798,0.048072866114270085,-0.02229049761766083,0.061569989350317766,0.03385570607192456,0.026000115768765708,0.022390191575762608,0.02601557335714788,0.006915738298212626,1.1102230246251565e-16,0.00012144101924688178,0.044493331543619896,0.03577582467520607,0.023556124159808733,0.02776520211668465,0.04339810105109021,-0.029935417640677753,0.07795270531082477,0.041966737500334916,0.04706932558138066,0.03109365977692602,0.03534305232623719,0.030715140762192505,0.026686209616846646
0.008410259495460148,0.040791333793078643,-0.003631289590449782,-0.010050723333769551,0.040531206423128574,0.01645372407700757,0.03540005202470331,0.0,0.020471146549628005,0.032804067893798916,-0.06015326835308782,0.011486758695579913,0.03114396535857028,-0.02769148255139453,0.03324299163714345,0.0045359124191213795,0.029110453806243164,0.021944874898815803,0.018099950297374434,0.0251620735619138,-0.0006334991283610258,0.007438264055388055,0.009873376207103601,0.001472564486587613,0.031447294028545736,0.031218206566054507,0.02118299172800525,0.010110978284311345,0.02048290531781305,0.00939645707683684,0.013756259755460909,0.007324828276884299,-0.0364885782480629,0.0070469010791488484,0.01827126847313465,-0.0004127322603317829,-0.013665229100273624,0.0027750596104064162,0.008019890434721122,0.02663566841250531,-0.0026485990728788433,0.005368251507603006,0.016049250902217593,3.17626269397131e-06,-0.00016051266455779922,-0.008939839183919607,0.028279919386205443,0.00022631178155330112,0.0,0.0059647216159322,0.02545028826363349,-0.004095074524955389,-0.048581286245900746,0.019831977597398187,0.007243146340774276,0.020280943102941984,-1.1102230246251565e-16,0.0050390605927381205,0.027455332259558707,0.02340247777549448,0.02792711510157786,0.0,-7.3354119590751665e-06,0.012985369979960026,0.0040663971084025086,0.007065389000063094,0.03247207707647454,0.004010612783317491,3.6175288833206753e-05,0.0315069279478678,0.03423132068280027,0.015624812178337,0.011086605666803195,0.017183926098369384,0.012971028083337222,-0.00559532970269494
0.02143063093633457,0.027899388054678065,0.005078731365458056,0.02308696520269199,0.026299268222467864,0.02352345578967041,0.019528601709906335,0.020471146549628005,0.0,0.04189133308803744,0.04334839699477566,0.034433734537378524,0.008643688049377929,0.01227103863499468,0.014042239570574933,0.027016100962222733,0.0392865476587928,0.040147631472569556,0.020200581435202314,0.04518953381384333,0.01994804697188668,0.031117578989011407,0.025117785946650706,0.023280354834695982,0.06218295790411221,0.029812290619864956,0.023066982998445118,0.05493052471703941,0.03734006903848225,0.04495347441310332,0.05081381658958117,0.03207532693982584,0.03178183341495183,0.04855676614443594,0.04791036344404609,0.04381036190688187,0.05814373939046108,0.03261651013517208,0.05421886966169209,0.007106487983464971,0.03444898722187473,0.04536182559656776,0.04858616284426981,0.017647297436365006,-0.0006663331756003865,0.0,0.0201280912016229,0.049910633679644656,0.007161198756986953,0.0354406815034678,0.04001593709945739,0.03943290578980063,0.035413272868065726,0.03644325656685199,0.001641578011408129,0.05774443496581755,0.04396117822231688,0.03669122844526451,0.04340591876021205,0.03364300318732166,0.01719109857415474,5.551115123125783e-17,0.0,0.040577802800475404,0.011824280489951322,0.011913769580365441,0.0413999891941188,0.033441378824549006,-0.04985140947917999,0.0031365655598257214,0.04413276593241133,0.03831196229517553,0.032634965600241705,0.030726179610926718,0.02389899321083866,0.023637587572202468
0.011747461228547307,0.035607602423301354,0.03451721230403881,0.05334096986346376,0.04392555948110244,0.05332331249628308,0.038649929615570955,0.032804067893798916,0.04189133308803744,0.0,0.035058796150706784,0.03925731998449933,0.028320333884939652,0.05428099294950722,0.01627240633821153,0.029647235498887425,0.029698899301220216,0.030234892546022074,0.028823501264389317,0.006993806533303615,0.0163011210549307,0.003401357178338893,0.045920271960397996,0.009165847926309867,0.031198814466218527,0.0459071893438468,0.04900372790874635,0.0013411488226633406,0.042199882460819294,-0.014527945653804275,0.016840884601518225,0.0009759755860954122,0.02974397293086173,0.020181563130798497,0.0008454013026353846,0.07016073911475468,0.012744936460631406,0.026998635453852227,-0.02758351704528611,0.031808121976199366,-0.0014536699243379303,-0.018233896736255584,-0.018774517707121186,0.0016051755701796955,-0.005589630649121713,6.484810664958429e-05,0.06522734389551316,0.02116490055868525,-1.1102230246251565e-16,1.6653345369377348e-16,0.029949401824165167,0.005362825175285801,0.000674211688376336,-0.008287660503328409,0.05030290404431648,0.0005992876595783958,0.040042021916126325,0.010029840924493771,0.0,0.0003256306369527895,0.05067507945387484,0.059143831119453594,0.06083004222178262,5.0241194267663936e-06,0.017685152757348332,-6.348412754553223e-05,0.012609259376733961,0.02669104732401717,0.014119180725006009,0.05500185586932177,0.04974298202436411,0.024152432438299343,0.00445071159594812,0.0016283288128041695,-1.1102230246251565e-16,0.028853138907036002
-0.0003260882785283137,0.00023668467663273685,0.010670310504284075,0.004963966781156182,0.02888091835836104,-0.00802574196723671,0.03554263606108449,-0.06015326835308782,0.04334839699477566,0.035058796150706784,0.0,0.019600959287190856,0.039815898657850624,0.01885047834962833,0.0,3.7736591434467393e-06,0.02922204152928276,0.025993213044602392,0.022305989183383723,-1.7343242226464106e-05,0.019721730304525842,0.01269484159049783,-0.02397784100965228,0.01694153895177236,0.025248873324173415,0.03728516654339736,0.011388506279990607,0.034429313392089544,0.04274584086547961,0.03868877766986806,0.03397604365415463,0.01963629293758168,0.025991001071341502,0.035925775248286496,0.0364459285433501,0.02024886883188337,0.046039016854513226,0.015990925860963456,0.053778601243924584,-0.0062114895259908764,0.06247786429130636,0.008239704303210693,0.058691456906445894,-0.00029731782071867885,0.003449826820312918,0.0,5.551115123125783e-17,0.09967693760237484,3.043763517335263e-05,0.09348254632377484,0.05017063628009366,0.06244850843873956,0.02547876556010953,0.07521264253985593,-0.01743870285599719,-0.015757316422991163,0.019026059031667375,0.053561312548625784,0.028373716023490203,0.00017210413122947799,0.0,0.0,0.0,0.21586804882213534,0.01509306061548632,0.0,0.01394229654092799,0.047699111501305014,0.0,0.0,0.009428034196465984,0.045301437890699736,0.05066652615350736,0.054636045114340004,-0.0003104302583907814,0.018143096786459145
0.02242817507985101,0.021514236711733137,0.031619257218015895,-0.04338332672627929,0.02645705251035002,0.044976404973770034,0.0210957984413791,0.011486758695579913,0.034433734537378524,0.03925731998449933,0.019600959287190856,0.0,0.01845056955244484,-0.0067108153227100065,0.01663810376250424,0.044993000747103995,0.05687805624890119,0.04538550738162439,0.038911178786956546,0.02746904096098013,0.01805122503546769,0.014499117828467079,0.016870396776921703,0.047380589555667096,0.06374711474759082,0.03452076692509676,0.012433688295862722,-0.06196911601949445,0.011519738013862801,-0.0015607639312005817,0.016005720816717806,-0.018736823518083756,0.030301532600749026,-0.017557380461644456,-0.009603165882043019,0.024439366760991454,0.006259528261252645,0.01648255437688212,-0.027603125605449585,0.03425007143733694,0.008355073072675356,0.007470840217427666,-0.004819125294362847,-0.0008976386727857777,0.005330600077573078,0.012771808242659721,0.02158117557887812,0.0033290456862578033,0.0,-0.0002196841602509214,-0.008995985567749831,0.040705543634586616,0.0,-0.00883908801053529,0.05679430451040335,0.015147206439715954,0.05741037281019362,0.03742097879429962,0.0,0.015616706363747512,0.056825658647772226,0.06403618438626857,0.06283101054327916,0.0,-0.0009105984531668221,-3.838114670651205e-05,0.019812234744180257,0.011356819408330165,0.003108152655038998,0.06043999338225259,0.053426079700923224,-0.005385910397432747,0.0411806318578537,-0.02076678327994469,0.0,0.04329410230845954
-0.005761092763788445,0.01712416785955795,0.04563257107438462,0.02009151486096511,0.02918109407385222,0.04119338134811584,0.026218753444101905,0.03114396535857028,0.008643688049377929,0.028320333884939652,0.039815898657850624,0.01845056955244484,0.0,0.0019693739575451508,0.021070286349642642,0.012872712938066078,0.02724328608554527,0.019675222628043387,0.04964764672257038,0.033729502698885805,0.028727409649106916,0.02048086858565079,0.041767505084859435,0.014555629012731275,0.01752471161045077,0.021595098154112036,0.04112694196481265,0.030966971581282532,0.027808658225171867,0.008305334037244594,0.03645141555200343,0.04261879319686318,0.034814423349810275,0.036410960687028704,0.011659160994913376,0.04751062417382523,0.05264836411567275,0.01556221758986115,-0.03296924628853731,0.0006664938302673451,-0.04774500573070706,0.03163815419162275,0.031209172576327104,-0.009637628961463862,-0.017312763783694285,0.010682210252901614,0.034467612207374265,0.035415715654434354,0.0,0.041957021145789586,0.03946781270451272,0.025218809206045245,0.02474501147807967,0.047171081634485024,0.036297731765401076,0.05459386996471466,0.02291643289069334,0.02190735635819563,0.02897047057989932,0.04078829391203692,0.017978871196700996,0.00724230228761108,0.0616082277494277,0.048234315467763134,0.03279748639045538,0.016646754194024338,0.022415511904979923,0.03358139493566625,-0.006349958924922738,0.04701894437556098,0.04859278121184646,0.03989923134843931,0.033141685324140746,0.031296772624468894,0.025909678113350987,0.02262294474441784
0.0015901914386065585,0.0,-0.014902886574626573,-0.01604892478258302,0.004667090136146912,0.003726278924598425,0.014306612922474315,-0.02769148255139453,0.01227103863499468,0.05428099294950722,0.01885047834962833,-0.0067108153227100065,0.0019693739575451508,0.0,0.006544261699952814,0.0,0.0,0.0,-0.01902403053839835,0.0019306588190055596,0.008835071150741003,0.008686567282392477,-0.00010946780647147492,0.04793892928075527,-2.9713210039528093e-05,0.028064206626754462,-0.008947150895833422,0.03056051712784491,0.037828083035031546,-0.00013327120339329257,0.017215348583721313,-0.0024541958494272986,0.019455410187121325,0.011149168451000724,0.0223192961138019,0.0032274431476047027,-0.00254303301045658,0.057331711502302096,0.0060292497852603155,0.0,-0.0010213244009709688,0.0,0.021128376572778163,0.0,0.0,0.0,0.0,-0.1443692946313625,0.0,0.04109129768449127,0.03264792405743677,0.026596688592235018,0.00710873076596269,0.014214919423685246,0.0,0.04409223678403451,-0.0004552858024306494,0.03714254426340746,0.028380913073742353,-5.551115123125783e-17,0.0,0.0,0.0,0.04106896236899388,0.0007092375131804163,0.0,0.0,0.007351139553600339,0.0001107424140918134,0.0,0.0,0.007477068112806684,0.04976053187579638,0.00822997602275738,0.0,-5.551115123125783e-17
0.005751738867664724,0.014150393347008072,0.03148676654702015,0.007757913039528552,0.02039854055339213,0.039027963232266705,0.017802843130999113,0.03324299163714345,0.014042239570574933,0.01627240633821153,0.0,0.01663810376250424,0.021070286349642642,0.006544261699952814,0.0,0.023188377380486735,-0.003907466220456013,0.021469325803023465,0.0,0.011346129051697462,0.015856813603307096,0.05765558206968635,0.0291022544797101,0.01874040736363941,0.02823902837880582,0.02636964306208439,0.04249094517589275,0.034754300233155455,0.02985440151170632,0.011648599612105293,0.0110505346452906,0.009370407526348323,0.040079243289315,-6.214082135680421e-05,0.02057460336073319,-0.07108496738238518,0.021078956720595288,-0.01735571920038781,-0.03487896163126397,0.0345381224070343,0.01624501206242196,0.022721135814289584,-0.03819100281097043,-2.721163800734061e-06,-0.01603790201439781,0.05933332060715457,0.016927171887802128,0.029545394219215093,0.0,0.0,0.036138512801682565,0.012201848191486564,0.012352858040773296,0.032729097710429256,-7.999196218844151e-05,0.0,0.007668084250556484,0.020976405825400612,0.0,0.03177636829391117,0.015414232262991823,-0.0003114095131008243,0.014442191531101656,0.0,0.029698146330124076,0.029520436954292406,0.0358209630655838,0.026158496986914193,0.013959632489556117,0.026448795663914504,0.04632397547005296,0.03524084191364779,0.0071106431358602395,0.020279026465566563,-0.007050300991133851,0.012121145074072026
0.03187688042550335,0.02750204096875225,0.014892640493985754,0.0,0.016149502271868066,0.019009481443961362,0.018694898169224206,0.0045359124191213795,0.027016100962222733,0.029647235498887425,3.7736591434467393e-06,0.044993000747103995,0.012872712938066078,0.0,0.023188377380486735,0.0,0.022738774081952018,0.011831194210619733,-0.0008269603223335364,0.02161058161479379,0.02143424311432085,0.01715095659539445,0.018939554148087123,0.018733231619851853,0.026468083976579293,0.03407603316142266,0.024158493482500987,0.014384096705986338,0.013210102212781905,0.011792933986775334,0.01403909691639088,0.003359843491613723,0.02957147338127203,0.00147639424795859,0.014679557471487248,0.007375035559880949,0.004225798832549699,-0.008837707201923728,0.031896799452163116,0.0325260916182078,0.027468771588201046,0.02916467371518361,0.018379968680032277,0.0,0.0,0.043675681423135215,0.0472003710505704,0.0,0.0,0.0,0.03446904206006496,0.011026688544930996,0.03226505255586021,0.0,0.07899631786703537,0.0,0.054562952143540955,0.028041498148399957,0.0,0.03389737975540613,0.03370426208472804,0.028530366670109664,0.049645597612369474,0.0,0.018129573420448575,0.030473009748459234,0.03787280910491536,0.03392372927368925,0.032998438710394595,0.03870766148732585,0.051433162718811765,0.025073490300362655,0.03428956561535601,0.022892502099493395,-0.00012869604467014018,0.028275309694295703
0.03903658768969637,0.02173168063319808,0.025129201413289726,-2.7195723889150702e-05,0.036516142241995286,0.04587553639959896,0.04659091054687725,0.029110453806243164,0.0392865476587928,0.029698899301220216,0.02922204152928276,0.05687805624890119,0.02724328608554527,0.0,-0.003907466220456013,0.022738774081952018,0.0,0.01107965406883421,0.040163779287769596,-0.00616937180182503,0.034008455328861265,0.01131704151821944,-0.008813643797581094,0.029933891124323264,0.019202068440164866,0.04005959350386512,-0.005301255818853934,0.034208095623942725,-0.00939451383834411,0.018573425873155136,0.01928429075559024,0.006138714758269048,0.033389244000939844,0.005998683182758813,-0.026345217525967024,0.037952290261356214,0.010000367018668133,0.02950604831261261,0.06009968829848994,0.047735832790664234,0.04616307506837031,0.021633978747117588,0.0,0.0,0.05916212736529197,0.04042285117888711,0.049665544313054366,0.0,0.0,1.6653345369377348e-16,-0.00023548160300490562,-4.497902771971596e-05,0.0,0.0,0.06256492912128642,7.982570015974133e-05,0.051916259249759844,0.009249864934060825,0.0,0.0,0.043794955391122214,0.06691793356863296,0.05864055525605072,0.0,-0.00013289576981839746,-5.551115123125783e-17,0.02455380102727084,0.0006902423638528443,0.039297627580581196,0.05854918386150354,0.05869194748728673,0.0,0.015027822938468993,0.017058938036879967,0.0,0.04801828212285075
0.02380558475507788,0.03194308677126312,0.037282458854914546,0.0,0.042465946870546334,0.04564831902196276,0.029044080391080696,0.021944874898815803,0.040147631472569556,0.030234892546022074,0.025993213044602392,0.04538550738162439,0.019675222628043387,0.0,0.021469325803023465,0.011831194210619733,0.01107965406883421,0.0,0.035816316909073,0.023799687320769758,0.014900159772198884,0.025583205605773374,0.025880839956066326,0.01837010751306517,0.024005471265780065,0.03337164250103769,0.027826713488369792,0.015118211421294436,0.012315745650369692,0.007419917461415626,0.020003922402901497,0.008132269712567142,0.03809842061704555,0.005104787170760683,-0.003843337743948627,0.00034559971607400763,0.0,0.029781146575174278,0.05270629040510938,0.03779002488255623,0.030169703362505296,0.031791136295452216,5.551115123125783e-17,0.0,0.02603771984168074,0.04094353137590484,0.05130093112746614,0.0,0.0,0.0,0.03212884003488914,-4.223994794466668e-05,0.016878968410365736,0.0,0.0754078054275985,0.0,0.06289161957201456,0.03877825496699078,0.0,0.020737765551900322,0.0450797394285129,0.05733505765470509,0.051881243923232234,0.0,0.020641337807804028,0.01897921678296316,0.03137487299949665,0.026243821271159873,0.03493588156613908,0.04527051863118248,0.0492732813357698,0.026270558488838802,0.019868773862162292,0.02064570134596816,0.0,0.033163510832844356
0.0,0.019625445473146652,-0.006451380992973821,-0.014688303532253533,0.03881872827761207,0.05148525209266186,0.0489296365627474,0.018099950297374434,0.020200581435202314,0.028823501264389317,0.022305989183383723,0.038911178786956546,0.04964764672257038,-0.01902403053839835,0.0,-0.0008269603223335364,0.040163779287769596,0.035816316909073,0.0,0.007362581152998482,0.01680410624808326,0.0314099490450504,-0.034927777411421446,0.020983771856606714,0.037551286091126346,0.03564692344718057,-0.0039963722119478184,0.048728568209225775,0.028144248471566324,0.025476621353125006,0.055714732258735966,0.026514144426782238,0.049028352009958476,0.047061720333112955,0.044207280540549176,0.0010081089024923107,0.04506967450318561,0.01739612661746831,0.043451540838812586,0.01827263608962204,0.04094747221619921,0.006769861485999784,0.06156478912186536,5.551115123125783e-17,-1.6653345369377348e-16,0.0,5.551115123125783e-17,-0.10179331354069626,0.0,0.0556756215835863,0.041322570492162036,0.035464774589878734,0.03151662454859172,0.0333608825855769,0.0006533056950833727,-0.029800470594105566,0.00028944740374869937,0.030998996767672926,0.031728388539957075,-0.0003709779758397369,0.0,0.0,0.0,0.050903594562951016,0.026606156979298745,0.0,0.005782748300069085,0.03703738729504358,0.0,0.0,0.005360305277475774,0.04168910673198756,0.037967329716762976,0.013290330189100363,0.0009006051351155842,0.025270088324245932
0.039324964999098766,0.013686133439696158,0.019602364772954572,0.03577888192933876,0.039685129060849034,0.03719257109407953,0.041957053487160056,0.0251620735619138,0.04518953381384333,0.006993806533303615,-1.7343242226464106e-05,0.02746904096098013,0.033729502698885805,0.0019306588190055596,0.011346129051697462,0.02161058161479379,-0.00616937180182503,0.023799687320769758,0.007362581152998482,0.0,0.036345682861746886,0.005220449987234477,0.03628647261455625,0.003842278603595206,0.025988777833551635,0.029578034209913784,0.021846975187662543,0.03424342811775288,0.02292408198638818,0.020972888248791954,0.010492750033062215,-0.003937182968047459,0.015287441031084315,0.007897124400873534,0.016431178359383458,-0.011066285806543785,0.06520306338183068,-0.0036692150230152043,0.007757721902491077,0.0009248036968864115,0.02779226149530839,0.0018480500026947788,-0.0041981321859787535,0.0003422290330870603,0.008301037963903357,0.024900328846419906,0.029278145058491356,0.022295658462674006,0.0,0.01560670241454254,0.04964711759668522,0.027057237711039017,0.015470513259097651,0.06380921053117494,0.030295646134132936,0.03445149144578863,0.018401275458586053,0.03502245745470478,0.0,0.03104959140635355,0.032728076490530944,0.005867045712729335,0.0230337317589987,0.009785273239952152,0.03638526761245753,0.033715902892464955,0.03475211680523704,0.04015545412741822,-0.0014609626230271955,0.03324617997879803,0.04550483438838293,0.044468447870286754,0.029788540822993148,0.0386160025764366,0.027038979584337264,0.02737375516909535
-0.004102386393435353,0.03708001856456927,-0.002465974896629919,0.00026030430482648637,0.028677389378289564,0.02350688906843068,0.04178939946918292,-0.0006334991283610258,0.01994804697188668,0.0163011210549307,0.019721730304525842,0.01805122503546769,0.028727409649106916,0.008835071150741003,0.015856813603307096,0.02143424311432085,0.034008455328861265,0.014900159772198884,0.01680410624808326,0.036345682861746886,0.0,0.022972857908156286,0.027425726652866855,0.02009382182574515,0.03716783566132209,0.035841683791422774,0.04544178786160219,0.01146045552502778,0.015470601340730583,0.006361331738649889,-0.0007817919532380757,0.004034990080079681,0.003790949343953409,-0.008310640103738443,0.018976239785004956,-0.05867103411284952,0.013188392175481789,0.0235564100124539,0.009668426632958083,0.08474728477787491,0.020926964645109902,0.024678451731913076,-0.04144665278823839,0.0,-0.00047698617436237045,0.016870826797385607,0.05007027815588899,0.00028391643434078073,0.0,-5.4395671399254386e-05,0.025332361420452087,0.013514454163215561,-0.022052534799593848,0.014157744891105495,-2.0086224751469928e-05,0.0,-0.005615625309152994,0.016124585403746394,0.0,0.04195187175496501,0.04744907787850344,0.0,0.02736738000208,0.0,0.031184234503772945,0.03698158392726636,0.04990964788001939,0.013365940611409222,-0.0015044730012278018,0.03684320849911049,0.06533343036353834,0.024078746464012146,0.011635762210464695,0.019056405304553825,0.006004749668649834,0.01246379529222863
0.028185501587004502,0.0011607881046501456,0.03538261075147697,0.012257943222880763,0.029288891781216353,0.023197973069504885,0.024150922518916318,0.007438264055388055,0.031117578989011407,0.003401357178338893,0.01269484159049783,0.014499117828467079,0.02048086858565079,0.008686567282392477,0.05765558206968635,0.01715095659539445,0.01131704151821944,0.025583205605773374,0.0314099490450504,0.005220449987234477,0.022972857908156286,0.0,0.023918227103340295,0.006876701180910438,0.021248756542090796,0.011780583824030133,0.020967733602515026,0.0167732203503812,0.01191804830546278,0.010396172663502679,0.0034580532914947337,-0.003131624369803021,-0.0013962059900045065,0.0006621653139073369,0.009053776726570484,0.029044051702759033,0.014066298610319383,0.041554863854600166,-0.03254775805685539,0.02444952225972402,0.0283759468878077,0.015429396092061676,-0.004757108876807803,0.0,0.009477261000226944,0.05249055414986997,0.043631766241490566,0.03939155258004651,0.0,-0.00039233765902468853,0.03993603748174712,0.03129159001001253,0.013225570250894991,0.009782499514077114,0.027890363177028643,0.0,0.031290521499680535,0.029954578993815706,0.0,0.018766922233129035,0.024218216196321973,0.01205877647843201,0.03981515589609186,-1.1102230246251565e-16,0.023878548108022146,0.023979738750123658,0.029762775712356804,0.024242691960581986,0.03321311747458483,0.03355681283628259,0.0449301837814714,0.03204145923747015,0.014364859590839663,0.024921880068269786,0.003028795719946964,0.0249432190764749
0.010237896856276574,0.01579519204586305,-0.024738453033590402,-0.016336347479692814,0.035281917773380134,0.024143976904320796,0.043515081600112526,0.009873376207103601,0.025117785946650706,0.045920271960397996,-0.02397784100965228,0.016870396776921703,0.041767505084859435,-0.00010946780647147492,0.0291022544797101,0.018939554148087123,-0.008813643797581094,0.025880839956066326,-0.034927777411421446,0.03628647261455625,0.027425726652866855,0.023918227103340295,0.0,0.006036221404469855,0.01826778418515035,0.035974751256898196,0.01700317542236246,0.021835315002100286,0.02598558075535723,0.01603809439460746,0.01955875096221693,0.013194855793814297,0.011202522759526323,0.015371416367728041,0.028456519472768338,0.021795809177247216,-0.007221783863980424,0.01748009015774732,0.02585930780019774,-0.022118178117111087,0.011602455387190846,0.03739837668357637,0.012806672852610279,0.02162562483673547,0.009201816152470677,0.012796775536494609,0.03644004012490587,0.022165577772731426,-1.693611826303343e-05,0.04149629694014678,0.029399986404855083,0.019861949198813456,0.012045686870060024,0.03799843737552866,0.025768505793596186,0.054620204512750625,-0.009195011029322131,0.016973434030335022,-0.005864492186703318,0.03804760349769365,0.03909719150434221,0.01791083564479845,0.0313259292583381,0.0652569005098329,0.036013953932845066,0.03419025014895355,0.0411316448886172,0.02864941001696697,0.009346399797615978,0.03938999852380659,0.05844087744607257,0.0318171294056282,0.02340669292542008,0.031907231259595215,0.020221587749763015,0.018544391238758395
0.007472377564495258,0.013388475018297319,-0.002280067107236161,0.004928603990300817,0.011207407655056012,0.023996100547803878,0.010171514602292653,0.001472564486587613,0.023280354834695982,0.009165847926309867,0.01694153895177236,0.047380589555667096,0.014555629012731275,0.04793892928075527,0.01874040736363941,0.018733231619851853,0.029933891124323264,0.01837010751306517,0.020983771856606714,0.003842278603595206,0.02009382182574515,0.006876701180910438,0.006036221404469855,0.0,0.018646675824296965,0.045954840903371985,-0.008617295180583406,-0.04490111945197911,-0.034573140552449255,0.027456847055922273,0.008649063111421884,-0.042503537620919796,0.013934035432389968,-0.03002438526373946,-0.02575440612123797,0.01913204895456716,-0.006954648697008514,-0.00418403893229885,-0.05472072390635507,-0.03247342840804224,-0.06935099913493309,-0.09848693731670122,0.008768895851834824,-0.017574220166862636,-0.06349195047388584,0.024940391516330707,0.05395043400643601,3.632851572044071e-05,0.0,0.0,-0.005281372209273827,-0.08052993978931505,0.0002183963501402042,-0.012526034324331359,0.04792506619333653,-0.015929729811303195,0.021716634571198934,-0.08892568294074055,0.0,-0.000141594747938234,0.04977650291287239,0.06881619300684472,0.061114871937296644,0.0,0.01168191225395887,0.04690386321989909,0.03568361658688013,0.009561300177221788,0.001224791678185455,0.04898916181457125,0.044630527319583946,0.007169557061580123,-0.09314955245299689,0.031204103580769582,0.0,0.015238401608312191
0.011201428934738689,0.02964877713262043,0.07040188509509993,0.0,0.03794659287369884,0.018494909076831878,0.021369748861548077,0.031447294028545736,0.06218295790411221,0.031198814466218527,0.025248873324173415,0.06374711474759082,0.01752471161045077,-2.9713210039528093e-05,0.02823902837880582,0.026468083976579293,0.019202068440164866,0.024005471265780065,0.037551286091126346,0.025988777833551635,0.03716783566132209,0.021248756542090796,0.01826778418515035,0.018646675824296965,0.0,0.03262338319835473,0.02896409045572851,0.022683793096372806,0.03007100484996167,0.033068930502190175,0.019908650382291726,0.010851088860092784,0.029419596268366655,0.0010597279522969738,0.006006055374998431,0.041608884048841555,-0.00042912503660086365,0.0209404636907099,0.04778992623551559,0.04094433613227183,0.03342315246266603,0.039663296443032514,3.066398887197064e-05,0.0,0.07987440976758098,0.03251544219156666,0.0527863757725166,0.0,0.0,0.0,0.037350823050725734,0.043355412209998,0.02657049641337378,-3.583917066701803e-05,0.07168257602617767,0.0,0.05970764670265044,0.03828917799481646,0.0,0.024578938601046707,0.040629820293377195,0.06455840546275754,0.05485690354540351,0.0,0.02811863121856184,0.0168515004599204,0.04348001180977573,0.03547557471716345,0.026008787733427574,0.04622757366036473,0.0498300055105641,0.032203612019559236,0.0246123065324082,0.030219812638307197,0.0,0.03818925148967123
0.029452681228516686,0.00786972341943809,0.04535085804523742,0.0006268287553989893,0.03760930151925651,0.026525934564620324,0.019652471530697102,0.031218206566054507,0.029812290619864956,0.0459071893438468,0.03728516654339736,0.03452076692509676,0.021595098154112036,0.028064206626754462,0.02636964306208439,0.03407603316142266,0.04005959350386512,0.03337164250103769,0.03564692344718057,0.029578034209913784,0.035841683791422774,0.011780583824030133,0.035974751256898196,0.045954840903371985,0.03262338319835473,0.0,0.027410699506968284,0.02187517411914841,0.023565360119093492,-0.0028659634415428292,0.020840661187393694,0.01734503303122653,0.04254051834130784,0.007890091608304783,0.02005417124041281,0.012055336572484532,0.009175444415315426,0.04291335774048882,0.04071045662662237,0.05908112960829004,0.0349703208424158,0.04091766432952032,0.015437149183798071,0.0,0.004823887167995422,0.042492256282121554,0.05327705711714609,0.013598025747772358,0.0,0.00012028615667392106,0.04837240230020112,0.039387095190665744,0.034588721286530344,0.016071825996289868,0.07258300222062958,-0.00890613152140296,0.057638004670592546,0.040779875300185675,0.0,0.04839299995250679,0.03840959250123288,0.06770631647319286,0.054368129537639864,-5.551115123125783e-17,0.027051726916271557,0.042542227932662324,0.04943871350902029,0.05413885502482457,0.019063342838731956,0.04581365503896784,0.05436778046839663,0.044236874448315144,0.04570839013578282,0.038436550181143225,-3.938182216212116e-05,0.034738741329405354
0.020743581993905857,0.02231705207944379,-0.014881720115544672,-0.0041011204778426125,0.021996036478288516,0.019514105157723227,0.03553937337843338,0.02118299172800525,0.023066982998445118,0.04900372790874635,0.011388506279990607,0.012433688295862722,0.04112694196481265,-0.008947150895833422,0.04249094517589275,0.024158493482500987,-0.005301255818853934,0.027826713488369792,-0.0039963722119478184,0.021846975187662543,0.04544178786160219,0.020967733602515026,0.01700317542236246,-0.008617295180583406,0.02896409045572851,0.027410699506968284,0.0,0.029766381864218705,0.008601867932731655,0.021515597698047118,0.02342755437110361,0.018670571313708917,0.022584741713334022,0.02368986358737285,0.027546842330433474,0.016067021965156192,0.020932724327791086,0.023362861907450627,0.027430824153707456,0.03761906286438643,0.010358924984387285,0.036617265405226807,0.02021791155971825,-0.0014832439259653274,0.004494834245731882,0.03889647500299925,0.03667399971316915,0.03524710468196823,-1.6653345369377348e-16,0.03022984278165286,0.031621004366990224,0.01800185528272602,0.027287802515267467,0.038316404771702506,0.028030871531453283,0.02975584559450628,0.04334379055090343,0.023137732773650277,-0.020984051084547706,0.039363528903801515,0.04842676534158513,3.369313627354931e-05,0.029097923771021605,0.029487391771736426,0.03628772325840107,0.052784564485095053,0.041699151512901045,0.03153949235257769,0.01695255262678813,0.037016061325188254,0.04028397197864958,0.037583032326662824,0.02608250905006504,0.033488293528745605,0.029417912181852857,0.02655102112049612
