0.0,0.007982223651776643,-0.04028646304114247,0.0,-0.00033567421930774666,0.008138311326759795,0.019307476885198738,-0.00216698085630318,-0.013995114964895916,0.005311190018064127,0.0009237428292433458,0.009029119186104106,0.009497673424625541,0.02556120749771046,-0.014623154165412877,0.03182152656000303,-0.009595666045557893,0.015278315671781062,0.0,-0.0037384405329857207,-0.008684593667026175,0.018504403044270645,-0.0007540420442060936,0.018984248495369838,0.00719442620662103,0.009265327312339311,0.0005305113096593095,0.01947941685091914,0.007904096601930255,0.016612002831186023,0.006995602070966611,0.0047358784328511705,0.030467976402940078,0.007976498527846931,0.02456826908672116,-0.0003298438649756985,0.0,0.01313990720406838,-0.009151223226621652,0.0014868149834009192,-0.00534111989123548,-0.01601296516669254,0.0,0.0,0.0028178310995644607,0.019105873828195785,-0.013827004354095174,0.0,0.0,0.0,0.007524180488988952,0.0,0.020692886093937213,0.0,0.01206442686670034,0.0,0.04581448879609895,0.0077967681232836705,0.0,0.02361622769151761,-0.006195852244850697,-0.03139218416171635,-0.004675911748230677,0.0,0.021570576477896397,0.0602482375907194,0.030995451440632482,0.03396201879305638,0.07895645285618147,-0.01237133948007535,-0.0021080414393920277,0.0013892019418607071,-0.017391601958130665,0.01367141763042029,0.0,0.08902525860373445
0.007982223651776643,0.0,0.0398634737030632,0.0,0.032108921030074455,0.013380966895978508,0.019927651227790222,0.011834865292998875,0.023772799828234104,-0.024287785866107525,-0.001255595379096086,0.013578967744516779,0.018226507211576037,0.0,0.02356478428638864,0.016805079544107093,-0.010095909309192075,0.010064480593645897,0.01165449361527382,0.009399567602221881,0.0035836327782076127,0.005516361278643855,0.024265834681249432,-0.0044261444861006805,-0.0327326265978381,0.010662457650258528,0.013043212970811846,0.010689915835878638,0.0034021471436441186,0.011758943034091585,0.006815363815143527,-0.0008287677879118549,0.026584089764765062,0.011194738113202263,0.025331386943550638,-0.03369148641751207,0.003728215887386477,0.0006332877394163439,0.0033350879741860795,0.005861693452137662,0.00036554821357998035,0.0070382971634574965,0.027323058818766954,0.0,-0.00010078116197004272,0.016206169024083894,0.0016384313036800213,0.00818824222339809,0.0,-5.551115123125783e-17,0.006955566424403203,0.008394042529907886,0.0128373450500186,0.003919390243374732,-0.026231701817412856,0.0,-0.003378694585623121,0.009918543613445852,0.0,0.00568535089015243,0.0014447363958238757,-0.025027995722736507,-0.00034157835767545386,0.0,0.005076729411124026,0.004600302931732192,0.016843481877402866,0.008573519640179217,0.006988102310691191,-0.006503959104235735,0.004821633299198824,0.017838885803261373,0.042045464083843576,0.014408056833648375,0.008462938593963909,-0.0022652967537487023
-0.04028646304114247,0.0398634737030632,0.0,-0.0043338144431523395,0.02462113912321534,0.010800539495811112,0.03626628699658441,0.015104780104688353,0.030209015291730146,0.013303066111257034,0.009371869026294333,0.02269467916421225,0.034595527843580165,-0.02334389561023309,0.013312342575345859,0.01117225349326656,0.009040736866791188,0.003451822185192688,-0.0034217546885448313,0.025002171551595953,0.025103221142628862,0.0224306743228897,-0.006728165813759401,0.032528522729660336,0.004520791221360343,0.00894202481564288,0.029965989755825373,0.03439472663151871,0.043142305084571286,0.05198391615376341,0.03326122353226635,0.03093269281089822,0.017496381904278047,0.03481362723906112,0.0408787390001053,-0.03874352863138325,0.0330523759476245,0.01832072383396849,-0.008874594447396134,-0.009972467016950537,0.02175167435605796,0.014423336754302296,0.0018749851707270393,7.192540453737628e-05,-0.00029468545857164186,0.0,0.00020725771978141738,-0.06997903005108097,0.0004371680059482852,0.04390810892714425,0.0350653553957575,0.016592265620554936,0.015912151992189982,0.029172598549472628,-0.0008299850129248609,-0.018664397161388402,0.0035351557446182125,0.022461850964249797,0.00397065999949342,0.008301439489412754,-0.0007666089936166354,0.0,0.0,-0.1327341436767681,0.06501250390906355,-0.0012139495732598204,0.0017637193820635444,0.02109082634397752,0.0,0.0,0.01489369172669136,0.021996878923436047,0.03102870874568109,0.01569987206094825,0.009223183372698562,0.016572983899019067
0.0,0.0,-0.0043338144431523395,0.0,0.00948060587908256,0.003169310854616525,-0.03242241178224009,0.005689974795657582,0.020903928550191575,0.008762290008070717,0.022210242478281406,0.006251430001765035,0.040116458409501454,0.025331226037020038,0.0023020953533692268,0.0,0.0003588081406722954,0.0,-0.011682426367437937,0.016023517480641458,-0.0002542485075068823,0.0024734719758282564,0.003713530424072853,0.00667434856410104,0.0,-0.003311313570880381,0.004613347062831841,0.03965028070751042,-0.004136068890902789,-0.0003099879456364696,0.009008816219654991,0.037681372625427756,0.008600986985827341,0.003553569600421469,0.0907956529439164,0.03483323056426507,0.015078849649646037,0.00968048130381255,-0.001485900364762871,0.0,0.0012062664636256493,0.0,-0.0004249591907658501,0.0,0.0,0.0,0.0,-8.641479418836084e-05,0.0,0.0,-8.522492294382733e-05,0.0,0.0,0.00020230816032373866,0.0,0.00020711248744204047,0.0,-0.00015229764720403605,0.0,0.0,0.0,0.0,0.0,0.0,0.0,0.0,0.0,0.008307468365634674,0.0,0.0,0.0,0.0040273495083592015,0.00019829737657217628,0.0007799287287424406,0.0,0.0
-0.00033567421930774666,0.032108921030074455,0.02462113912321534,0.00948060587908256,0.0,0.023802789121896983,0.005771627773203281,0.02019463048316056,0.01403417256548889,0.023020014288324342,0.029715540311866406,0.02618498214263454,0.015501157963987322,0.0010189590073935717,0.007062437875091032,0.02719986211494374,0.014347552268616559,-0.004199448271722583,0.02844441352058763,0.023337773742716117,0.028549334641944313,0.03293090069096699,0.029276939360051768,0.014485057861528261,0.0027479118959781723,-0.004017790970687163,0.01799982126163724,0.04380290820209748,0.021591593687885657,0.028563584239814144,0.02612008636227936,0.02868744187115052,0.037141149434064935,0.017281918840421184,0.009964494816875002,0.0005450441316643961,-0.07603724242875223,0.025188217021691495,0.02051655410466402,0.007662115681093262,0.0427381945840537,0.059950440164548646,0.04900758058797766,0.00021271044306769848,0.005042960263776763,0.0,0.009870266156031815,0.03258121197929387,0.0,0.04233513412214329,0.02895889470376467,0.024568077770587005,0.020953877625678075,0.03536704694211501,-7.87603248868507e-05,0.04858203125199717,0.01325363620008324,0.02996985593296031,0.008551944897965846,0.0014242004902300098,0.025687003714876755,0.0,0.0,0.03265792438509407,0.04682116110616452,0.0,0.030114089304711045,0.030485660810295134,0.0,-0.0002734290808938389,0.033601426423141734,0.02917258334236461,0.043735965043395386,0.03636972097897395,0.0031857038845419794,0.018407550217514945
0.008138311326759795,0.013380966895978508,0.010800539495811112,0.003169310854616525,0.023802789121896983,0.0,0.01810031218583974,0.027080889604680414,0.018262572182365766,0.005750649452848422,0.014872017020115702,0.023517578943628603,0.01163536827532663,0.022564600013366687,0.015111747073111081,0.01664233388443448,-0.05183879199838509,0.004351057671653336,0.011925249498569268,-0.0012506890316819064,0.027149497645307774,0.007421822073844286,-0.0005180705907092964,-6.617342806081172e-05,0.015098387796438462,0.01669968668353955,-0.0005067560431722407,0.008426944116497415,-0.0011914243673990521,0.015644753124052113,0.013530901755817337,-0.00043997478964330483,0.023785260533698727,0.014318488114148487,0.007473952855561183,0.03215720007308731,0.004983183923738643,0.009580044721360426,0.010234259596258233,0.009842459914324697,0.021795458415202584,0.024825774213789842,0.030756781634014074,0.010361366747250633,0.011710758583579228,0.007062669489641071,0.013864520977092454,0.025288502211119224,0.0,0.030475824960232933,0.028351050136570688,0.023933119912351586,0.018476546962112983,0.026763400971630436,-0.010281078894910811,-0.003618505628046109,0.02031692839088073,0.024057524938484676,0.02292156580828969,0.007850802903022092,0.01604426412519533,5.551115123125783e-17,0.057782056516174296,0.01405022014489421,0.011517972203888838,0.008578991659022428,0.002371507771253556,0.0245110251477082,0.0,0.015205480706363295,0.018271222380135788,0.02274344036488396,0.03024528256392367,0.012182754547145791,0.024380655446662236,0.024031612023929227
0.019307476885198738,0.019927651227790222,0.03626628699658441,-0.03242241178224009,0.005771627773203281,0.01810031218583974,0.0,0.03263932964676447,0.04124492249494499,0.0030666925874452966,0.03683660712742398,0.01993749260060146,0.010904339509507643,0.020383561227105107,0.007217564578955227,0.025009611494343054,-0.007747809648945614,0.010301134878264895,0.03292766355165472,0.02022032852757555,0.034409082766078014,0.015938754974837765,0.02627577983499052,0.021179944946745355,0.009398143026235484,-0.0011389965204136043,0.024494561628092604,0.04409975873858851,0.013161290714563734,0.04415563434640429,0.021877275136147123,0.0038936069157716746,0.0014833167840598294,0.002015223102854069,0.00348289530535395,0.010572674742488741,-0.008826191548086337,-0.0018896775826843237,0.027859721228254808,0.009440169562656142,0.046638082891679256,0.0490343992510035,0.04649597974764713,0.0016425806555027123,0.005283070417495206,-4.677721959683856e-05,0.019577131842617446,0.02883038871836574,0.0,0.029403614968277147,0.031970341717799666,0.030545447522437152,0.02929712782726729,0.0404964839954739,0.011356575307973293,0.031824377394019,-0.013143820677927964,0.03260393675080975,0.001474786030384534,0.010242850362338851,0.02101592399521729,1.1102230246251565e-16,-0.0007554607744598707,0.033777167278140396,0.027562445395923785,0.004076636953572688,-0.0013746447303953913,0.028765751372327397,0.012953155953726814,0.0067582188011288125,0.020967812613218118,0.027909840875153025,0.0363600151160024,0.02439678420282132,0.03374470420317177,0.02932055091275576
-0.00216698085630318,0.011834865292998875,0.015104780104688353,0.005689974795657582,0.02019463048316056,0.027080889604680414,0.03263932964676447,0.0,0.03271934257293713,-0.0018444426547991055,-0.011436178131146058,-0.022813180745919592,0.021157679253080153,-0.01976221945142581,0.03119572484679406,0.01234110948391226,0.002951740428576377,0.0030277608061827777,-0.029706641558126468,0.017026300223290936,0.00135527003859931,0.004547465363904268,0.013026050842731673,0.0029615217804899174,-0.006512019724643825,0.0006462357610241276,0.03602388407657853,0.019323228281309834,0.01727771723152327,0.030507107861711236,0.027097068875548636,0.029219414817827694,-0.041341205915004564,0.021118649363144393,0.026576629497722548,0.009623009386504233,0.11018030346184726,0.03880774876186355,0.009951420647397735,0.011728463884126628,0.018468374743710325,0.005655090230200055,-0.021748712414027094,-1.9758907571387763e-05,0.00038473101007474586,0.010721116708633793,0.011899332760699766,0.022745587751320073,0.0,0.049461397794644535,0.026343486245374304,0.020556849191156745,0.010121745080178268,0.007583055292815222,0.00815481694801412,-0.0032155769529437217,-1.1102230246251565e-16,0.015426542377603991,0.022111900497260806,0.003739143626085961,0.011431369945245518,0.0,1.1598532411394302e-05,0.02333151321424176,-0.010942383953229995,0.01694771833262837,0.015310175580682484,0.0215785999536674,0.001151981375116684,0.014230324679584627,-0.004772764658114437,0.02096428853223853,0.0199077380181108,-0.008513762663249769,0.0032922700826408247,0.005512708046220505
-0.013995114964895916,0.023772799828234104,0.030209015291730146,0.020903928550191575,0.01403417256548889,0.018262572182365766,0.04124492249494499,0.03271934257293713,0.0,0.013257392235567156,0.016657113381732203,0.03078390090703398,0.037030833988075496,-0.0033448544962863536,-0.03749847953335772,0.02992771614655665,0.012965625674171921,0.011292363907942693,0.010816064401926118,0.013074846629105574,0.05120217047257425,0.018344994864222697,0.028579839435733,0.021044079714726438,0.020938049446447504,0.025718349267390084,0.02508535333253381,0.026318526900126427,0.032027886465941235,0.03614667707515029,0.019640135466928443,0.008960716232280341,0.014514876458680048,0.017696919977669312,0.01633533160439299,0.03626583258618371,0.017622557679285555,0.018042100217832202,-0.0006847118338953462,0.026445898607199092,0.036912054273671724,0.03798055362367114,0.002134192933971546,-0.014064385115303502,0.0038189830581287776,0.0,0.04597906954955555,-0.00793783676037274,0.0010052856960147682,0.027831880280261845,0.030011272495217622,0.01506841701661632,0.017551843023082325,0.018101769439685333,0.021413876118607234,0.010015078222215368,0.02553160023887391,0.01499093097771409,-0.006565301238372734,-0.0008676712877050408,0.00737212949171695,5.551115123125783e-17,0.0,-0.006839200984293803,0.05305206696159226,0.01984881830306401,0.03181680966524697,0.021603071866624024,-0.002011752140619605,0.003856371429946659,0.03610060856666664,0.021217807220754947,0.026933547654031886,0.023437762277297436,0.03203547172668064,0.02005390326520018
0.005311190018064127,-0.024287785866107525,0.013303066111257034,0.008762290008070717,0.023020014288324342,0.005750649452848422,0.0030666925874452966,-0.0018444426547991055,0.013257392235567156,0.0,0.012471329247903007,-0.0006772276228980134,0.005589607698333332,0.04833663683984257,-0.006507137125108975,0.02295613530924223,0.010857296321627852,0.002394296096389914,0.014599638012982807,-0.007985774274675617,-0.012596623401837648,-0.011285570839864367,0.005426960660454394,-0.00871445351148803,-0.05983177999799477,-0.01113517992936719,0.01602515219454792,0.013226783608645043,-0.030856754308731305,-0.0005166464366499479,0.011710914966829744,0.012882049929156814,-0.004315328288082454,-0.02160311631874201,0.014387787861913026,0.006570650948831025,0.0041509370696214964,-0.020879915909963964,-0.010862638052153484,-0.059064405555133814,0.010451067445718054,0.04941384530996812,-0.0012885281549728234,9.844607353592938e-05,-0.05966041588887516,0.04305613545838055,0.0008286485060325366,0.012684282036398264,-1.1102230246251565e-16,1.6653345369377348e-16,0.018440739487573077,0.013882093951169627,-0.0015453835039679342,-0.016217786136580314,-0.011300660212838265,0.014141758817834527,0.004808569299950383,-0.010677614148278891,0.0,-8.302645430224853e-05,-0.02164509725613245,-0.004125989746061043,-0.0076538995407107735,-3.125406206899717e-05,0.00331168481591837,0.0003949223125680468,0.005293717716878421,0.00018406529554415574,0.024110781206182375,-0.012766780565722557,0.0009925142208251914,0.012642058463495864,0.025831263148022587,0.0031682326694928986,-1.1102230246251565e-16,-0.023057939536568095
0.0009237428292433458,-0.001255595379096086,0.009371869026294333,0.022210242478281406,0.029715540311866406,0.014872017020115702,0.03683660712742398,-0.011436178131146058,0.016657113381732203,0.012471329247903007,0.0,0.03785580087852258,0.024098486878865955,-0.012143478394586182,0.0,-2.3475193773936365e-05,-0.0012843337945351863,0.004457540653097891,0.02158144412706875,0.0001078889100676883,0.02171527462128725,0.002900325563499895,-0.01860563430539891,0.014936607859940332,-2.7527227713874947e-05,0.013226458254267548,0.014949024683227952,0.024075436533459393,0.008398239971014132,0.013574284191910702,0.018223208819624304,-0.008457035027233717,0.013225459532461847,0.014158146298583196,0.012586077154076558,-0.0382925888311928,0.015294324388778424,0.01692421352294221,-0.031840246012313445,-0.008243255071665012,-0.003101700240374261,0.0009129660987738375,-0.014470322883711861,0.0018495558790088684,0.0008723324914690078,0.0,5.551115123125783e-17,0.01139995521785181,-0.0001893465616762957,0.05482291953993379,0.03567860023908964,0.009817614873994684,-0.015042180378196823,-0.02027673489806492,0.01683853275264291,-0.09651955084405708,0.008668704107293645,0.012453235089792458,-0.015063409017595897,-0.0010706260625338304,0.0,0.0,0.0,-0.16524969874851592,0.0074817937957957215,0.0,0.012265993792604124,0.0018495962364905028,0.0,0.0,0.006760848634040806,0.013959477891580585,0.02089381007619001,0.031006313861525914,-0.0002287802077227119,0.005705903948574065
0.009029119186104106,0.013578967744516779,0.02269467916421225,0.006251430001765035,0.02618498214263454,0.023517578943628603,0.01993749260060146,-0.022813180745919592,0.03078390090703398,-0.0006772276228980134,0.03785580087852258,0.0,0.022046354609550345,0.05928829467576968,0.004834998229249987,-0.008555154774662121,0.006579804002466105,0.0068570650859677285,0.02522168989358714,0.014263902201578804,-0.008032862829291387,0.0018461035321128416,-0.007036067410488178,-0.007180086115626427,-0.06812109622250573,-0.03407896879828476,0.021734142880447616,0.014339154102375906,0.026258264658962638,0.0016181102144653958,0.01094980735594131,0.008632475043923338,-0.02495749407379283,-0.011935508004625006,0.012109267392798995,0.015134266927064266,0.03177631965399541,-0.005405573436274624,-0.012753454056253055,-0.08468228442743131,0.0362803307491083,-0.015392844633694003,0.005669569639228156,0.0152089194684015,-0.07147849314397364,0.048481883236020984,0.008019228204579731,0.014344260402682829,0.0,0.00042401810766606873,6.150725634024301e-05,0.0060383636686786035,0.0,0.005659402581431494,-0.006176549857049851,0.007825113992391775,0.023966059564138276,0.012607231873982772,0.0,0.005990336058446455,0.011007428181930456,0.0036047604466903915,0.002870739355395724,0.0,-0.006882597365192256,0.00023876158974511785,-0.0062958853327311215,-0.006422730062531856,0.02615652428839227,0.0005724705473674763,0.016944671542726775,0.045959057145284476,0.05849129349701937,-0.008708706807011912,0.0,-0.0257291572175099
0.009497673424625541,0.018226507211576037,0.034595527843580165,0.040116458409501454,0.015501157963987322,0.01163536827532663,0.010904339509507643,0.021157679253080153,0.037030833988075496,0.005589607698333332,0.024098486878865955,0.022046354609550345,0.0,0.028901462765250352,0.009151498209518993,0.01604328998825527,0.0022074459150193126,0.009311290311388276,0.02366132305252172,0.016295887324866865,0.05140036678741933,0.01020735255356675,0.01979994109982719,0.021256210606197534,0.008904119956856804,0.0036947964267219913,0.02332560325866395,0.015112528366670486,0.006843698719943669,0.009040215943200536,0.018188833990249398,0.006149681219887626,0.00966232328651101,0.009319421545724405,0.011893155301075209,0.024378160925710657,0.021274686152937206,0.005272877728971337,0.025738612538549088,0.0126007102832833,0.045719779347172085,0.04140681482885877,0.03184441681797534,0.031059492241985565,0.0011206756325206624,0.009943662229146721,0.018479632238355748,0.01997580328750881,0.0,0.02995681366253211,0.021127201907252258,0.02106559750591641,0.022358559266466238,0.02073254894056653,0.02883277920935895,0.006327224329890191,0.04728326458465182,0.026079509701097958,0.02666903861649933,0.01662703340530486,0.030881761776838546,0.0019197477088861992,0.0020253318379234164,0.026482177631181547,0.01773344750647482,0.03375127248986853,0.008295565548928796,0.01786762538261477,-0.0023062770733560667,0.006698936724957527,0.020829848483973235,0.020998907487866147,0.030565046721853784,0.019612537140160535,0.026302231827041722,0.018316612214316907
0.02556120749771046,0.0,-0.02334389561023309,0.025331226037020038,0.0010189590073935717,0.022564600013366687,0.020383561227105107,-0.01976221945142581,-0.0033448544962863536,0.04833663683984257,-0.012143478394586182,0.05928829467576968,0.028901462765250352,0.0,0.004381896691999954,0.0,0.0,0.0,-0.02788924533148679,-0.008328296207607888,-0.010217916748460731,-0.0011856271031416288,0.0065357722732900525,0.001970644535883914,0.0001848400549284146,-0.004404261221513828,0.011845985921415947,0.03969912415917415,0.0021162969119634667,0.0001358882988652388,0.004581191572968324,-0.04261233498281458,-0.0069545938120913475,-0.008473276946913466,-0.011120205242392545,-0.01177775947553758,0.007027315313175936,0.01409509845675394,-0.044145505478143,0.0,0.002269636533594077,0.0,-0.016559533700901907,0.0,0.0,0.0,0.0,-0.01644357836185778,0.0,0.030034621138203044,0.026869122897486775,-0.004090230435485509,-0.018628017329546387,-0.0021285411314058145,0.0,0.013219833373180279,0.0008345397303252122,0.01695579127806235,0.0010536434885295987,-5.551115123125783e-17,0.0,0.0,0.0,0.04718035971651491,-0.0009318752308712375,0.0,0.0,0.017444494197439764,-0.0006889068490551487,0.0,0.0,0.04444993365485428,0.036416926135214134,0.0023035768432165815,0.0,-5.551115123125783e-17
-0.014623154165412877,0.02356478428638864,0.013312342575345859,0.0023020953533692268,0.007062437875091032,0.015111747073111081,0.007217564578955227,0.03119572484679406,-0.03749847953335772,-0.006507137125108975,0.0,0.004834998229249987,0.009151498209518993,0.004381896691999954,0.0,0.02402050690800278,0.004278239018970564,0.021775866951955936,0.0,-0.02407307994526009,0.01546473099152551,-0.06998016512940664,-0.019018620662872132,-0.0011636376944748061,0.016319569204783113,0.012952355458359266,-0.03245053575666462,0.0062843164925583395,0.0026923175534971366,0.009041232046570591,0.02191220587127979,0.015662320228215454,0.02607063130388748,0.025830095254126162,0.02359028604452451,-0.04810540490374682,0.008729682477479905,0.010043683792959057,0.004024308083129646,0.005429798530047103,0.004511164615430441,-0.001557094525199143,-0.0007346092270140159,-0.0006480509927294653,-0.00018247400187193508,0.010260986644704428,-0.0017895778134028317,0.0009718547400459632,0.0,0.0,0.003092034982173919,0.0002664599369558984,-0.035329804775860896,0.008211115750748066,0.0001930493543266243,0.0,0.003389310631398579,0.0073671182712442,0.0,0.01189258524027803,-0.0011937163037319398,-0.028223469692652492,-0.00500217886795884,0.0,-0.0047036540346444,0.014051239569790486,0.017447025993786336,0.00450549416148871,0.013271168618439078,-0.015991339286448025,0.010162784029514982,0.008910315952597614,0.007220987797610712,0.001518268647605514,-0.010671452060949438,0.0018910765065445756
0.03182152656000303,0.016805079544107093,0.01117225349326656,0.0,0.02719986211494374,0.01664233388443448,0.025009611494343054,0.01234110948391226,0.02992771614655665,0.02295613530924223,-2.3475193773936365e-05,-0.008555154774662121,0.01604328998825527,0.0,0.02402050690800278,0.0,0.023458857218542073,0.013247267759938064,0.0012874586793734655,0.015196796324462358,0.028092154011786774,0.016220787719744056,0.02680124051568339,0.014759631944321783,0.01178278774886482,0.028400137605085196,0.020745151169735132,0.010122918223701927,0.01212139527500572,0.007327463059567774,0.03551249571252757,0.014190149690247011,0.04971541697347187,0.033340388178472624,0.048443580308843104,-0.021978959495215833,0.003996835573792934,0.0030364044404830315,0.012844853306195225,0.013342586685262892,0.016286402895226926,0.01874044227967292,0.01188791111603027,0.0,0.0,0.03890625398172298,0.010561685781977859,0.0,0.0,0.0,0.017888156672270117,-0.0009073026564206388,0.010083488927472128,0.0,-0.04938781036097911,0.0,-0.013297119458896278,0.022610954116202897,0.0,0.01564594629078292,0.012339439603220925,-0.021287295648776017,-0.0019898859454980933,0.0,0.00923020643111,0.020771360212326118,0.022001768731567006,0.02172456364025871,0.044301438906235,0.005151945012685399,0.014317047727513132,0.02610328608592688,0.033906878695966425,0.021712306288809102,0.0018913285198528529,0.011020769275799647
-0.009595666045557893,-0.010095909309192075,0.009040736866791188,0.0003588081406722954,0.014347552268616559,-0.05183879199838509,-0.007747809648945614,0.002951740428576377,0.012965625674171921,0.010857296321627852,-0.0012843337945351863,0.006579804002466105,0.0022074459150193126,0.0,0.004278239018970564,0.023458857218542073,0.0,-0.011383914002502549,0.008060195477262277,0.01481125363210234,-0.0024368856722257193,0.015423328557297888,-0.0007067650959657334,0.007381512763555309,0.0014732329723782245,-0.001687101058110374,-0.017736359271255664,0.013442714935242406,0.04134281541935125,-0.011255455808487913,0.01856367006725973,-0.010163769405403256,-0.0015848788391905622,-0.008435215169695698,0.0018999841751999869,0.015559275919548032,-0.012435399595750296,0.002789701008966805,0.01805736527678109,-0.03637332082607875,-0.020875152727976132,-0.0022519901592240044,0.0,0.0,0.021593998587403962,0.043484124123991386,-0.030174204311749386,0.0,0.0,1.6653345369377348e-16,0.0001981458526834068,0.0002798057141343291,0.0,0.0,-0.002344201506275123,-0.0004965800323371572,0.005933177187278316,0.00654270164569154,0.0,0.0,-0.02927322005701849,-0.00816145217573433,-0.012978939896060249,0.0,0.0003669137780915599,-5.551115123125783e-17,0.0093443569985866,-0.0024484919893554835,0.0260806228159029,-0.014041006913262322,-0.006855845276638628,0.0,0.005767233747025646,0.005404980923553626,0.0,-0.02897960318097298
0.015278315671781062,0.010064480593645897,0.003451822185192688,0.0,-0.004199448271722583,0.004351057671653336,0.010301134878264895,0.0030277608061827777,0.011292363907942693,0.002394296096389914,0.004457540653097891,0.0068570650859677285,0.009311290311388276,0.0,0.021775866951955936,0.013247267759938064,-0.011383914002502549,0.0,0.004902291751091026,0.02278761186329814,0.012039253396756489,0.01538353452236163,0.01524895879827054,0.017771095329996378,-0.014940265653318685,0.0070959137503720515,0.01925704900739078,0.014220654882879324,0.026834134369651486,0.022026385543119253,0.020012377097334777,0.0007205292641515038,0.019073233486014085,0.0047406225983734895,0.01250913906972323,-0.004938055139253883,0.0,0.015553650020227405,0.0016139441369252272,-0.008162888536951629,-0.011785068494841677,-0.004173197660725936,5.551115123125783e-17,0.0,-0.010799775118129074,0.0358052319717822,0.014366202689261476,0.0,0.0,0.0,-0.00943053133681071,0.00026276643579947745,0.006022704238517584,0.0,0.0026476571991053133,0.0,0.012700313664218588,-0.0057217896829970805,0.0,0.015631177133020424,-0.0026697475230272882,-0.006771195312847644,-0.01224827687977914,0.0,0.011661844728640014,0.022353029861794993,0.021645397806208888,0.03410518501074161,0.032790408544744354,-0.013415761290046402,-0.006829618146898586,0.02663988682842111,0.06260187777565623,0.009810675953045023,0.0,-0.012703716422267308
0.0,0.01165449361527382,-0.0034217546885448313,-0.011682426367437937,0.02844441352058763,0.011925249498569268,0.03292766355165472,-0.029706641558126468,0.010816064401926118,0.014599638012982807,0.02158144412706875,0.02522168989358714,0.02366132305252172,-0.02788924533148679,0.0,0.0012874586793734655,0.008060195477262277,0.004902291751091026,0.0,0.004082265478036917,0.007240781573009558,0.01485206181311155,-0.07562969594538466,0.011020082934849962,0.02236401785076364,-7.299727434373349e-05,6.648114587043397e-05,0.017533214732352087,0.01176453895705687,-0.0007634543584318365,0.017296176837193256,-0.008142216776586053,0.024625673634017464,0.014447509457139407,0.02025385649550615,-0.032184277627231916,-0.02281859688384491,0.004408468926495435,-0.06094790577594594,0.014599054067405637,0.03660369723118062,0.010527992590702362,-0.042813736950931325,5.551115123125783e-17,-1.6653345369377348e-16,0.0,5.551115123125783e-17,-0.1328451631606516,0.0,0.010628455333546283,0.029912245597806475,0.014693609123587192,-0.034235444785255364,0.00149059120091255,-0.000614447779017091,-0.050346928983105,-0.0018005955578895283,0.002184794238794918,0.072579159853845,-7.099898115969783e-05,0.0,0.0,0.0,-0.03556005317057076,0.0004593306429481192,0.0,0.0033582550089342744,-0.006741914796820514,0.0,0.0,0.011142587940775384,-0.004800092298841374,0.013899266578283775,0.017367936754378255,-0.0022504252739778963,0.004441676513679882
-0.0037384405329857207,0.009399567602221881,0.025002171551595953,0.016023517480641458,0.023337773742716117,-0.0012506890316819064,0.02022032852757555,0.017026300223290936,0.013074846629105574,-0.007985774274675617,0.0001078889100676883,0.014263902201578804,0.016295887324866865,-0.008328296207607888,-0.02407307994526009,0.015196796324462358,0.01481125363210234,0.02278761186329814,0.004082265478036917,0.0,0.002188161396724897,0.006808498369979321,-0.0011931212688192083,0.008897039680896224,0.01065690332336483,0.015180886766785695,3.599940209525476e-05,0.018083229038977744,-0.005574993930872796,0.034202843529347604,0.00497707789031171,-0.0004032387993591069,0.007083229665209023,0.004804599807903931,0.010256883033490982,0.017306414746859233,0.0011664563955146035,0.010460442522027713,0.003998351951871981,0.012097777726777559,0.011361800383032972,0.007767115120904444,0.03296894679056339,-0.0011557124438922317,0.012424562597521283,0.0014255301947575516,0.0007414229305934272,0.021857154627593856,0.0,-0.012105246282425042,0.009650040818450278,0.0018171310952395658,0.006597339772367206,-0.002643884489697712,-0.019743464475122707,0.02981641937416235,0.005956348379297927,0.01188565394485308,0.0,0.005973348794607314,-0.0013606631290761229,0.003093023955084928,0.0066943827071628825,0.0018628478892172562,0.0032666567356667287,0.007616811709578675,0.002074507637540246,0.006816173075489762,0.0028839112613584517,-0.0038582963498579592,0.0036456345923207567,0.010705158749035992,0.018877603486046002,0.00767631174659239,0.008222943701267749,0.007359173407606001
-0.008684593667026175,0.0035836327782076127,0.025103221142628862,-0.0002542485075068823,0.028549334641944313,0.027149497645307774,0.034409082766078014,0.00135527003859931,0.05120217047257425,-0.012596623401837648,0.02171527462128725,-0.008032862829291387,0.05140036678741933,-0.010217916748460731,0.01546473099152551,0.028092154011786774,-0.0024368856722257193,0.012039253396756489,0.007240781573009558,0.002188161396724897,0.0,0.025607202377671057,-0.015728035479188718,0.01081291111019167,0.0003297246807096865,0.007232963105050616,-0.0006493952704449413,0.044660026621748505,0.030597989582758778,0.03694525546278116,0.02594730457871386,0.015609400460091294,0.0198107637661305,0.04172934032115666,0.03385402049227476,0.06539883934318241,0.009429744908144244,-0.005452395263555232,-0.014135082420668688,0.0022992392324847066,0.014250666825465053,-0.010242066018859242,0.008479269327534511,0.0,0.0005982742470812541,-0.050734689618254114,-0.005355864534840382,-0.001766188481447828,0.0,0.0003383848085052876,0.02670394714108476,0.012850791784047189,0.0432896324026979,0.00909292514946819,0.00012495246664528947,0.0,0.0015239473299601958,0.014445311452538079,0.0,0.010592795838728908,-0.010522602197107267,0.0,0.008341590639837637,0.0,-0.009639711781971816,0.010327750967362603,0.010537226705162772,0.0015090486446979745,0.022205922895429164,-0.027361166550085247,0.011669704840294615,0.004482259842701619,0.021846822429857304,0.008092634746039551,0.0014973317525895369,-0.005616952960565802
0.018504403044270645,0.005516361278643855,0.0224306743228897,0.0024734719758282564,0.03293090069096699,0.007421822073844286,0.015938754974837765,0.004547465363904268,0.018344994864222697,-0.011285570839864367,0.002900325563499895,0.0018461035321128416,0.01020735255356675,-0.0011856271031416288,-0.06998016512940664,0.016220787719744056,0.015423328557297888,0.01538353452236163,0.01485206181311155,0.006808498369979321,0.025607202377671057,0.0,0.013724637359964986,-0.016793910357548125,0.012601417868976839,0.024873079818582278,0.01826143349238274,0.009649771523676853,0.008548113717610994,0.023052484678561747,0.012518019283460413,0.004617939774819446,0.027425713911623184,0.01234832545392811,0.013993278566759582,0.008372087311339205,-0.005475210236507655,0.020030535644807335,0.004582318274705899,0.01285509237336857,0.005543592677445974,0.0011680291991483793,-0.04171471904084045,0.0,-0.001797528589442321,0.018842100496073433,0.012885644239473248,0.024226835508775635,0.0,0.0008265974879019256,0.006280065708078986,0.01846515458288095,0.010695846232060213,-0.014305259231625234,0.005080162883472794,0.0,0.013264123981751308,0.02787163911392193,0.0,0.011174712524532726,0.009876741594648353,0.004602874488764341,0.013688385476119946,-1.1102230246251565e-16,-0.001224632447914431,0.018305898929863007,0.012089921581378116,0.014623752137326085,0.02812090599900713,0.0038118849055289172,0.015588814653397343,0.013798067917143109,0.026188992858106108,0.01217978790244445,0.02091065078953891,0.009148566166199579
-0.0007540420442060936,0.024265834681249432,-0.006728165813759401,0.003713530424072853,0.029276939360051768,-0.0005180705907092964,0.02627577983499052,0.013026050842731673,0.028579839435733,0.005426960660454394,-0.01860563430539891,-0.007036067410488178,0.01979994109982719,0.0065357722732900525,-0.019018620662872132,0.02680124051568339,-0.0007067650959657334,0.01524895879827054,-0.07562969594538466,-0.0011931212688192083,-0.015728035479188718,0.013724637359964986,0.0,0.006635242577062772,0.010777009098580426,0.010753345270245684,-0.014709369836279795,0.005729813837929976,0.007095923121049785,0.014952727289734458,0.008759916581036697,0.0026707230585730213,0.004333241439906543,0.011866382534865882,0.019734037141533378,0.06235201230653731,0.02194654377591604,0.005005473465077015,0.00576745712958715,-0.01808055373600498,0.014679361568692317,0.02277002224205693,0.016665337154051274,0.024234125669710505,0.013780963836220794,0.016752270367586752,0.01203080065411305,0.06441040708127177,0.0001053562717003853,0.03028524493905893,0.015810810616963322,0.019664670799224515,0.005158101200601506,0.024441310664628402,0.011475823509980776,0.04015104859503238,0.03321412627593645,0.01685964750142699,0.005336064833996179,0.004787438509901265,0.005239229417950075,0.009111811332946251,0.01983785773466723,0.03995696007908878,0.0035351063995324727,-0.006158444638457106,0.004647328483653401,0.015283116866621649,0.0026136396201849044,0.011836315915848772,0.016059278453837256,0.015095727540605952,0.02360348567215631,0.006745394009077921,0.02850307570777011,0.012078930662033471
0.018984248495369838,-0.0044261444861006805,0.032528522729660336,0.00667434856410104,0.014485057861528261,-6.617342806081172e-05,0.021179944946745355,0.0029615217804899174,0.021044079714726438,-0.00871445351148803,0.014936607859940332,-0.007180086115626427,0.021256210606197534,0.001970644535883914,-0.0011636376944748061,0.014759631944321783,0.007381512763555309,0.017771095329996378,0.011020082934849962,0.008897039680896224,0.01081291111019167,-0.016793910357548125,0.006635242577062772,0.0,0.012195846520201836,-0.007554052409156631,0.009626540313423082,0.018771198833401948,0.023007605694197242,0.010006512525636724,0.004614043519311162,0.01047032568812356,-0.03161219891597794,-0.00717305299288401,0.00974631917067098,0.07713257002055768,0.021466014927329524,-0.027536870697135396,-0.05002163400689652,-0.03952240036990107,-0.008380553016352266,0.0031325390628849092,-0.00036326948366260936,-0.0025968575832122642,-0.04189785990860012,0.08579836774256622,-0.016821498201241236,-0.0002259925747592484,0.0,0.0,0.004092243559440378,-0.004918048422170251,-0.00012887225499130794,-0.0033587545532042795,0.015847489258984104,0.001024468711476545,0.037314957637069324,-0.01567818538294341,0.0,-0.0008988982684726143,-0.017102891904555828,0.012129501182164104,0.0012429534251560126,0.0,0.005749645706305095,0.022705277817189062,-0.012487670356076175,0.015228007293254964,0.0952395978340772,0.011088187013810924,0.020289845877207224,0.001745186710749802,0.053875502999413905,-8.252774101180638e-05,0.0,-0.02407426704292326
0.00719442620662103,-0.0327326265978381,0.004520791221360343,0.0,0.0027479118959781723,0.015098387796438462,0.009398143026235484,-0.006512019724643825,0.020938049446447504,-0.05983177999799477,-2.7527227713874947e-05,-0.06812109622250573,0.008904119956856804,0.0001848400549284146,0.016319569204783113,0.01178278774886482,0.0014732329723782245,-0.014940265653318685,0.02236401785076364,0.01065690332336483,0.0003297246807096865,0.012601417868976839,0.010777009098580426,0.012195846520201836,0.0,-0.007023868024786717,0.01488435112446429,0.009898494968660465,0.011088891644858268,0.018446234897519287,0.005945076352900036,-0.0039020873078211005,0.014580356669683714,-0.002625928750036255,0.01018268354320434,0.03749889938118239,0.0005667501587094947,0.007580991770160639,0.003348566604832126,-0.016738798921651088,-0.014563152432998994,-0.004490513255750839,0.0018961388359902132,0.0,-0.014616474788001654,0.029793037404346634,0.006661063716090987,0.0,0.0,0.0,0.002791929381780578,0.008755059874126336,0.0018559849757666669,0.00022294845511144912,0.0009296353177614125,0.0,0.007541327866003478,-0.0008945509959280007,0.0,0.012912409463831487,-0.0022414616406562504,-0.01639627070155697,-0.01707363014651725,0.0,0.007717599748147286,0.015154064031876413,0.01821822022999592,0.010939670010965963,0.03257383778692907,-0.01788790573421134,-0.009959218253034086,0.019447814131813623,0.02821741795766347,0.00991778888029704,0.0,-0.01764186371829224
0.009265327312339311,0.010662457650258528,0.00894202481564288,-0.003311313570880381,-0.004017790970687163,0.01669968668353955,-0.0011389965204136043,0.0006462357610241276,0.025718349267390084,-0.01113517992936719,0.013226458254267548,-0.03407896879828476,0.0036947964267219913,-0.004404261221513828,0.012952355458359266,0.028400137605085196,-0.001687101058110374,0.0070959137503720515,-7.299727434373349e-05,0.015180886766785695,0.007232963105050616,0.024873079818582278,0.010753345270245684,-0.007554052409156631,-0.007023868024786717,0.0,0.01488836222751716,0.005955200788844706,0.017728924218237962,0.016207034292128775,0.003814559639993831,0.0030508590917698863,-0.004720641574784856,0.0003668312839532062,0.011687927396599462,-0.011439401871046528,0.01875043330506565,-0.01934638950285822,0.00820358994881426,-0.014427592357648455,-0.001980360328475983,0.011932985854642086,0.015395429472613742,0.0,-0.030896534262906616,0.025536127560871424,0.009536550009405453,0.01056783617905449,0.0,-0.0007482766007825825,0.016646810558047953,0.010607886200554306,0.013639539934957035,0.019236214076568614,-0.000837996446979794,0.00022898185894565382,0.006680057612250656,0.014767435491916392,0.0,0.00761112267875641,0.006284794063684929,-0.013059924004807821,-0.01217542976384356,-5.551115123125783e-17,0.0177154526548427,0.008308435899628597,0.014662091279447731,0.018322357719473437,0.031351014425353096,-0.008812879016160069,0.006419545758404088,0.025575569737790016,0.035275345875724395,0.027847482602183227,0.000244986595590857,-0.0033582399969803722
0.0005305113096593095,0.013043212970811846,0.029965989755825373,0.004613347062831841,0.01799982126163724,-0.0005067560431722407,0.024494561628092604,0.03602388407657853,0.02508535333253381,0.01602515219454792,0.014949024683227952,0.021734142880447616,0.02332560325866395,0.011845985921415947,-0.03245053575666462,0.020745151169735132,-0.017736359271255664,0.01925704900739078,6.648114587043397e-05,3.599940209525476e-05,-0.0006493952704449413,0.01826143349238274,-0.014709369836279795,0.009626540313423082,0.01488435112446429,0.01488836222751716,0.0,0.01604325985963112,0.0077788769386288315,0.017908098165539177,0.013577518838940372,0.010533133468807299,0.016770252195154656,0.01605055191399196,0.016372316838485113,0.032961948416614484,0.0289171910655604,0.024356101101914218,0.014910227775617235,-0.03698881687420125,0.020541729697421074,0.027337995223111644,0.03936956485402815,0.010253487364331515,0.008079559426977578,0.0264556182283624,0.0147766242320303,0.013281830916071824,-1.6653345369377348e-16,0.041819549572907455,0.027862673886956513,0.033538311944092514,0.02148059003805436,0.027061157568853078,0.012427930171004742,0.013009592291348016,0.013552133022345314,0.02712690151164976,0.03419925441568894,0.010549907616646426,0.01005145450224415,-0.00014907708360195615,0.02012643228154215,0.020166179567846942,0.007469703374210379,0.014284304350486166,0.007724197626082896,0.024829367703949612,0.007104120237497735,0.0202948934171589,0.0198054549017444,0.022637236445716247,0.028441652835109132,0.009327954238811609,0.022473827976217997,0.021424073276974043
