0.0,0.0007805492630315047,0.006632028330635864,0.0,-9.586984707210533e-05,0.010451081418595631,0.013521241011160534,-0.017267718750211436,-0.01890745600898114,-0.025110539702391133,-0.00012054642323156006,-0.0448220127789809,0.02115434648373188,-0.007133444780695608,-0.016167550632359307,-0.0038266373752942617,-0.006885867106164623,-0.006103526113519664,0.0,-0.0021813953986360435,-0.02036828873583818,-0.013696057385537252,0.008220215556290544,-0.024567295497877284,-0.006349433407493665,-0.018116535600474493,0.007441988113570275,0.005735283273019309,-0.00599354332802049,0.009310363388651155,-0.011522037291140874,-0.013100419450501166,-0.011279297360494767,-0.0037260625678950943,-0.004815028698512969,-0.007251897978011346,0.0,-0.013967485002986835,-0.02222127142263003,-0.02818818631111747,-0.024602276536397794,-0.01951190951238585,0.0,0.0,0.015261259384799664,-0.048369807181581514,-0.04113083124702238,0.0,0.0,0.0,-0.007457588400481163,0.0,-0.018389212755505036,0.0,0.00852157046930957,0.0,-0.06856021435565818,-0.0072904914801260046,0.0,-0.0054614964692755175,-0.041827543848820925,-0.024602462530158298,-0.025755616986189556,0.0,-0.04372884664583265,0.0011200694242972098,-0.03293112720735153,-0.012457251149354864,-0.08217029824655642,-0.026634149365232784,-0.02794744626752299,-0.011629701035350382,0.00020270097697011602,-0.005635798423836325,0.0,-0.015092607457485474
0.0007805492630315047,0.0,0.009191783247897267,0.0,0.001925482583727156,-0.0066617838306951005,0.007469277219317838,-0.003333677376064381,0.007742437337874553,0.01470335631604136,-0.00028318438210833685,-0.0018719470225994628,0.012054933690176073,0.0,-0.010158161059953486,0.001261179925904854,0.023339610149333445,0.0004800272016337592,-0.0001224105604591963,-0.006169939411149072,-0.02574872546292406,0.003913362269930554,0.011469307970329634,0.003754939589639794,-0.015538705004563946,0.0002547467512006296,-0.00022132088171605835,0.0035981826136033956,-0.0014221602066017414,-0.02868539360484723,-0.006476533865633072,-0.01849724494424687,-0.01822141717612369,-0.010369400751212288,-0.014892430763553177,0.004602675191292149,0.005274904880939402,-0.00029731306229358045,-0.023387390705039868,-0.029178100873394397,-0.0143026333770645,-0.005489467176182483,-0.0021917430798518156,0.0,-2.8783487173111855e-05,-0.009900244590785146,-0.03415921564835267,-0.005890383924565423,0.0,-5.551115123125783e-17,0.0401562957041634,0.030792961119326723,-0.01178968707293837,-0.011309577700200302,-0.005893301920745275,0.0,-0.010641687078878914,0.04150733325497985,0.0,-0.02902027745996616,-0.030683831884365742,-0.014045201824285924,-0.029012680702790172,0.0,-0.00013196501680823314,-0.023232154232874835,-0.02823748134101145,-0.0073817620539222695,-0.03977147874353948,-0.03326323692404726,-0.027695556993926174,0.015365340572110808,0.036160691307321746,0.01884706397361502,0.04081152024351031,-0.006386209725486702
0.006632028330635864,0.009191783247897267,0.0,-0.007243657053177255,-0.002876990428306414,-0.0012834717825911945,-0.007438526433979853,0.013692776958018349,-0.005171523231903008,0.007276413376307633,-0.0006272626855755026,-0.012261637889526333,-0.0012946601748603515,-0.016499238877759892,-0.008063791262470477,0.024005654114661268,-0.014647079639321603,-0.0344358030748923,-0.02021177798110979,0.02759032080707513,-0.007515183174362172,0.026008578006011085,0.032638925574928146,-0.011331576386090003,-0.017107608804652452,-0.0018098196061476224,0.001130581696962063,0.012481348231710432,0.020764021021559997,0.00889483875034286,0.015556996367736886,0.019409880033879,0.010890197577663796,0.015680775186474427,0.006759298819889292,0.018475618025747098,0.02361923335265942,0.004516314519434073,0.006867494354268033,-0.012276556466706945,0.010958207292717681,0.014761131386083481,-0.007926543029845745,-0.009368715369879654,9.954505612752573e-06,0.0,-0.004239459336021101,-0.03979713090981635,0.00012485686258967288,0.015200643248545642,0.014884141125080852,0.009371762004195983,0.010373255045818652,0.02514524119828776,-0.021410616618955602,-0.06303806868354828,-0.006245381630188174,0.013029858636013913,-0.07167092213510079,0.0070127080847848244,-0.00021894647475056983,0.0,0.0,-0.05012426865784797,0.025832886343415296,0.0007643652062901962,0.007031832598975496,0.0076137898729896625,0.0,0.0,0.004644453891454237,0.013067037527948355,0.02343784467218557,0.021317227103067382,-0.011666731175737133,0.0025610073600000893
0.0,0.0,-0.007243657053177255,0.0,-0.0006815885614250838,-0.02340192801176494,0.00045037096638927965,-0.1419387304406719,-0.009386109732177128,0.05967357930482298,-0.05684880574285878,-0.10722249000972009,-0.01643227925564361,-0.011323456111715646,0.00514612984971019,0.0,0.00016845144904470422,0.0,0.010057357696792946,0.0053386974380974506,0.0004023063497511359,0.01547718437414014,0.011944341876783504,0.0114353961446379,0.0,-0.0007411279842990393,0.013075117200863795,0.002185280134563372,0.09440578969968333,-8.853374859596475e-05,0.014374732989985983,0.026777683875966796,0.19907306589043644,0.0903254871176703,0.036234898591929354,-0.02107455301515135,0.005721760900479433,0.00024904673548853395,-0.0004243788546761107,0.0,0.0003445143378434379,0.0,0.00031561964630505424,0.0,0.0,0.0,0.0,-2.468039732284044e-05,0.0,0.0,-2.4340565522806834e-05,0.0,0.0,5.7779988083872524e-05,0.0,5.9152122372452265e-05,0.0,-4.3496793340147555e-05,0.0,0.0,0.0,0.0,0.0,0.0,0.0,0.0,0.0,0.005910888203230935,0.0,0.0,0.0,-0.002145399600790854,5.663449283044297e-05,0.00022275064229199115,0.0,0.0
-9.586984707210533e-05,0.001925482583727156,-0.002876990428306414,-0.0006815885614250838,0.0,0.010733047619264524,-0.010933676884712973,0.005000576124084888,-0.00904344978885041,0.0022899508836161098,-0.01099339546978273,-0.017263790494301046,-0.004822851344302215,0.01032852642428439,-0.009443840537509185,0.018433129453499453,-0.022895477221481164,-0.024313546310227085,-0.01711913088640038,0.026497969759114726,0.06433881064339264,0.020282256084651007,0.01866581798714828,-0.013265318093460043,-0.021524869177003858,-0.012686674203714554,0.013602886597051445,0.006435855854214578,0.0009364487193215254,0.002390749831512884,0.010662541547704518,0.002550289096039604,-0.009609948132158208,0.016005771191970497,0.006313936998612879,0.006455490884222148,-0.01752954818100888,0.007035480014147888,-0.004489950234563778,0.012600041416047647,0.010068723214465058,0.010901391110320069,-0.03468705470174949,6.075092001278648e-05,-0.006236243667439523,0.0,-0.012886536191017595,-0.01069706340618437,0.0,-0.019778534226043976,0.010313110729531005,0.0001941960933931064,0.010613148276929385,-0.019010076151352417,0.000808049929222121,-0.01349233858811627,-0.006228834017011908,0.011967125540924939,-0.05954652847952391,0.00851849642575786,-0.0002289732717333237,0.0,0.0,-0.024715585728666,0.02644617490477641,0.0,-0.0003085310246319084,0.0043673877362137015,0.0,0.00013065393751549026,-0.004902522948200427,0.007857061560998746,0.024766102855217187,0.02786399293382197,-0.0016985184972502232,0.011304004575722226
0.010451081418595631,-0.0066617838306951005,-0.0012834717825911945,-0.02340192801176494,0.010733047619264524,0.0,-0.005353650295732981,0.008199648717822583,0.002516568463859725,-0.016117107781764783,0.020955948344983766,-0.018754509187873747,-0.00935496707365574,0.023744424487343097,0.0031038524590252248,0.015162158838027628,-0.05369461635503253,-0.01459462032742559,0.0010957510413606153,-0.0034352804575872864,0.02379171817436232,0.007613297411143083,-0.016875119526362836,-0.02867631882096805,-0.016931190664438378,-0.011565883084891093,-0.014212922749831602,-0.007134030272252012,-0.012051108506318187,-0.006942058725049549,-0.0003188558297229638,0.011009988649351377,0.002632865436245968,-0.0017914196080604516,-0.005794739060571097,0.013068866471464491,0.014279897934533659,0.010854364240050263,0.008998738169640308,0.10043682018010569,0.0254881028414905,0.031557807703338714,0.023511175786497307,0.005442131806936479,-0.005837199835218798,0.001234164076113986,-0.01708645255645247,0.013035347180739731,0.0,0.0024569915672442155,0.019933797484012583,0.015852881197614854,0.027725666068714128,0.00787705343827616,-0.005963979499450378,0.005549607270081247,0.00585525710797713,0.014193008612497948,0.0162268412486703,-0.0006909402241819795,-0.015960076923044242,5.551115123125783e-17,-0.012090141484156935,0.007480522980637283,0.009604527054752399,0.03389256291859233,0.0019508337638008966,0.014830682883610224,0.0,-0.009441882832111836,-0.02338083690398718,0.014088731594691817,0.019691079674484913,0.019837702034488314,0.013806377901959599,0.017573239369045757
0.013521241011160534,0.007469277219317838,-0.007438526433979853,0.00045037096638927965,-0.010933676884712973,-0.005353650295732981,0.0,0.014605849660414283,-0.008675649024345145,-0.006612807090942474,-0.004349750746529268,-0.018089487160040496,-0.021494420160475314,-0.00888908060489263,-0.007481561824488114,0.014138692225587779,-0.01869116053219977,-0.0050247397016368045,-0.003727748645241502,0.0011779699007833377,0.03053714169211097,0.0077173332479937296,0.012783745549113268,0.0372488659703874,-0.014439820959965044,-0.011718219049841438,-0.0015511449284755785,0.01486962584298096,-0.01779288379263888,-0.0016253901060389042,0.012688296020730627,0.005598832819311561,-0.007506173292035401,0.023812722359923877,0.00612454599331641,0.0007351459850979403,0.007441952044815625,-0.01286499646160738,0.04939594994390184,0.02158306395648696,0.03766965172723702,0.06071929155335032,0.00934303397259062,-0.0003386113165923521,-0.010208705255232431,-0.0002780782480649169,0.0350969844998858,-0.0030007395478433008,0.0,0.016519170606216993,0.01987219353733205,0.011396394677608779,0.027472946775093765,-0.002086660729760048,0.04618662666565676,-0.02897921720382507,-0.019434966750043192,0.015143662921385581,0.004093408144549782,0.02273497511240763,-0.007073387033844858,1.1102230246251565e-16,-0.0002157625005153041,-0.0005177812291045081,0.01865158213226159,0.03164575558183347,0.012755433806013072,0.013739208922834867,-0.013250093336302615,-0.008590576137988137,-0.007544531189345283,0.014161771986829552,0.02090511660151051,0.02425205805891323,0.00866278959700062,0.014433237447331493
-0.017267718750211436,-0.003333677376064381,0.013692776958018349,-0.1419387304406719,0.005000576124084888,0.008199648717822583,0.014605849660414283,0.0,-0.0015015319772083702,-0.00013830175081808171,-0.0036372301261623496,-0.027215667421894296,0.020960722264976417,-0.006993043747957894,-0.008130820138463724,0.0036871360443204715,-0.009086977799957818,-0.006913766333649207,-0.0024194013830097783,0.021912257620379127,-0.0081458495590358,0.009857296598716092,-0.004311375558390229,-0.009786614585751474,-0.0013154060213789176,-0.011365767752282374,-0.0012699132292454118,0.018989485241316162,0.02345506871380587,0.000542773001202812,0.013436417359703079,-0.0301925695424774,-0.009538150958193603,0.017121423278154968,0.008895629994027598,-0.03610446428971237,-0.02006883002069243,0.008296742173162674,0.021903278029920537,0.020460589585827305,0.02649265850182253,0.03539440617054623,0.048869486308189825,-5.643219938344934e-06,-0.00010366412726869889,0.0013643932762806288,0.004233640569023478,0.003291016910165867,0.0,0.042795147230712316,0.017518959596391437,0.01610373848053015,0.12139042271028355,-0.014054750453122433,-0.016182847275766687,-0.011387887464689606,-1.1102230246251565e-16,0.020032670576323963,0.007306105833164767,-0.0010264870970907447,-0.0029867631295128483,0.0,-8.528176592248471e-06,0.0026098216500902716,0.011889827064225866,0.03536140871806459,-0.006713198926748709,0.01669729500433298,0.0008080945638960224,-0.013833505129140278,-0.023274443072672846,0.018545451854233286,0.025208541532711848,0.02435577710965975,0.032895831792836505,0.021373381748227394
-0.01890745600898114,0.007742437337874553,-0.005171523231903008,-0.009386109732177128,-0.00904344978885041,0.002516568463859725,-0.008675649024345145,-0.0015015319772083702,0.0,0.007731894137724682,-0.012629392350188728,-0.02354428788087931,0.004155034491247989,-0.01808798657859817,-0.007122913368949768,0.016102987598367535,0.006584807956082461,-0.01899051030595489,-0.013056099708312674,0.009018085037218904,0.02481843063482564,0.022621618402864863,-0.002419932125047375,-0.002738507334707596,-0.03187251839067434,0.006569174180665105,0.002011312079357397,0.009482139849805116,-0.0036730996434323204,-0.008155840566305472,0.011775345123693881,0.012610195577466177,0.0034076328011814483,0.012036255059032497,0.008003531967567201,0.013294630365655202,0.015018129544150327,0.009711886420294635,-0.008656645847264943,-0.017547993550640517,0.015014556513628485,0.03602201298088481,-0.01811463079622988,0.0004959875263483293,-0.003382012298403625,0.0,-0.007144099677700688,0.016040512369236648,-0.007008773762726572,0.0024590482548731973,0.007552257187566691,0.002758065185778147,-0.007725461354283425,-0.008328764206685713,-0.04117356952037432,0.008226698462171556,-0.0009455449628013035,0.004879398995351614,-0.03588126504512856,-0.007434436205053907,0.0022036661454906126,5.551115123125783e-17,0.0,-0.011257101901578581,0.028162113340237993,0.016002476868313575,-0.0024245171037904356,-0.0012926971382193342,0.00044921331822950217,-0.0006651735067496611,-0.014390085878881298,0.00012032904211756179,0.012910462221182084,0.023601151768737838,0.004068804618047928,0.010599330254156714
-0.025110539702391133,0.01470335631604136,0.007276413376307633,0.05967357930482298,0.0022899508836161098,-0.016117107781764783,-0.006612807090942474,-0.00013830175081808171,0.007731894137724682,0.0,0.014623599256055275,-0.052592236397363656,-0.0045267971888797165,0.03258721663131969,0.04413798404742397,-0.009365014905613533,-0.01840798810297556,-0.01724439311866205,0.009548921949123768,-0.011716723328490164,-0.022754590337411063,-0.002657747578734937,0.00791266471067914,-0.020155857115209785,-0.03186965779869122,0.003753951917589815,-0.00046785860442427607,-0.012485698979814108,-0.02443990352106007,-0.004839555990860889,-0.023439459646205085,-0.010873687713789215,-0.019927148307272435,-0.025733861045955153,-0.05270538747250941,0.008406590209623088,-0.038652314961790835,-0.06089524297132601,-0.05718624596194588,-0.03821156686764787,-0.04635171342929728,-0.05742136881603194,0.005927986264712137,-0.016999738161818823,-0.06022251036890719,-0.02580077953056442,0.004729458530835617,-0.0023430669539071802,-1.1102230246251565e-16,1.6653345369377348e-16,0.041950425999115026,0.011953108196189222,0.00048017051887072615,-0.0021093971962086178,-0.011150022127217607,-0.01677830564455407,-0.01530335891553164,0.0793017854079292,0.0,0.0006521644414168026,-0.008731852099762238,-0.007665754739758779,-0.002080711382910161,-8.926280240240114e-06,0.0027064399934071948,0.00011279133020497545,0.011060775875970597,0.00991413120766238,-0.020024929695518667,-0.012582860049697109,-0.002791350791877978,0.016140853811071332,0.004456967035094017,-0.0028163297326189163,-1.1102230246251565e-16,-0.01711569665724455
-0.00012054642323156006,-0.00028318438210833685,-0.0006272626855755026,-0.05684880574285878,-0.01099339546978273,0.020955948344983766,-0.004349750746529268,-0.0036372301261623496,-0.012629392350188728,0.014623599256055275,0.0,-0.0074127875806582755,0.012255147975061165,-0.05041251177501954,0.0,-6.70460555979302e-06,-0.010029198904608072,-0.0031807442029676003,-0.004945192101486695,3.0813487345793256e-05,-0.0017823302727238977,-0.00310139155070277,0.012331611569214695,0.0030195084139755246,-0.002012094429499345,-0.009276148817329244,-0.006019267452525234,0.015395338269736158,-0.0024531442560922767,-0.021653721242408774,0.008530322239378663,0.007094024299469037,-0.0038379159254861572,0.01727097811405287,0.015747972323813975,0.030664003991647926,0.03569213979466729,0.01762715182221264,0.04238673180851815,0.018909022721750712,0.03507896770452046,0.00365632317725334,-0.02039786786206249,0.0005282402671180075,-0.007801920546570973,0.0,5.551115123125783e-17,0.05280275232129872,-5.4078105697130674e-05,0.0188947367205749,0.004535159209442252,0.019516730726774956,-0.012857131576032854,0.012690112182260627,0.007497353140466512,0.0887321013168823,0.0014783455380458776,0.010236502253594293,-0.0077351237329642,-0.00030577491800859447,0.0,0.0,0.0,-0.007134903027259609,-0.01729225537573037,0.0,-0.018981889827658915,-0.002235138935148484,0.0,0.0,-0.004341175894179927,-0.006523443994535194,0.021406822509380974,0.02807303597163413,-0.0008168011875629433,0.0049674308243718435
-0.0448220127789809,-0.0018719470225994628,-0.012261637889526333,-0.10722249000972009,-0.017263790494301046,-0.018754509187873747,-0.018089487160040496,-0.027215667421894296,-0.02354428788087931,-0.052592236397363656,-0.0074127875806582755,0.0,-0.02462863209644084,-0.017439648678984676,0.00010540988027135656,-0.010160179894762367,-0.01783752173147063,-0.007850423194027123,-0.004706093089233199,-0.019634425212642692,-0.04516714591060805,0.021948534130232955,-0.012326249485856533,-0.019291752685189067,-0.019152505013828425,0.013826550753371858,-0.05016950546969062,-0.02026467592874487,-0.0070438120391362324,-0.0012506613911690279,-0.029733407671243717,-0.030851940033865877,-0.012492476461109903,-0.048341559218718994,-0.07105823290544094,-0.04758634037656223,-0.060760858162059034,-0.059656094049809316,-0.047810035882884516,-0.05347787985235064,-0.0016796390180575105,0.02942823325002225,-0.017745806427617306,0.010999012039643735,-0.036434151872997034,-0.041928533180666916,-0.0015895658975277893,-0.004945175216343856,0.0,-0.00020684007191518194,0.00043900682131453594,-0.011093666252116163,0.0,0.0020481863755612006,-0.012411249814194225,-0.0050568349557039705,-0.012846852883289406,-0.027540958469158938,0.0,-0.05475299355416202,-0.022313367297209674,-0.0053731691715728225,-0.007421889748568777,0.0,-0.04652880123264724,6.819122762175e-05,-0.056175643291091926,-0.06553169758258448,-0.011054195398778721,-0.0182224253466588,-0.0044496550306082905,0.011102260102743566,-0.026838526496904436,-0.00043624234810391016,0.0,-0.023461504535018385
0.02115434648373188,0.012054933690176073,-0.0012946601748603515,-0.01643227925564361,-0.004822851344302215,-0.00935496707365574,-0.021494420160475314,0.020960722264976417,0.004155034491247989,-0.0045267971888797165,0.012255147975061165,-0.02462863209644084,0.0,-0.006387864899381757,-0.010670733031740431,0.0072854914521727765,-0.008116797628363759,0.002424740193556596,0.008347663818956685,-0.008984035744557417,0.022771625115650507,-0.0008220519558191919,0.013195751275981216,0.010092909855851484,-0.007479961586594419,-0.01751049668247534,0.0031734230061342683,-0.011112604602394494,-0.02070654937341676,-0.011016179451560248,0.0020652362725260276,0.004275672965242172,-0.010172506923715574,0.011071758791600772,0.0005596740917813148,-0.003293502307678664,-0.0018617664459438243,-0.005330984557554486,0.04095668115006679,0.04865231738941217,0.03393098830068658,0.038406428872742704,0.011691018701758926,-0.008707098313951944,0.006328262906131754,0.005444428280713787,0.019553810150368778,0.01001430955030913,0.0,3.93975438164329e-05,0.019567577149385618,0.012362652017144482,0.026904983514246805,0.005315962957898268,0.011538320486287168,-0.008500090035784669,-0.0090754273946137,0.016391138204752576,0.003878749602200915,0.006255674277108603,0.008019894772421543,-0.0008794766959486222,-0.012747926789235864,-0.01658079043530758,0.014678192429183667,0.03058917777047776,0.006094246938855019,0.013129536870796321,0.0035294204714177435,-0.01197634477047721,-0.011980031901169697,0.014749208117230572,0.022089906765638934,0.022878206966104098,0.023532324062864762,0.013453482768988279
-0.007133444780695608,0.0,-0.016499238877759892,-0.011323456111715646,0.01032852642428439,0.023744424487343097,-0.00888908060489263,-0.006993043747957894,-0.01808798657859817,0.03258721663131969,-0.05041251177501954,-0.017439648678984676,-0.006387864899381757,0.0,-0.0026266661401088687,0.0,0.0,0.0,-0.03822667213185704,-0.018661867486079453,-0.0185197069792159,-0.005540231836016929,-0.01076937182155796,-0.05534695609292356,5.2791030050847176e-05,-0.016653357643182543,0.01754048418932941,-0.0013876957228686204,-0.006857582805851137,-0.00020235156870512805,-0.015097342236987443,0.02839468149351082,0.0002853023439131075,0.023475086914492294,0.00531758561322776,0.04708075256005184,0.02988568975750494,-0.03748681640140428,-0.00654209525489291,0.0,-0.0007726004428013633,0.0,-0.02187030851589239,0.0,0.0,0.0,0.0,-0.015415814169022157,0.0,-0.021114252306543957,0.0014401275097962185,-0.010743061805353005,-0.010187246266218808,-0.010307451868430018,0.0,-0.010252143677771497,-0.00045668064593340496,-0.020598898343956173,0.00812665882529956,-5.551115123125783e-17,0.0,0.0,0.0,-0.025139849210929155,0.000944645189305704,0.0,0.0,0.0015905220294417655,-0.00019675444364480876,0.0,0.0,-0.0222805412604673,0.0015811887446196549,0.006137807139260765,0.0,-5.551115123125783e-17
-0.016167550632359307,-0.010158161059953486,-0.008063791262470477,0.00514612984971019,-0.009443840537509185,0.0031038524590252248,-0.007481561824488114,-0.008130820138463724,-0.007122913368949768,0.04413798404742397,0.0,0.00010540988027135656,-0.010670733031740431,-0.0026266661401088687,0.0,0.0009457295093841522,-0.0015522400199937114,0.0001710835683280676,0.0,-0.02061921123360677,0.010315839362113943,-0.02009200872574607,-0.03991150982100561,-0.015334300623353503,0.0013841353151426983,0.019926561847817603,-0.0005617386990361961,0.0005548356028377,0.006366375646862932,-0.011625382611082313,0.0006885007396197351,0.004575268807939015,-0.0015893447422275497,0.00031648577496001806,-0.00436661822859985,-0.010891620224417864,0.058837365116287677,-0.01757021180387286,-0.025248523437307102,-0.0527980289580815,-0.018925741781027183,-0.011545112161080784,0.03398702581906593,-0.0004164410327055501,0.01659816575965939,-0.010323853203690614,-0.04136756616833981,-0.00385353408621969,0.0,0.0,0.0012048132683682988,-0.00182632684681866,-0.011629280194364877,-0.009250087847807509,-5.082665637234918e-05,0.0,-0.010894653975031032,0.00039482064649870585,0.0,-0.008494551038927656,-0.02674711639973948,-0.00043421511362745635,-0.021873904130877142,0.0,-0.012861984347016464,-0.009148558658638117,-0.017122891813828256,-0.01287696711692865,0.0018436742020793706,-0.025637282748390833,-0.02738486896170944,-0.004410219546881089,0.005858754255558096,0.0007972049766874489,0.015115097500240093,-0.0234897039771374
-0.0038266373752942617,0.001261179925904854,0.024005654114661268,0.0,0.018433129453499453,0.015162158838027628,0.014138692225587779,0.0036871360443204715,0.016102987598367535,-0.009365014905613533,-6.70460555979302e-06,-0.010160179894762367,0.0072854914521727765,0.0,0.0009457295093841522,0.0,0.00335578067941239,0.0031177462703376735,-0.000974164621317053,0.01798789781810539,-0.013434454635034343,0.002386335555867092,0.015590862820355655,-0.008070671696025433,-0.009407604344550402,0.00032825192092794664,0.01571248153969923,0.007569285879011067,0.016905072742936234,-0.0034414588425096815,0.0029849588467615873,0.0009574491888255099,-0.0002825054818530459,0.005744779441871906,0.011521021730129755,-0.06627913546873826,0.00593246471858222,-0.0022024426395288454,-0.01974910971922772,-0.028023680716353916,-0.009609545819586618,-0.003980828927105051,-0.01681946651063676,0.0,0.0,-0.01093832089568253,-0.02912892932992195,0.0,0.0,0.0,-0.04097887599916361,-0.005394662031041664,-0.0014818835414167064,0.0,0.02047684318771459,0.0,-0.007879147367031825,0.030565992495569017,0.0,-0.019413341875192447,-0.03179212704649603,-0.02797626350359067,-0.02825641758516101,0.0,0.001995477664645695,-0.016797913313650437,-0.01969074567540363,-0.020755695640726435,-0.030269170937587186,-0.030009515463978786,-0.023035112653958634,0.017447540088744995,-0.0003738404481680724,-0.019529382433088383,-0.00014125703305134518,-0.00711642275180141
-0.006885867106164623,0.023339610149333445,-0.014647079639321603,0.00016845144904470422,-0.022895477221481164,-0.05369461635503253,-0.01869116053219977,-0.009086977799957818,0.006584807956082461,-0.01840798810297556,-0.010029198904608072,-0.01783752173147063,-0.008116797628363759,0.0,-0.0015522400199937114,0.00335578067941239,0.0,-0.020148567603613776,-0.006702126343008097,-0.005576596865918104,-0.01840334920001846,0.006156734943283004,0.0022440299734381997,0.0029840578993962086,-0.026989446621730917,-0.0032805516094767118,-0.019689772375613368,-0.009820596228396872,-0.005734658580136054,-0.008900478344316565,-0.0014451271443316482,0.00461180147990109,-0.005920986660569949,-0.008679569205088555,-0.01642308413877991,0.004031392051890292,-0.008858427929433588,-0.022744917012606947,-0.001004176369212073,0.001372745642585771,0.0029474538465461553,-0.020555592605400186,0.0,0.0,-0.0020501132694402124,-0.006874036639355818,-0.012133747988052446,0.0,0.0,1.6653345369377348e-16,-0.0003841245289080142,7.991358728487441e-05,0.0,0.0,0.005184600479617718,-0.00014182516565441894,0.007235127301389699,-0.0032760602224652935,0.0,0.0,-0.0004260102854945491,-0.006105004092619382,0.000889867258782373,0.0,-5.51803447612631e-05,-5.551115123125783e-17,0.0021364207768713173,-5.726923625903879e-05,0.004475421064194296,-0.004384990861789395,0.0009383930721656997,0.0,-0.00901126051543244,-0.0001502807391594585,0.0,0.00601055215375168
-0.006103526113519664,0.0004800272016337592,-0.0344358030748923,0.0,-0.024313546310227085,-0.01459462032742559,-0.0050247397016368045,-0.006913766333649207,-0.01899051030595489,-0.01724439311866205,-0.0031807442029676003,-0.007850423194027123,0.002424740193556596,0.0,0.0001710835683280676,0.0031177462703376735,-0.020148567603613776,0.0,-0.009419664146476214,0.004698650917648262,-0.011330404085359014,0.002009470880158737,-0.0005937577629864244,-0.013763082437713459,-0.0238571713520756,-0.008329902397494482,-0.0061365850837467595,-0.0042592052887844845,-0.0016178440716160813,-0.008388258094594092,-0.011897102926525849,-0.003835375876748315,-0.0029433711775076477,-0.0010547227590333996,-0.0019793759906673314,-0.053747980569292364,0.0,-0.0028968934000445645,-0.016614248375553864,0.0035377063469532177,-0.001553519723040686,0.0004941259471207271,5.551115123125783e-17,0.0,0.0006537070820145097,-0.00912511041864561,-0.023015934378391334,0.0,0.0,0.0,0.0022233608681785366,-0.04692723469277438,-0.008417012873618845,0.0,0.005853005414008794,0.0,0.013973651370055351,-0.03912561214884441,0.0,-0.013706732823339562,-0.027963272076503787,-0.008778190545298603,-0.0138786378734983,0.0,-0.014029364359502139,0.01075049321994348,-0.013595823848059574,-0.010408879448241593,0.00012087173410929575,-0.01773400932248209,-0.006150742868295422,-0.0009906574016272374,-0.02309184974634465,-0.022355095558162397,0.0,0.0015758702921402357
0.0,-0.0001224105604591963,-0.02021177798110979,0.010057357696792946,-0.01711913088640038,0.0010957510413606153,-0.003727748645241502,-0.0024194013830097783,-0.013056099708312674,0.009548921949123768,-0.004945192101486695,-0.004706093089233199,0.008347663818956685,-0.03822667213185704,0.0,-0.000974164621317053,-0.006702126343008097,-0.009419664146476214,0.0,0.006687393623406368,0.012019484892155152,-0.007746984503352816,0.01618561683965475,-0.00615255390533892,0.002147114638893277,-0.0030864568592580133,-0.014479667422426346,0.012121800179179631,0.009509724125998709,-0.027364017750057812,0.011225430325796093,0.008099034568160468,-0.005561847114936513,0.015046754651278804,0.001523180868283125,0.019747263526797287,0.022021123137897836,0.015846355950301316,-0.04708605216089162,-0.015214127356725393,0.01309267603848141,-0.0031545545514090056,-0.019027229130319345,5.551115123125783e-17,-1.6653345369377348e-16,0.0,5.551115123125783e-17,0.06422449202952807,0.0,-0.014395303523907721,6.271631130760902e-05,-0.009591385383786899,-0.01027505403385287,-0.014183833549845093,0.001024687654063161,0.0907685224567309,-0.0005142570112458,-0.0006391002623367115,-0.004262555941574042,-0.0008478875939030295,0.0,0.0,0.0,0.004849732206285151,-0.0062080238673841714,0.0,0.00531329938396774,-0.007352058145102536,0.0,0.0,-0.005768509998634652,-0.01052477436922128,0.014460318145603446,0.04755558196836851,0.0005234981216325485,0.02512561923768697
-0.0021813953986360435,-0.006169939411149072,0.02759032080707513,0.0053386974380974506,0.026497969759114726,-0.0034352804575872864,0.0011779699007833377,0.021912257620379127,0.009018085037218904,-0.011716723328490164,3.0813487345793256e-05,-0.019634425212642692,-0.008984035744557417,-0.018661867486079453,-0.02061921123360677,0.01798789781810539,-0.005576596865918104,0.004698650917648262,0.006687393623406368,0.0,0.010421729295916782,0.013171866621941808,-0.002521939514945337,-0.015576912520073982,-0.006895369652558991,0.018337268126938144,-0.021538951167948794,-0.010250942256369577,-0.027148709349050393,-0.02404624292226898,-0.006126830640712677,0.0018969186182569153,-0.01131176277363094,0.0018648812336444776,-0.0032498246085121973,0.029821347733066328,-0.0057268078594122085,-0.015671928310997174,-0.002792708693267587,-0.034258631182753185,0.007710157213393853,0.006928256312762726,0.03414847305069735,8.52309761795178e-06,-0.011618685853129751,-0.03468777693962294,-0.02239937880962406,-0.0003679580199416055,0.0,-0.010533163757774133,0.017914208847595536,0.00710903245796396,0.014132140359094325,0.0076238234931136906,0.0006853166284488399,-0.03017483034893914,-0.06218730096801539,0.01846166294827345,0.0,-0.01623447111389359,-0.018920307010361403,-0.005237256742651297,-0.015577790427279081,-0.013247843216919297,-0.005046395459877451,-0.007642691880474117,-0.011340507329785643,0.0001732319895723089,-0.0013349567164004927,-0.01321905089271963,-0.02525912670601249,0.0060186594699096485,0.010547907737973095,0.0067845437805735265,0.00936255316679735,0.0056485279847225955
-0.02036828873583818,-0.02574872546292406,-0.007515183174362172,0.0004023063497511359,0.06433881064339264,0.02379171817436232,0.03053714169211097,-0.0081458495590358,0.02481843063482564,-0.022754590337411063,-0.0017823302727238977,-0.04516714591060805,0.022771625115650507,-0.0185197069792159,0.010315839362113943,-0.013434454635034343,-0.01840334920001846,-0.011330404085359014,0.012019484892155152,0.010421729295916782,0.0,-0.004926848668897643,0.0005696400778391064,-0.021145981879842513,-0.016697364351763888,-0.011813809075940984,0.020955147935084517,0.0187651052350834,0.011873443494466562,0.011076593565767567,-0.011871420668677968,-0.011416480060673695,-0.030682278366288618,-0.013993319954245353,-0.019569632121899716,0.042911369060050164,0.027874053347363426,-0.007098498869666958,-0.01980869272526714,-0.0739439016404953,-0.012209599943549532,-0.006813891465088484,-0.00894469918831503,0.0,-0.0006533251177992527,0.010406183356149568,-0.04453533660096809,-0.0005044302179832982,0.0,9.664400176395693e-05,0.0036392225271939527,0.000718834164471327,0.04630500701142232,0.006396854539978125,-0.015892452668426815,0.0,0.004245240331827771,0.021271159245895177,0.0,-0.0181691543335471,-0.03518004988124468,0.0,-0.02044023736913375,0.0,-0.0023638149461799873,-0.03808922660332076,-0.029813010760161907,0.004045555036291559,0.012398240802412253,-0.033451971437472916,-0.027416895980801215,0.004674310924495606,0.0154174813666752,0.016443916663487046,0.01807603265117036,-0.0012137974164480592
-0.013696057385537252,0.003913362269930554,0.026008578006011085,0.01547718437414014,0.020282256084651007,0.007613297411143083,0.0077173332479937296,0.009857296598716092,0.022621618402864863,-0.002657747578734937,-0.00310139155070277,0.021948534130232955,-0.0008220519558191919,-0.005540231836016929,-0.02009200872574607,0.002386335555867092,0.006156734943283004,0.002009470880158737,-0.007746984503352816,0.013171866621941808,-0.004926848668897643,0.0,-0.009908651381195621,0.007863297182155005,-0.014367267119426208,-0.0053700922637267,0.013199560337679883,-0.010674055099882507,0.004848814695422754,-0.01925428537765178,0.0029301320137936626,0.010705597268084954,-0.0026621623640076253,0.015057027089881214,0.0069156418480004755,0.00521226606621128,0.00856848551040501,0.042529986306614864,-0.022454507422112524,-0.03434220822780221,-0.01151455813567781,-0.007906393052855232,-0.010023885664832588,0.0,-0.02418379137984289,-0.013340247406602779,-0.044735693036301816,-0.009628179978607654,0.0,-0.0003254733811365318,0.026544440203339792,0.03066975468771882,-0.03036588078919339,-0.0026012502543216187,-0.005189548237541974,0.0,-0.0626618475444905,0.03243879392691679,0.0,-0.008753813004163447,-0.0319686865988002,-0.0015402064096142198,-0.022217481471796585,-1.1102230246251565e-16,-0.01150090930556058,-0.004970973511218779,-0.009329578716374132,-0.011713651523934665,0.0003176157975019467,-0.029720398764539635,-0.031987764168595834,0.002836931550491195,0.016183518314299483,0.002701370087855093,-0.0017627319743524494,-0.01838793566581559
0.008220215556290544,0.011469307970329634,0.032638925574928146,0.011944341876783504,0.01866581798714828,-0.016875119526362836,0.012783745549113268,-0.004311375558390229,-0.002419932125047375,0.00791266471067914,0.012331611569214695,-0.012326249485856533,0.013195751275981216,-0.01076937182155796,-0.03991150982100561,0.015590862820355655,0.0022440299734381997,-0.0005937577629864244,0.01618561683965475,-0.002521939514945337,0.0005696400778391064,-0.009908651381195621,0.0,0.001458561894422783,0.007274793214701203,0.015592757476999952,0.018328147899949243,0.019387089697539994,0.019088226551271514,0.013869285127529218,0.01781510982358564,0.016793841835761214,0.011315317318672358,0.013864466958053767,0.011493219704263091,0.001297738635077872,0.030397456081197205,-0.0017395764724823515,0.018730354132960647,0.0013806920276816514,0.018429291924688784,0.034726013756339325,0.016519272457873213,-0.011112840509645394,0.014623819205038135,-0.01998846944303162,-0.01312949265994423,0.03580870844221051,3.0090156094897402e-05,0.007774255723075663,0.024499017435512638,0.013171683761667663,0.030032974513414745,0.001773580909294914,0.004941540843352743,0.007767355489850136,-0.006995288557412105,0.015076708428425567,-0.017620140847059707,-0.006403483162949142,-0.016933253840662632,-0.0022020312818095134,-0.021055383019486007,0.03957813601975324,0.008136212407032217,0.012803723117765786,-0.006080020307957734,0.02456254438578609,0.010163589571505927,-0.013358259108628034,-0.008973924981717063,0.01973221175122586,0.020934690721203464,0.02221061536445812,0.0263219896366792,0.02308993759991851
-0.024567295497877284,0.003754939589639794,-0.011331576386090003,0.0114353961446379,-0.013265318093460043,-0.02867631882096805,0.0372488659703874,-0.009786614585751474,-0.002738507334707596,-0.020155857115209785,0.0030195084139755246,-0.019291752685189067,0.010092909855851484,-0.05534695609292356,-0.015334300623353503,-0.008070671696025433,0.0029840578993962086,-0.013763082437713459,-0.00615255390533892,-0.015576912520073982,-0.021145981879842513,0.007863297182155005,0.001458561894422783,0.0,-0.015141186640262483,-0.030825861342365257,0.003906139951887322,0.041343896391828394,-0.022629356070338558,-0.023862581882451828,-0.022338199088357602,-0.015608100476712128,-0.016114580346385687,-0.0017816874397017513,-0.016064210963260883,-0.012498306708468632,-0.017076724374949337,-0.0311149032961473,-0.052852893201303985,-0.048943113093723734,-0.03399301675091071,0.0825424598651276,-0.03523161165160832,-0.01492780541449057,-0.06494202707633973,-0.021615424090916657,-0.03570347691772707,-6.454434786867802e-05,0.0,0.0,0.013583966679710346,-0.0021207294020219036,0.00039103290905673216,0.0004775135921106788,-0.00970892379117766,0.00029259220115818163,-0.0199539530877772,-0.0085438876333927,0.0,0.0002833175351383832,-0.031124227594504394,-0.012646109459122146,-0.013338621044883814,0.0,0.0004627299884345515,0.05684991803189704,-0.00993537040818987,0.0034691538701349667,-0.0181222914275449,-0.012340308740723782,-0.007188103752932606,-0.014195143110043051,-0.019737142455387935,-0.0016374857225443518,0.0,-0.011140170806523964
-0.006349433407493665,-0.015538705004563946,-0.017107608804652452,0.0,-0.021524869177003858,-0.016931190664438378,-0.014439820959965044,-0.0013154060213789176,-0.03187251839067434,-0.03186965779869122,-0.002012094429499345,-0.019152505013828425,-0.007479961586594419,5.2791030050847176e-05,0.0013841353151426983,-0.009407604344550402,-0.026989446621730917,-0.0238571713520756,0.002147114638893277,-0.006895369652558991,-0.016697364351763888,-0.014367267119426208,0.007274793214701203,-0.015141186640262483,0.0,-0.014615428664631946,-0.007269469493760283,-0.01627010588951966,-0.021373223193224156,0.0001246320941913348,-0.02151754548928614,-0.01329334983148478,0.0006277516268911598,-0.017661362291438276,-0.013448862767898195,-0.058567763674565676,-0.0005697102054744718,-0.02138885239874533,-0.01546822594215791,-0.008862202359324667,-0.007980061611671807,0.003556666668253272,0.0005248068630814839,0.0,-0.029913598656819196,-0.010233047198410838,-0.025451671614662552,0.0,0.0,0.0,-0.008156346368215439,-0.005692854379106438,-0.03292168542214152,6.367493559850113e-05,0.007536449640167808,0.0,0.008751548041429247,-0.00858907685214283,0.0,-0.015393676178298232,-0.030928069822750592,-0.012295042692114122,-0.016393376248107494,0.0,-0.0016493340551387292,-0.01667465096235471,-0.017743176861887033,0.0011470125919168517,-0.00707317444770883,-0.0191568651735064,-0.013456563547362244,0.004506198885052715,0.0023442554507379643,-0.012891624180075667,0.0,-0.006838753825340216
-0.018116535600474493,0.0002547467512006296,-0.0018098196061476224,-0.0007411279842990393,-0.012686674203714554,-0.011565883084891093,-0.011718219049841438,-0.011365767752282374,0.006569174180665105,0.003753951917589815,-0.009276148817329244,0.013826550753371858,-0.01751049668247534,-0.016653357643182543,0.019926561847817603,0.00032825192092794664,-0.0032805516094767118,-0.008329902397494482,-0.0030864568592580133,0.018337268126938144,-0.011813809075940984,-0.0053700922637267,0.015592757476999952,-0.030825861342365257,-0.014615428664631946,0.0,0.0287966583554084,-0.018676644657668107,-0.014560774303630508,-0.0066959378259266455,-0.01662748525565827,-0.015320799687480735,-0.0013105656655793552,-0.006417724889243637,-0.004961377065476835,-0.04236830557886384,-0.03858606647427454,-0.03175201759729751,-0.021712579880251937,-0.013959687825736922,-0.0037666656524341646,0.0014125690206970853,-0.0009546317371578739,0.0,-0.012166253822587292,-0.014200516129977914,-0.029703613474391266,-0.0022607543984478062,0.0,-0.00021371067290337775,-0.033988408528014935,-0.020956761514537292,-0.02069636442872974,-0.01185331057475597,0.005414219200450432,6.539809892053272e-05,0.012846107074559299,-0.032143023322150854,0.0,-0.013398202511852642,-0.026202389872154397,-0.011252183175014974,-0.018463030359554433,-5.551115123125783e-17,-0.013791996564426034,-0.006885716395717889,-0.023758966899781186,-0.02530876755167555,-0.004195847814492504,-0.020501720589966577,-0.01754907744202089,-0.008260254829148272,-0.018537870889044128,-0.028927217700904007,6.996911321477395e-05,-0.007601175287726802
