0.0,-0.08854400353670183,-0.11121742795634887,0.0,-0.00011135225857594744,-0.0690464740232758,-0.07419435600332541,-0.0441186017992124,-0.03243993955714708,-0.036665503714322534,-9.930709818417593e-05,-0.015614951840091429,-0.07327782588483206,-0.026600561916374443,-0.0393956952837361,-0.05261418946501589,-0.0653562847200933,-0.0716341777986258,0.0,-0.06296553194673832,-0.030833383861597896,-0.05178723689631015,-0.06994021213084606,-0.0037924860984156483,-0.05214724572707102,-0.011156434733175513,-0.059872394564624676,-0.07535420873900212,-0.08053656922320379,-0.0989142351092418,-0.057214105082483646,-0.02979908260491476,-0.07759368961309521,-0.041452163062139225,-0.045452870207687734,-0.023399550120629498,0.0,-0.014750697261151191,-0.05926253772469564,-0.11344667457113589,-0.06455009240781545,-0.05672996461114127,0.0,0.0,-0.019221765024679316,-0.062396793279969165,-0.10238554459416105,0.0,0.0,0.0,-0.06471106899557677,0.0,-0.029558118267017652,0.0,-0.029384566321077332,0.0,-0.04563256148530537,-0.043482494462825205,0.0,-0.03412551226437549,-0.09201253023057543,-0.07618114527342473,-0.10951684775520454,0.0,-0.0578396549328265,-0.026844243345531038,-0.06253648785015758,-0.06076957148307366,0.02483599591316621,-0.10876520610526436,-0.08015579063034889,-0.04744179691801187,0.00023543598212066863,-0.04610549640059458,0.0,-0.07424697801093572
-0.08854400353670183,0.0,-0.09331532152224448,0.0,-0.07642691274466484,-0.07403292887921831,-0.09429570380816055,-0.07923539606342078,-0.08529720142084546,-0.008008343428511033,-0.0003369041848449439,-0.03444703904373231,-0.09766480090585561,0.0,-0.05600838246330153,-0.032535942717636324,-0.041600237558831354,-0.03889140725646262,-0.03294227230118585,-0.030324450049110552,-0.07690141604321493,-0.02555789044479123,-0.08442282592954137,-0.04135371242282587,-0.02110802007473761,-0.027005078009559758,-0.0621139376414786,-0.08212193656116645,-0.06504246781018219,-0.07055899831010404,-0.01601030376124224,-0.01361886158472797,-0.08221064867024025,-0.01741498937190561,-0.036928582260825016,0.041124214745018595,-0.036304624984753064,-0.0002946853753163503,-0.06484403048450749,-0.0836381106803617,-0.06582417361616133,-0.057303474200361026,-0.02541419361271463,0.0,-3.34318495783803e-05,-0.11422070391658917,-0.09409108905975871,-0.006090143876666343,0.0,-5.551115123125783e-17,-0.07949236335787058,-0.055522830527574396,-0.06988452899644693,-0.005160233731710373,-0.0712299959070361,0.0,-0.02720497764937535,-0.05797965179253706,0.0,-0.06739616184395092,-0.08264810989680921,-0.04885556834751603,-0.08656471521201081,0.0,-0.05347438131090565,-0.09606287223311172,-0.05599818380732746,-0.08386415856233453,-0.07364317972206103,-0.09782860621637973,-0.088216944813575,-0.07794013239305786,-0.06259347342104027,-0.06104302860706001,-0.0902854872041538,-0.07074099430657044
-0.11121742795634887,-0.09331532152224448,0.0,-0.0953868960056915,-0.06898599202673228,-0.061160121424674474,-0.09545842405393551,-0.07242383232083932,-0.08313984430150878,-0.09791169595149796,-0.0534331321783974,-0.04651921406320647,-0.11172964018581322,-0.0650612594232784,-0.05769674092778937,-0.055846109176136915,-0.039297298251597446,-0.05356871977944977,-0.05657416639703858,-0.09741557320556699,0.021923568169206598,-0.092639076358842,-0.05019910923978199,-0.04127920776635202,-0.05657039077509174,-0.047470474249584005,-0.0547516127784321,-0.11496451491715787,-0.11048009041642254,-0.11801283405587415,-0.11536772780195464,-0.10976846993721862,-0.05699935351567731,-0.11270913155666373,-0.09959005923928782,-0.10416850362197433,-0.09154795160467033,-0.04738852147660749,-0.07957958851587227,-0.016723055922094388,-0.08779503885623047,-0.026924612018987215,-0.11701314527356738,-0.009597196937205232,1.594539752680646e-06,0.0,-0.004139317649052954,-0.0889669432810587,0.00014502050511894238,-0.07731587123795719,-0.09487272982393558,-0.10055449509877828,-0.059046775267857676,-0.06711824570586594,-0.012946515097136957,-0.11666459124015216,-0.0063483092329844615,-0.10058929632200292,-0.0805951844986762,-0.054182567234760226,-0.00025430503140772,0.0,0.0,-0.14653841623255495,-0.04406346725440369,0.0007701372168294474,-0.061234721887654,-0.08813671407797558,0.0,0.0,-0.043095672107913374,-0.06221663048505688,-0.0866504639366808,-0.08810054149499091,-0.0968590077923761,-0.09388783850725818
0.0,0.0,-0.0953868960056915,0.0,0.011656223410598465,-0.07517495316170286,0.010117153710338667,-0.09509120111361075,-0.05912488394499382,-0.028681299026481588,-0.0647033337959888,-0.05312823725678989,-0.008750730711772736,-0.05827757316116605,-0.012453184993376887,0.0,-0.05713442581774936,0.0,-0.07553683971742464,-0.04469179271828233,0.00041697989439326566,-0.06943111609811592,-0.07974321456567202,-0.08363793100502859,0.0,-0.0008824835140678333,-0.09643086006668022,0.03362800286549167,-0.04617736931225336,-0.00010283142372119469,-0.01189035482774331,-0.02196476652220325,-0.10584111584813144,0.00390093423418586,-0.05077457184136708,-0.08240149384209539,-0.009954516403039099,-0.03878757328729579,-0.000492913521855598,0.0,0.0004001513593926975,0.0,0.0003203108986481462,0.0,0.0,0.0,0.0,0.009390285537312637,0.0,0.0,-2.8271422441550342e-05,0.0,0.0,6.711111334922748e-05,0.0,-0.02250593100043602,0.0,-5.052126739701901e-05,0.0,0.0,0.0,0.0,0.0,0.0,0.0,0.0,0.0,-0.1275212672566972,0.0,0.0,0.0,-0.005602134907241874,6.578062740864032e-05,0.0002587235494367901,0.0,0.0
-0.00011135225857594744,-0.07642691274466484,-0.06898599202673228,0.011656223410598465,0.0,-0.03512924075004448,-0.016542067669194582,-0.05415347557852357,-0.015764463019685704,-0.03630589582257637,-0.022471673193892927,-0.052710010017864406,-0.032736544242379206,-0.04033314102751406,-0.045483698949800144,-0.0897715110099993,-0.050039467192631915,-0.10410833757795568,-0.061098748309669826,-0.07733661463424607,-0.08059345634733073,-0.08831805905388734,-0.06452657571554171,-0.03815132720863945,-0.06814205228773718,-0.055588547693105006,-0.053656147499700324,-0.023486713604220055,-0.10426203123091538,-0.09150929930022772,-0.0619447258306588,-0.03482206022827666,-0.008074724336601224,-0.05908112474652194,-0.05454550313485346,-0.05483598607423615,-0.003969993620834389,-0.05654701434252707,-0.04797619384170293,-0.003963594986508445,-0.07945744395417459,-0.0005661936899995501,-0.06250602387655829,7.056183315812259e-05,-0.013178676735737138,0.0,-0.010534741769075207,-0.0845671194012883,0.0,-0.059807466541500154,-0.0926914363018651,-0.09408502937047913,-0.06600445080898598,-0.08818502884674739,0.000850586299719458,-0.07918185974421865,-0.0403731507642443,-0.09436960718315057,-0.0759775378599708,-0.03082761729979555,-0.0002659510966139256,0.0,0.0,-0.08463360503190465,-0.05561474713292991,0.0,-0.04945691182566375,-0.08158429450158533,0.0,0.00012964646325008822,-0.03210475346538566,-0.07398161450819213,-0.08992830553680381,-0.09166628108478658,-0.11562390470307166,-0.09562692090592712
-0.0690464740232758,-0.07403292887921831,-0.061160121424674474,-0.07517495316170286,-0.03512924075004448,0.0,-0.07639703811202697,-0.06931091453749377,-0.05272867652676266,-0.0792875618361511,-0.041449805915206195,-0.0768074936580192,-0.08244818804107179,-0.05060252459318837,-0.06332400152504192,-0.08203492084044395,-0.04170530035073944,-0.08124072495710094,-0.06928299315244724,-0.07556346517708673,-0.07814874957618512,-0.07548155865157391,-0.05702734737319809,-0.07493940304260555,-0.06978183084105893,-0.04797285298091519,-0.05320759506748235,-0.08478330947179769,-0.054870374829262936,-0.09091376938594453,-0.0845005158672183,-0.06708196111449505,-0.08860531976248487,-0.08227730199961053,-0.06164079726375199,-0.09417107352079135,-0.0737032813790442,-0.048181340696755726,-0.07559611142828293,-0.05334250897105264,-0.08242331512732604,-0.1073432473668619,-0.07779513103238223,-0.07046093411881443,-0.005953901486211832,-0.04420623434799276,-0.07250664349745045,-0.08405572984679704,0.0,-0.09561893727161364,-0.09851154037535931,-0.1095589415526006,-0.0580826378922672,-0.10074926009520502,-0.052637223820211965,-0.10668993234647223,-0.03558952665626197,-0.10400038242166798,-0.026904999928833717,-0.07796222543789677,-0.04116070571565433,5.551115123125783e-17,-0.03422165922355974,-0.0895156398629921,-0.08857038391880712,-0.10632851393574538,-0.05552813017098235,-0.1005214251427482,0.0,-0.06103455337455099,-0.06269261048277741,-0.0831106333063279,-0.09800570431830385,-0.1056119458282031,-0.09013607108703331,-0.08073837833065145
-0.07419435600332541,-0.09429570380816055,-0.09545842405393551,0.010117153710338667,-0.016542067669194582,-0.07639703811202697,0.0,-0.10022966853989529,-0.04768852303211851,-0.01968698378362066,-0.060778661105298615,-0.027316306419589875,-0.026184713748072352,-0.03925985733560139,-0.08088939851194638,-0.09416124348744509,-0.010804979801700254,-0.06150375060587965,-0.08970221394210726,-0.10249852171459095,-0.09841123136271207,-0.10665289181250043,-0.09534219094341678,-0.028776206861060694,-0.07533361943685452,-0.08108466346972604,-0.08993331118604908,-0.016824878186385617,-0.11828093144582891,-0.0714742335720206,-0.035108029460793555,-0.05257579505135812,-0.07361587300257971,-0.03588383782841814,-0.03656748499252244,-0.05962768182679584,-0.03693669962240709,-0.009878315928793513,-0.05659088197755757,-0.03197654546040929,-0.06751165320397001,-0.031833594312843216,-0.06745885437939103,-0.0003077513577643409,-0.0033512456667507684,-0.0002949511857052167,-0.05455581997939385,-0.09661025844436483,0.0,-0.10648462798184827,-0.11472163101163657,-0.11698197892022233,-0.10280542977089452,-0.11197070824696975,-0.01676611995947913,-0.08404626001520676,-0.014736872782818045,-0.11207372051468001,-0.05059219358195183,-0.0733516867749564,-0.03699629907448648,1.1102230246251565e-16,-0.00025060686422406775,-0.12613404539360396,-0.07438455715903058,-0.06274585294591933,-0.06258055315486422,-0.11342037221869067,-0.020851344089256763,-0.04401764985208578,-0.07933958140502823,-0.10289932429725551,-0.09949153445358733,-0.10709413994905809,-0.09647974299714818,-0.08904484100824483
-0.0441186017992124,-0.07923539606342078,-0.07242383232083932,-0.09509120111361075,-0.05415347557852357,-0.06931091453749377,-0.10022966853989529,0.0,-0.07777603638418834,-0.05886638972351643,-0.05082310312489707,-0.044422184443515866,-0.10469140671388827,-0.06361433032046282,-0.02671885270769625,-0.04787593578984678,-0.06558946219451522,-0.0669385538895661,-0.09028348551320287,-0.07655050101322847,-0.04481746136687026,-0.069938075719301,-0.05357945192631841,-0.0439081890078481,-0.06148384590609329,-0.05102000412501251,-0.0660275693080678,-0.08614841949102009,-0.1084522927555055,-0.07062419628057287,-0.0783394532904032,-0.05181172541525636,-0.05209785097540315,-0.07704278213419802,-0.061892497655077205,-0.1180275407151967,-0.012883832935193906,-0.07519922124809031,-0.03576201355643116,-0.09063628164693377,-0.05927541144743753,-0.10270427622710149,-0.05747352162034408,-6.554566476968393e-06,-9.77897784155135e-05,-0.009198690423837641,-0.05023010086275603,-0.043777657306806717,0.0,-0.04871266964793369,-0.08453128434259283,-0.08349907553845248,0.00448386398961087,-0.05979342117171599,-0.00955439802820962,-0.05175308981295551,-1.1102230246251565e-16,-0.09104663120966305,-0.05372100934174695,-0.06829768952812582,-0.06725517120477459,0.0,-8.65142893757831e-06,-0.027465436960338263,-0.062088158140114036,-0.02577787834348777,-0.04738626646556782,-0.06831844319366803,0.0008878595556525148,-0.03723640149048052,-0.041620883927783736,-0.0546822780201775,-0.09233417949202166,-0.11687706207397414,-0.08125107771018408,-0.07822173583711706
-0.03243993955714708,-0.08529720142084546,-0.08313984430150878,-0.05912488394499382,-0.015764463019685704,-0.05272867652676266,-0.04768852303211851,-0.07777603638418834,0.0,-0.09156309545232966,-0.017197630026942357,-0.08519070941009205,-0.060990056120507674,-0.05344125762994789,-0.09410651739879772,-0.09392223373638242,-0.06684733592291559,-0.07807986507033099,-0.07095278981105835,-0.0971143896892317,-0.033128015313820536,-0.0947947988315378,-0.07336651053730553,-0.08506620306926033,-0.0847347284077753,-0.07760673956307623,-0.045379653433445244,-0.09915678166732711,-0.11566661470019746,-0.12044170906782836,-0.1045485126267085,-0.10368351216699362,-0.0982323961151555,-0.10684880731120805,-0.10091864297877617,-0.0968675702771638,-0.0846137804942309,-0.0917445149371931,-0.0790296470874069,-0.024674617265126486,-0.08655170781630228,-0.11098395628247937,-0.10116340627180914,-0.02249461540094927,-0.025943537359742086,0.0,-0.04340206587874651,-0.11814126159316529,-0.007146645464715107,-0.09686469651825147,-0.10093915025990946,-0.10491479010138466,-0.0669268274157026,-0.10073535961777769,-0.043971929094826334,-0.07774744022424712,-0.01698632485547502,-0.11175475281202013,-0.08485400364993029,-0.06762045870355615,-0.029001192045280788,5.551115123125783e-17,0.0,-0.09811119024542792,-0.06590720837444775,-0.06953833602827897,-0.03966007129499921,-0.09095419894653817,0.00041333530716519684,-0.003549067789916982,-0.08629549264859177,-0.08263301552968871,-0.10370320131405941,-0.09182239770784412,-0.10008910691088813,-0.0989004868846255
-0.036665503714322534,-0.008008343428511033,-0.09791169595149796,-0.028681299026481588,-0.03630589582257637,-0.0792875618361511,-0.01968698378362066,-0.05886638972351643,-0.09156309545232966,0.0,-0.07551479672213718,-0.03430086739436533,-0.030561479906400513,-0.1972901956764027,0.013412603706565274,-0.03058822220305546,-0.01499746251731382,-0.029385161597270393,-0.08632365615008253,0.0027455462140784093,-0.04660817635355241,0.00019007907250190303,-0.06842984097080257,-0.04770092746424476,0.0014775636754420507,-0.011021896037768542,-0.05929519166645214,-0.016956019427115776,-0.032314674909630914,-0.062380537384563894,-0.023270733864188597,-0.018920050117825882,-0.0787171287489053,-0.029602805127437293,-0.032017544630938755,-0.05994191745906813,-0.038592212776163703,-0.037970776590247,0.02864083607888046,-0.1255410638902562,-0.031900661963743304,-0.013813847740140495,0.0036210215488927666,0.017308182087547197,-0.06995494502221478,-0.038611239073078396,-0.054655269322584465,-0.03590576164557269,-1.1102230246251565e-16,1.6653345369377348e-16,-0.07692163875462221,-0.0206058600029021,0.00046011959802183533,-0.045542882347965885,-0.09545218694105789,-0.023864665222536163,-0.10076638053963133,-0.028114357654560274,0.0,0.0006859062678781225,-0.08423052543736875,-0.08189474541035013,-0.08179140843366722,-1.0367821539181143e-05,-0.0342347943779967,0.00013100646083924472,-0.05679437243806312,-0.09171822622825326,-0.05204176732661503,-0.08001595434012543,-0.06751568234508404,-0.08842665455549098,-0.04128779103717434,-0.0394627164701315,-1.1102230246251565e-16,-0.08273695989086932
-9.930709818417593e-05,-0.0003369041848449439,-0.0534331321783974,-0.0647033337959888,-0.022471673193892927,-0.041449805915206195,-0.060778661105298615,-0.05082310312489707,-0.017197630026942357,-0.07551479672213718,0.0,-0.07400243169587994,-0.07820982285134259,-0.05255340750561949,0.0,-7.787359579125575e-06,-0.04637283796391489,-0.051082284956431356,-0.052900453611236686,3.578968273493244e-05,-0.05070999714233959,-0.028558157005783846,-0.04931349181358902,-0.07724844333618375,-0.10564189205178903,-0.08778968935218406,-0.0713623551657887,-0.08135014372653898,-0.06181331943082652,-0.11646488670995808,-0.09194355876366639,-0.06296596772620777,-0.045713626798086215,-0.08765986417537347,-0.0760786974721675,-0.13449355912021263,-0.12861624757762763,-0.08861653691809462,-0.10983064026374223,-0.0030980334603139537,-0.09227314898331251,-0.01423212616310876,-0.09890466341334331,0.0006135479361944474,-0.007918771404392566,0.0,5.551115123125783e-17,-0.1000359640084501,-6.281139892044818e-05,-0.07216269332572678,-0.09453932621333133,-0.10196134515193073,-0.059133546453323915,-0.09247160490347234,-0.015311124549306998,-0.05814349862678597,-0.043773173145099986,-0.09566248290498597,-0.0699612540383504,-0.0003551557530966365,0.0,0.0,0.0,-0.1328323589699837,-0.019365175573785143,0.0,-0.019224303412049226,-0.07106126022599668,0.0,0.0,-0.0044220696737216625,-0.06302462241559992,-0.09027544336372506,-0.0412456384166045,-0.0008691261835774289,-0.13028635526730387
-0.015614951840091429,-0.03444703904373231,-0.04651921406320647,-0.05312823725678989,-0.052710010017864406,-0.0768074936580192,-0.027316306419589875,-0.044422184443515866,-0.08519070941009205,-0.03430086739436533,-0.07400243169587994,0.0,-0.051090495799682334,-0.04583977542695877,-0.0033556575203637085,-0.05415108713432343,-0.05401373656834835,-0.05334362598569997,-0.06462532206474786,0.005988487665903763,-0.03463167943154721,0.05254840058077931,-0.06858113542421745,-0.028569405500059097,-0.03263046004492265,-0.02034091825211759,-0.05960349861284764,-0.037622188156244685,-0.031633616110985696,-0.040668598338047646,-0.06300719640240149,-0.0071250473411721416,-0.0891061725721295,-0.04171032658888585,-0.04737899337948498,-0.034323456777526906,-0.005748039807209504,-0.04380942814384067,-0.02176431428752612,-0.1175407733972747,-0.016543969292031502,0.014099728788632582,-0.02497923584171835,-0.013029010014495856,-0.08161210904196103,-0.03990879072142983,-0.04991564997168896,-0.005021465231669187,0.0,-0.00020551284945380388,0.00022234667372539318,-0.0026215112910691896,0.0,-0.006172186398980761,-0.07797212874602133,-0.014201415919369853,-0.08392840747696706,-0.019099103448720067,0.0,-0.011957215638286445,-0.04820591242123423,-0.07470856939350679,-0.08219308825205363,0.0,0.003922437778506871,7.920370630237761e-05,-0.03476029761457777,-0.10212925043635601,-0.03719444938387889,-0.07870214397027486,-0.05709008137145355,-0.04064387203679154,-0.011206661901056347,0.012401208346905335,0.0,-0.09585260324708628
-0.07327782588483206,-0.09766480090585561,-0.11172964018581322,-0.008750730711772736,-0.032736544242379206,-0.08244818804107179,-0.026184713748072352,-0.10469140671388827,-0.060990056120507674,-0.030561479906400513,-0.07820982285134259,-0.051090495799682334,0.0,-0.04321979029885231,-0.09571823597916929,-0.09427825148862118,-0.02644267211034862,-0.06977657471604976,-0.10717026436225507,-0.0987594476088603,-0.08977706725657364,-0.10687766500594864,-0.10208037299409611,-0.0381039324087471,-0.08783223069184959,-0.0775743592197935,-0.10081838702846957,-0.035389828465533124,-0.11080625533452049,-0.0522093248084845,-0.040346125629756924,-0.058515667908461244,-0.09738083403689385,-0.049688090802174456,-0.05420073940306175,-0.04332837534592365,-0.027047214306683554,-0.043229884008586184,-0.06219234348330921,-0.026024862556364714,-0.0677658197664966,-0.05216922617134434,-0.08466229683648652,-0.0161067231455288,-0.011185278575960245,-0.018347741072901824,-0.0808160008900009,-0.1201492267674546,0.0,-0.11364625804810496,-0.121147004772577,-0.1187961172362832,-0.11260620105919733,-0.11657631405298247,-0.035545253816062716,-0.09473470066628226,-0.029822914190951955,-0.11411630080915042,-0.08690064966184158,-0.07072742373341828,-0.0645327794055292,-0.03092672558131665,-0.04307760193865262,-0.11685851759600818,-0.09122242596862751,-0.0948134512898885,-0.06675690257902117,-0.11421417028509812,-0.0019407670178440695,-0.0423896135372146,-0.090116932777494,-0.1087317634950471,-0.09895528371019607,-0.10532454515499873,-0.09254604518548476,-0.09075031537460548
-0.026600561916374443,0.0,-0.0650612594232784,-0.05827757316116605,-0.04033314102751406,-0.05060252459318837,-0.03925985733560139,-0.06361433032046282,-0.05344125762994789,-0.1972901956764027,-0.05255340750561949,-0.04583977542695877,-0.04321979029885231,0.0,-0.0026744250086614407,0.0,0.0,0.0,-0.07127218352140957,0.005569858439883446,-0.03968719970412321,-0.005716403727573094,-0.05535755846718299,-0.011583704268215422,6.131646819351744e-05,-0.02648454000676259,-0.049604163922275624,-0.05234795110859197,-0.13610979498422765,-0.000209489873120694,-0.10665845215581254,-0.10119038689989196,-0.0017152467960018791,-0.07668484402085879,-0.1643994198829453,-0.07099465194128274,-0.015587819559777588,-0.0479243800494244,-0.02322699344861484,0.0,-0.0007468989671238213,0.0,-0.05447257123026411,0.0,0.0,0.0,0.0,-0.08099324558007909,0.0,-0.07764728098168411,-0.10482874657877261,-0.055376674659451675,-0.04490454736151073,-0.1622452139808097,0.0,-0.08654481783887957,-0.00045682477976199953,-0.059466400398943464,-0.09370212276754003,-5.551115123125783e-17,0.0,0.0,0.0,-0.11421368026437606,0.0009689706491720074,0.0,0.0,-0.07675863783609604,-0.00022852911894422068,0.0,0.0,-0.08959065389771925,-0.06747939453517188,-0.021328180485318815,0.0,-5.551115123125783e-17
-0.0393956952837361,-0.05600838246330153,-0.05769674092778937,-0.012453184993376887,-0.045483698949800144,-0.06332400152504192,-0.08088939851194638,-0.02671885270769625,-0.09410651739879772,0.013412603706565274,0.0,-0.0033556575203637085,-0.09571823597916929,-0.0026744250086614407,0.0,-0.0507553298834601,-0.12476685106921848,-0.08894235896144548,0.0,-0.012187663798154003,-0.03868456395864589,-0.038059158568075846,-0.04371062804659143,-0.12303222562847338,-0.07230104954025063,5.083619069473633e-05,-0.021353950212285755,-0.04253906751383996,-0.06880366784693781,-0.02924440201451417,-0.023960021399746068,-0.012027718004624655,-0.07109764057838786,-0.020905739298800186,-0.025838510001956194,-0.020790830647166525,-0.03769313970493393,0.010956373689570031,-0.02492597882519354,-0.0514918884868773,-0.030879273741104163,-0.026378113670426473,-0.0238110004168523,-0.00045919208582567705,0.011134299411517168,-0.07535057799969502,-0.06650437686962019,-0.025622204668620085,0.0,0.0,-0.07937648446124512,-0.03962865416620104,-0.06590916425822069,-0.05137387896079931,-4.781290810468297e-05,0.0,-0.005497253091575671,-0.07747173402837787,0.0,-0.05733760403037097,-0.0508507300137655,-0.0004469050256818985,-0.055040327766014974,0.0,-0.0500655549493938,-0.06064857052816691,-0.04238072651218211,-0.07998971584309772,-0.016146924248033656,-0.07329257200900863,-0.053918788357151914,-0.07384633779802341,-0.0677287979912603,-0.060129123515110516,-0.06000788685756603,-0.03181913876461534
-0.05261418946501589,-0.032535942717636324,-0.055846109176136915,0.0,-0.0897715110099993,-0.08203492084044395,-0.09416124348744509,-0.04787593578984678,-0.09392223373638242,-0.03058822220305546,-7.787359579125575e-06,-0.05415108713432343,-0.09427825148862118,0.0,-0.0507553298834601,0.0,-0.021381472148646108,-0.01311897361209119,-0.0009893757322120278,-0.019966125990192762,-0.057211657383542336,-0.01245363330703353,-0.06834179841569132,-0.056873370842823345,-0.01631384184425283,-0.03726444012154584,-0.057626480589425544,-0.062345749267903094,-0.04522885003737348,-0.03699854006635073,-0.0035957260286265114,-0.02552481488750552,-0.05877138722745329,-0.004071801070345327,-0.03495749848395607,0.08609869783364721,-0.010244388217083067,0.03063296285615541,-0.057693044234281954,-0.07490805748809537,-0.0588836667960278,-0.05670065909287536,-0.01702961680036874,0.0,0.0,-0.09167116980621942,-0.0697706012723957,0.0,0.0,0.0,-0.05294454871001375,-0.03243127033369897,-0.06532535811922419,0.0,-0.0777023386814732,0.0,-0.03676719233514236,-0.05532168520536579,0.0,-0.050526603153943916,-0.06612970181229788,-0.08682108295699437,-0.09390666670194497,0.0,-0.04609385082949624,-0.061451556200629864,-0.03491831448185012,-0.06769898516237827,-0.09003511574004752,-0.09219054317941205,-0.0788400944129729,-0.059605501867229016,-0.05495866816757744,-0.05798292936975519,-0.00014255500185078596,-0.06631198768113516
-0.0653562847200933,-0.041600237558831354,-0.039297298251597446,-0.05713442581774936,-0.050039467192631915,-0.04170530035073944,-0.010804979801700254,-0.06558946219451522,-0.06684733592291559,-0.01499746251731382,-0.04637283796391489,-0.05401373656834835,-0.02644267211034862,0.0,-0.12476685106921848,-0.021381472148646108,0.0,-0.0067752520221077694,-0.04427916520101316,-0.02510275491263403,-0.08567256958167041,-0.04421247003514844,-0.10388028982601866,-0.06417505480863211,-0.007345151917602155,-0.04887065653596284,-0.04259511677547595,-0.03963163983998569,-0.029560177839421276,-0.02081657756233346,-0.029851109647169027,-0.039987000978885356,-0.06904526194776955,-0.03914399965741078,-0.04179763214675419,-0.07026507492848538,-0.020104457705463985,-0.06932791109595293,-0.08747673861861999,-0.11614517084934106,-0.08690340890595066,-0.07881512921549055,0.0,0.0,-0.07936417820147462,-0.05901135447643202,-0.08651125609177757,0.0,0.0,1.6653345369377348e-16,-0.0003994842979180291,9.281915750203318e-05,0.0,0.0,-0.08414154498365645,-0.00016472908845521772,-0.0883859540662773,-0.019436662788395676,0.0,0.0,-0.09494990055536834,-0.08390540883384529,-0.09841075135002053,0.0,-4.7149750838693105e-05,-5.551115123125783e-17,-0.07247945660824523,-0.00013451210160397853,-0.05841847392379751,-0.092119206042303,-0.07396601274011577,0.0,-0.03817670733149792,-0.025714989421714518,0.0,-0.08529270007367856
-0.0716341777986258,-0.03889140725646262,-0.05356871977944977,0.0,-0.10410833757795568,-0.08124072495710094,-0.06150375060587965,-0.0669385538895661,-0.07807986507033099,-0.029385161597270393,-0.051082284956431356,-0.05334362598569997,-0.06977657471604976,0.0,-0.08894235896144548,-0.01311897361209119,-0.0067752520221077694,0.0,-0.05056640653585365,-0.042449056789670425,-0.07323673045528212,-0.03911184221180353,-0.0839699556812708,-0.0605887754142127,-0.02455515525530011,-0.04082517744000508,-0.07066211887570512,-0.06067448548353066,-0.055078216716543726,-0.048670453352542276,-0.04435354460029889,-0.04539609745878753,-0.07642876975710383,-0.04461509572053196,-0.04993445367593513,-0.01440578035182083,0.0,-0.07271212704500407,-0.08613412741843263,-0.10832859386218346,-0.08654656569975505,-0.08540003400672219,5.551115123125783e-17,0.0,-0.033728219212889154,-0.0894711416680325,-0.09698635095233127,0.0,0.0,0.0,-0.08531545039618454,8.716676593317763e-05,-0.03252720953376148,0.0,-0.07855172190426568,0.0,-0.08776493667084517,-0.029115540420257158,0.0,-0.09208913899517851,-0.0975526450459559,-0.08335456157256643,-0.10055485125449903,0.0,-0.09778022561080496,-0.08308117447642305,-0.06262854791625955,-0.08643952935156668,-0.07585217073169243,-0.10368299533521258,-0.09204453522314959,-0.042468156832614457,-0.06364423516711137,-0.09263444470619892,0.0,-0.09040137303792484
0.0,-0.03294227230118585,-0.05657416639703858,-0.07553683971742464,-0.061098748309669826,-0.06928299315244724,-0.08970221394210726,-0.09028348551320287,-0.07095278981105835,-0.08632365615008253,-0.052900453611236686,-0.06462532206474786,-0.10717026436225507,-0.07127218352140957,0.0,-0.0009893757322120278,-0.04427916520101316,-0.05056640653585365,0.0,-0.07186958474139543,-0.03719912729017166,-0.06439745074291081,-0.08209987627818174,-0.04075351365515145,-0.05981713263717886,-0.11113851802991426,-0.06280410432130379,-0.11072651988536847,-0.11961657618486898,-0.13380747427024015,-0.10739238667159867,-0.09924014126873659,-0.04377616976013482,-0.11242092010953164,-0.10451296219969541,-0.1140573519678012,-0.10209002106314319,-0.058300840587323044,-0.1489351337367204,-0.01554132873255859,-0.10148106971229687,-0.0032765008255515315,-0.1025974772622621,5.551115123125783e-17,-1.6653345369377348e-16,0.0,5.551115123125783e-17,-0.1719492910708874,0.0,-0.08611954916504161,-0.10123850671090673,-0.10594756152953327,-0.05032311080199431,-0.10523036113709194,0.0010630637898244588,-0.11253803955054004,-0.0005973064674619222,-0.10580730267573929,-0.09264116414492951,-0.0008971682544363091,0.0,0.0,0.0,-0.09415422134400231,-0.03784051959902762,0.0,-0.008191694857118903,-0.08560597763222139,0.0,0.0,-0.006004006197896372,-0.0806515028369359,-0.10162795952933107,-0.09055528491859821,0.0004845303969059911,-0.06933750173378328
-0.06296553194673832,-0.030324450049110552,-0.09741557320556699,-0.04469179271828233,-0.07733661463424607,-0.07556346517708673,-0.10249852171459095,-0.07655050101322847,-0.0971143896892317,0.0027455462140784093,3.578968273493244e-05,0.005988487665903763,-0.0987594476088603,0.005569858439883446,-0.012187663798154003,-0.019966125990192762,-0.02510275491263403,-0.042449056789670425,-0.07186958474139543,0.0,-0.05847131387739074,-0.0003409258189144282,-0.03995235965923749,-0.06909770849584801,-0.03887306320074846,-0.0244696111721453,-0.0354707912172087,-0.04162607206692076,-0.01917189003592945,0.008164430939829659,-0.004115704385428909,-0.0024156340274495425,-0.049858367205966536,-0.0028725540865003896,-0.013543242193836513,-0.005041163584914687,-0.003586939233484354,0.021904202054713662,-0.0356844378713404,-0.033114405866925656,-0.032200147573215876,-0.0297279720262707,0.016209264193771555,-2.5959849047130223e-05,-0.006562560238743964,-0.0037258520019868846,-0.05112640813325314,-0.04491429527013957,0.0,-0.008662957562666829,-0.08884389104428031,-0.07643897168577035,-0.07298155919696137,-0.08050496486466935,0.0006324275421777381,-0.030615143393351862,-0.003468495981921227,-0.07322834425651326,0.0,-0.05423790186365879,-0.042575875792240925,-0.005342615300217346,-0.04121355055659742,-0.013522703062934793,-0.05836087219229935,-0.06757511215162004,-0.04006691479701213,-0.0851922215551148,-0.0013219361060490264,-0.057907221734674996,-0.04741017860036256,-0.08013165987690818,-0.06470708859516766,-0.06610185231352894,-0.0627589617581803,-0.03698666982769078
-0.030833383861597896,-0.07690141604321493,0.021923568169206598,0.00041697989439326566,-0.08059345634733073,-0.07814874957618512,-0.09841123136271207,-0.04481746136687026,-0.033128015313820536,-0.04660817635355241,-0.05070999714233959,-0.03463167943154721,-0.08977706725657364,-0.03968719970412321,-0.03868456395864589,-0.057211657383542336,-0.08567256958167041,-0.07323673045528212,-0.03719912729017166,-0.05847131387739074,0.0,-0.056017340230207935,-0.0706512754572644,-0.03730402420539958,-0.07093295739611621,-0.022382686541290442,-0.0642028837546702,-0.07204632943940698,-0.09519845066970994,-0.054570166438097034,-0.04043331606836914,-0.024020113562177925,-0.08464525376181509,-0.029192068318779296,-0.04182509263890505,0.0038536775203475426,-0.08668597029880598,-0.034551533928798284,-0.03644903713842573,-0.09473540271478187,-0.04186375858604097,-0.03610799633183526,-0.013392744757161013,0.0,-0.0006715468086210818,-0.06439045090139578,-0.10139787805796474,-0.000585892705390223,0.0,0.00011225143465748433,-0.10210555095777873,-0.11262706725145005,-0.055689047213556664,-0.04715216516022824,4.1450128056619295e-05,0.0,0.0066530900398315,-0.10396762568605955,0.0,-0.06364114102611945,-0.07742382866156589,0.0,-0.06168242730032719,0.0,-0.06554169357872808,-0.09208606017157539,-0.059595382387958806,-0.10438266493559173,0.0007182441128337769,-0.06968926283321825,-0.08796566861653637,-0.09396865838947105,-0.0730219174632461,-0.078417342002086,-0.047042526044761335,-0.036621155402600136
-0.05178723689631015,-0.02555789044479123,-0.092639076358842,-0.06943111609811592,-0.08831805905388734,-0.07548155865157391,-0.10665289181250043,-0.069938075719301,-0.0947947988315378,0.00019007907250190303,-0.028558157005783846,0.05254840058077931,-0.10687766500594864,-0.005716403727573094,-0.038059158568075846,-0.01245363330703353,-0.04421247003514844,-0.03911184221180353,-0.06439745074291081,-0.0003409258189144282,-0.056017340230207935,0.0,-0.060010742369245695,-0.08426337726860422,-0.02961583512417526,-0.020331497115817165,-0.041919619078996384,-0.067028420613507,-0.038379086694258935,-0.027977615895255936,-0.010045682665534184,-0.0015770549298319558,-0.03902106576925052,-0.00905021518882293,-0.017012541786256163,0.004362512738006585,0.012187128489792476,0.04838058042517146,-0.018892883122013815,-0.033743536260888884,-0.022010606468308158,-0.017634268359787986,0.04013565690342713,0.0,-0.013663219943677307,-0.08491037167007592,-0.050768055337200024,-0.043225491662172544,0.0,-0.00031856407242142337,-0.06173603271965805,-0.057985633192263575,-0.0739987502321473,-0.043779672631797995,-0.05218803091571372,0.0,-0.026577191128193456,-0.05734418694693155,0.0,-0.053069410093114,-0.04696983665819637,-0.012726910409396386,-0.05514222155843712,-1.1102230246251565e-16,-0.043748107041120476,-0.07439302203677278,-0.031259587336008254,-0.07694263091926845,-0.05049879511369032,-0.06652191034293276,-0.05356587455729167,-0.07121471461040796,-0.05282461599292765,-0.05846067770761837,-0.056915714043480004,-0.033384382401974166
-0.06994021213084606,-0.08442282592954137,-0.05019910923978199,-0.07974321456567202,-0.06452657571554171,-0.05702734737319809,-0.09534219094341678,-0.05357945192631841,-0.07336651053730553,-0.06842984097080257,-0.04931349181358902,-0.06858113542421745,-0.10208037299409611,-0.05535755846718299,-0.04371062804659143,-0.06834179841569132,-0.10388028982601866,-0.0839699556812708,-0.08209987627818174,-0.03995235965923749,-0.0706512754572644,-0.060010742369245695,0.0,-0.0664805561053971,-0.07856870698264629,-0.049133619135111384,-0.03210416749873496,-0.08332479190440956,-0.08923669843376353,-0.07046485659899104,-0.06884296825972053,-0.05427705069360045,-0.0894856474289285,-0.0594001667788131,-0.0532042580737524,-0.07465665163909962,-0.053525699056140796,-0.04777851124573901,-0.0681242899178705,-0.05514607431015217,-0.07366452189561368,-0.06967698599747935,-0.07147125290563233,-0.03494265834192378,-0.024034613839464314,-0.0674949875097921,-0.07115202672385296,-0.19001323679137622,3.4949537778550255e-05,-0.09571948230912414,-0.0998853521970618,-0.10672961416197907,-0.05805015831284521,-0.096153026615996,-0.07492267386344664,-0.19908178489326417,-0.03559015141845273,-0.1033880681284941,-0.07936105411062117,-0.07524713125737392,-0.06939429028061406,-0.017659431665216607,-0.06843685929984922,-0.22339610149865857,-0.08341409899074931,-0.08725520421769717,-0.0605396489667821,-0.08913362315068207,-0.014585873285595907,-0.06672778797321438,-0.06155082330118644,-0.08140223550822012,-0.09059521272144583,-0.10054080292530665,-0.08325200068098326,-0.07310113988829126
-0.0037924860984156483,-0.04135371242282587,-0.04127920776635202,-0.08363793100502859,-0.03815132720863945,-0.07493940304260555,-0.028776206861060694,-0.0439081890078481,-0.08506620306926033,-0.04770092746424476,-0.07724844333618375,-0.028569405500059097,-0.0381039324087471,-0.011583704268215422,-0.12303222562847338,-0.056873370842823345,-0.06417505480863211,-0.0605887754142127,-0.04075351365515145,-0.06909770849584801,-0.03730402420539958,-0.08426337726860422,-0.0664805561053971,0.0,-0.03262044111994744,0.003063123877016183,-0.07130520520015449,-0.040611325015987576,-0.05869960845455707,-0.038695924493368616,-0.06035716278275571,-0.03647834399962763,-0.0630375913180635,-0.022767400840539576,-0.052824086724113095,-0.050797876485267957,-0.01940392055251841,-0.04655402488831689,0.018885773813682283,-0.06652177369171669,-0.00885994639115023,0.015778456031601162,-0.016416398347355365,0.004741959234521198,0.00750380464179512,-0.0032009501635889004,-0.06389762091001283,-7.496787710620234e-05,0.0,0.0,-0.022057858790781093,0.018199932674317854,0.0004088720201447793,0.00040246609486288554,-0.04529655246715564,0.000339844105688325,-0.032086119191312656,0.026322041181031652,0.0,-0.025542116250359792,-0.07863232793343033,-0.05607305190921713,-0.08590282943845079,0.0,-0.026591591253656344,-0.060094516456004055,-0.04924530785774267,-0.03658431922488048,0.04316064743344633,-0.07490096220506026,-0.03977164428202917,-0.011582395682566693,-0.029314427269915788,-0.017207926935744577,0.0,-0.06994790971274895
-0.05214724572707102,-0.02110802007473761,-0.05657039077509174,0.0,-0.06814205228773718,-0.06978183084105893,-0.07533361943685452,-0.06148384590609329,-0.0847347284077753,0.0014775636754420507,-0.10564189205178903,-0.03263046004492265,-0.08783223069184959,6.131646819351744e-05,-0.07230104954025063,-0.01631384184425283,-0.007345151917602155,-0.02455515525530011,-0.05981713263717886,-0.03887306320074846,-0.07093295739611621,-0.02961583512417526,-0.07856870698264629,-0.03262044111994744,0.0,-0.014361330402205497,-0.057333566192096674,-0.06494197265917279,-0.06244155103398441,-0.05294819942345613,-0.03301637916939215,-0.02081295908718217,-0.05218749417231128,-0.023133407395497407,-0.029213419707325716,-0.03660221284625942,-0.000584237339591398,-0.07070252067043314,-0.07824468288576414,-0.09908718413012096,-0.07763995711223676,-0.0729333821735027,0.0002005048706669732,0.0,-0.04666519603507635,-0.07919405812475683,-0.09231167917503325,0.0,0.0,0.0,-0.054545768452850196,-0.03252043721050779,-0.058676750442409054,7.39580599126155e-05,-0.07538213586414894,0.0,-0.07155725017816422,-0.052964278440352786,0.0,-0.04059583936533734,-0.08566637685870193,-0.0791392333112097,-0.0920643828254098,0.0,-0.06196201547805846,-0.08065210840455789,-0.05475973312090615,-0.06714374347969942,-0.05333893423135344,-0.09246727255991033,-0.08319475868557302,-0.07920860020719639,-0.08540871052599636,-0.07209561168697548,0.0,-0.07873241073273063
-0.011156434733175513,-0.027005078009559758,-0.047470474249584005,-0.0008824835140678333,-0.055588547693105006,-0.04797285298091519,-0.08108466346972604,-0.05102000412501251,-0.07760673956307623,-0.011021896037768542,-0.08778968935218406,-0.02034091825211759,-0.0775743592197935,-0.02648454000676259,5.083619069473633e-05,-0.03726444012154584,-0.04887065653596284,-0.04082517744000508,-0.11113851802991426,-0.0244696111721453,-0.022382686541290442,-0.020331497115817165,-0.049133619135111384,0.003063123877016183,-0.014361330402205497,0.0,-0.023531946175050278,-0.05567324477229102,-0.05139948445339704,-0.05134282886615771,-0.03578032264468173,-0.018160066245327233,-0.05410611297981077,-0.023402743693143047,-0.03936914046623613,0.032551995394074607,-0.02161401448558814,-0.05210444534061537,-0.04445462917621068,-0.0648266399257148,-0.04879883105302746,-0.031416604821907,-0.00502902235781616,0.0,-0.0868228267034099,-0.07172710928351766,-0.07612569773899164,-0.03462089311286953,0.0,-0.0002482236786263692,-0.06005572747017718,-0.0369102791041917,-0.052613517392901765,-0.03480358054004512,-0.07455894539888619,7.595950388755712e-05,-0.0729788196512382,-0.03293383385502335,0.0,-0.04506482193036748,-0.07082358322194438,-0.07165824025355089,-0.08685796575200144,-5.551115123125783e-17,-0.024442128156555276,-0.07161504727660867,-0.04346168321612959,-0.06804994017328403,-0.03406738619557492,-0.08824345545551088,-0.06165400343900662,-0.0571886894886367,-0.03121739219275116,-0.042209399445155726,-0.03215478549273493,-0.0664920202349023
-0.059872394564624676,-0.0621139376414786,-0.0547516127784321,-0.09643086006668022,-0.053656147499700324,-0.05320759506748235,-0.08993331118604908,-0.0660275693080678,-0.045379653433445244,-0.05929519166645214,-0.0713623551657887,-0.05960349861284764,-0.10081838702846957,-0.049604163922275624,-0.021353950212285755,-0.057626480589425544,-0.04259511677547595,-0.07066211887570512,-0.06280410432130379,-0.0354707912172087,-0.0642028837546702,-0.041919619078996384,-0.03210416749873496,-0.07130520520015449,-0.057333566192096674,-0.023531946175050278,0.0,-0.08383065804102724,-0.05297255622588798,-0.05931978860309883,-0.050849662426345366,-0.037336032445060285,-0.056630764992540994,-0.04092564533978538,-0.036179070204315766,-0.03785996163460198,-0.04725511751024619,-0.04161027201279016,-0.05684214877225319,-0.048025996797744996,-0.06028952836301721,-0.05021925341710026,-0.05905130735141345,-0.015623703840644265,-0.017620896578257383,-0.05827593357611488,-0.0543012639421962,-0.11692937135565723,-1.6653345369377348e-16,-0.08423623370558841,-0.09367266579675287,-0.09671550999202244,-0.07494592470846406,-0.0848283995746828,-0.0644082495595053,-0.08205986855929231,-0.035686036881940386,-0.09637889362062735,-0.07894881560892136,-0.06257348474044289,-0.04836523935476145,-2.7226240131239532e-05,-0.05423823108395737,-0.09307988528185451,-0.07219104784866914,-0.07489264175541072,-0.048469229478786735,-0.09908656661560444,-0.016457514419408514,-0.04086547408748925,-0.04550638735968077,-0.08496273846949737,-0.07987451038974014,-0.08473860462332722,-0.0707708464939904,-0.061896210180461264
