0.0,0.057083926799725127,0.03580483472439833,0.0,4.62464821801567e-05,0.04709532154866419,0.03780653421483904,0.05293664722779079,0.026909371056033138,0.046455543001415966,-0.0003155066793112393,0.032755487387372495,0.054240583870888315,0.033049385067077164,0.034887749596040685,0.026613746265919058,0.04412914337932661,0.0395381697779727,0.0,0.06355039658006806,0.059649908940868634,0.04314684108956879,0.052699871635724205,0.049926756010629625,0.05276457850922839,0.01887056873126286,0.0619363868590489,0.08022372153595242,0.0670954962660279,0.04676720972832643,0.066204497338814,0.04407432243783971,0.05677687966900663,0.043573391025248875,0.0483445061819166,0.11683190749554745,0.0,0.02544034277595497,0.054457675412936224,0.07035077477980323,0.059798381197552375,0.04050779072449101,0.0,0.0,0.00740477526753669,0.09157950659028558,0.06873304046084139,0.0,0.0,0.0,0.05277800275565392,0.0,0.030743354330114547,0.0,0.07082295075373168,0.0,0.07199382364711882,0.029497277930691623,0.0,-0.017426167856783914,0.05980119503744097,0.027573776798111516,0.053203476397705896,0.0,0.04798527558843285,0.033523692270776784,0.04379263920891091,0.01790690379888943,0.07207231349451926,0.060382161646716614,0.06203660743645967,0.023948513695489504,-9.778055776316075e-05,0.045383285890964686,0.0,0.11960875011586614
0.057083926799725127,0.0,0.034096839182567895,0.0,0.02803703742561453,0.023967226482931647,0.01397123269018552,-0.0029382185974826114,0.02185224887039433,-0.009977438564284236,0.00020992104731232253,0.025065439902340336,0.010333418670305239,0.0,0.04480006958386701,0.013591369050387214,-0.0043926332834480775,0.014094694961407361,0.026511367748865422,0.023698357308129248,0.05109392377664801,0.017983630800147588,0.032164821170583835,0.0250130877106578,0.028859964195557974,0.029741924173794454,0.013963073043111451,0.024702014467189226,0.024922722940601383,0.028785214962899763,0.013787360798810988,0.009741188212448126,0.030039808497822562,0.01757321533277434,0.015722736928184655,-0.00284851302743383,0.006541004153746255,-0.0003214331567336637,0.06065193807024383,0.044159828225730335,0.05513937686370585,0.05195527768616154,-0.010398204824906998,0.0,1.388481433223232e-05,0.07180503651126668,0.039378854738372104,0.011664188305778034,0.0,-5.551115123125783e-17,0.03509961357545449,0.02617510818959462,0.05351320803189752,0.015700908278284575,0.017032677610637426,0.0,0.02705140595692035,0.03701284266343341,0.0,0.052284391644474626,0.04357357901450881,0.0184467906288312,0.04896532287011335,0.0,0.04499922965056008,0.054269874425678766,0.03998563275087169,0.04513818512587342,0.030643625020329746,0.05544607499306009,0.056801778212762166,0.03304056609914091,0.032297595911843224,0.032589340549265655,-0.01137411608162836,0.045187107625976164
0.03580483472439833,0.034096839182567895,0.0,0.1218948120789034,0.03423986567006382,0.028823632503579333,0.028018286552227933,0.02164341695287708,0.04083273214106814,0.04253413614491619,0.010670975228026292,0.02933094257085317,0.03819333723182672,0.014582221432440534,0.031216277784469393,0.03744783440452454,0.04380528224260177,0.03381830301540617,0.006123532826671885,0.04224165555645848,0.033338159830705594,0.04184423852693436,0.042442523599649784,0.022003659539582332,0.03543189738393382,0.043673504792507256,0.021865040113308143,0.04328925302786951,0.04488058387304955,0.046725594010978755,0.04579724220106052,0.0449278357475143,0.02528828563815022,0.04752103222279136,0.06701691280649263,0.0517429647601621,0.05718941443212877,0.04643883187135667,0.026155136619107622,0.0703098816113768,0.013758956309012915,0.003233385472434458,0.011560346810452815,0.005049524821516216,8.669240012043611e-05,0.0,-0.004055940458663754,-0.022654417776516333,-6.0229476182671604e-05,-0.0036235341952943756,0.02687669551866334,0.016067747269163157,0.000270530286092141,0.02141883969260505,-0.02641565325995765,-0.13962902709805103,0.05492091665279536,0.004725102382201918,0.020417851078507576,0.03750334455484644,0.00010561719406276815,0.0,0.0,-0.10050106540952147,0.0035414096966649433,0.00071138270094534,0.04117196997546857,0.030003511030839203,0.0,0.0,0.013334127826581221,0.04894112909634929,0.02182409986375311,0.025203968356251938,0.04003369414548663,0.0019003651232621932
0.0,0.0,0.1218948120789034,0.0,0.05344299203210867,0.04574371697111829,0.049519294533460434,0.03503529313155457,0.0673240730164873,-0.07561962288465485,0.057606991926548334,0.0456682111488651,0.09505096929988138,0.037618089972004,0.00762345457160829,0.0,-1.7123517578876424e-05,0.0,0.10023513488694508,0.12352499343419465,0.00026761478047254705,0.01722144111027124,0.10864179557892178,0.004887120134298928,0.0,0.000556404315836756,0.06892588595492344,0.06912801124593293,0.059653603452434534,4.2707634901328895e-05,0.08351947361104312,0.07994081056137581,-0.008399387635348643,0.037176584198168106,0.09205839584402986,0.01879143185532206,0.01458774263047391,0.05649046130640484,0.0002047153483587527,0.0,-0.0001661896484924097,0.0,0.0002725576489910342,0.0,0.0,0.0,0.0,1.1905532238509764e-05,0.0,0.0,1.174160139050251e-05,0.0,0.0,-2.787238397583547e-05,0.0,-2.853428535426472e-05,0.0,2.0982339489994395e-05,0.0,0.0,0.0,0.0,0.0,0.0,0.0,0.0,0.0,0.021215584496331985,0.0,0.0,0.0,0.0026758674167761676,-2.731981059189703e-05,-0.00010745227956437953,0.0,0.0
4.62464821801567e-05,0.02803703742561453,0.03423986567006382,0.05344299203210867,0.0,0.02790575251599381,0.035668255535524995,0.05156825076452387,0.02457308156631871,0.0645810831701712,0.026866759444597488,0.05852946905819062,0.059478180885817244,0.052586262793880734,0.020217923889174372,0.03586226773121404,0.03838955894642149,0.04998578302739043,0.03555724646560815,0.03712573622688098,0.03026196122250735,0.05754618799136396,0.04744802254111713,0.06978218489674304,0.03313673510867371,0.0805390882333677,0.03229027197876455,0.07544809615293457,0.02792998568933147,0.04492964997679927,0.052287949427403946,0.0453780530698602,0.036587814993106926,0.06253679465387346,0.07738021385158383,0.035192787726041896,0.043778261081211745,0.06903696864161096,0.03562757756918877,-0.004977141673569108,0.034494609406547916,0.02719963850323509,0.03205822604669073,-2.9305526457079623e-05,0.014017807837679364,0.0,0.01670606333592467,0.04256470336959761,0.0,0.024528047368154615,0.036377950100039635,0.017243005929457045,0.025746638165402458,0.04023793346468796,0.018265139518779838,0.015377177281721277,0.00847633596561742,0.02135347172084545,0.033888187124328784,0.028274701279257408,0.00011045400252912563,0.0,0.0,0.022961400032290413,0.020781181639693613,0.0,0.06094914147869235,0.036611299765870076,0.0,0.00013990175684802653,0.03485200754885137,0.04256855797714043,0.03728744106410853,0.043239952233118883,0.017326766748447353,0.02154424995292825
0.04709532154866419,0.023967226482931647,0.028823632503579333,0.04574371697111829,0.02790575251599381,0.0,0.020050591669849405,0.04103185010220661,0.0041629614777810575,0.026780326972837387,0.04459984686477719,0.042598984342830826,0.026400259788366687,0.08491674479946809,0.03942045649105402,0.047291659692242416,0.005097871572311119,0.04691739427002306,0.015679583078598403,0.02296207344203588,0.05566867657234276,0.038310677463084364,0.03234297641835138,0.03722750146406223,0.02552652830893759,0.0037758395284411272,0.01895957230153833,0.029030142674996706,0.019438272211687202,0.036859260198042976,0.027313057335296598,0.034882804395616696,0.02388458315556341,0.03233164952208195,0.03347658790452196,0.05635331465820931,0.05307373161589768,0.034350173417431296,0.04431059844119212,0.03687058768887236,0.04389315346643319,0.039791109122858104,0.006981268324818157,0.0566103484753025,-0.004715750140981245,0.028968125501999786,0.03484240815113793,0.03050896897727573,0.0,0.01883764323421422,0.027581619217515674,0.030041985552864192,0.04001708903434942,0.03339571312242595,0.013616368583564853,0.01471323235513089,0.014871003964794571,0.022828854549332145,0.03249177236006878,0.047420223200570655,0.034383415434755205,5.551115123125783e-17,0.031687566003706424,0.017108223183678883,0.03741170367873392,0.04586151666230348,0.037847094754068,0.03360201300835497,0.0,0.037871162606926745,0.03614710798797782,0.03652984098925305,0.036762507825124247,0.03928602151250982,0.03355045069491225,0.03348649655137792
0.03780653421483904,0.01397123269018552,0.028018286552227933,0.049519294533460434,0.035668255535524995,0.020050591669849405,0.0,0.03199511245196257,0.02197211786099823,0.052763921903119904,0.030844357479497986,0.05435402267825484,0.036080470651248975,0.052768368502612406,0.03650075361438937,0.031192886338413217,0.030028387118756772,0.022315279270624377,0.02849296596431372,0.021445330933008655,0.04245771964281586,0.026499641319800593,0.03587621126146334,0.06356801774428772,0.010143164798007753,0.02303883351202074,0.028907769076106593,0.05680851745366344,0.0216817754333814,0.03264082511933164,0.04120386108797108,0.04445364860683393,0.050493110281656595,0.04672712584046945,0.0917742507077628,0.031759820285605866,0.02950482906175944,0.0495997082844129,0.031168906469121294,0.00862091399393905,0.04948756550336364,0.01652311393666761,0.013761496494912984,-0.0006218814046156096,0.01861177398255459,-0.00012319798535259663,0.024015656240641003,0.03530199121904254,0.0,0.014617707558047588,0.029346496782471254,0.03990001478614802,0.02195888548800179,0.036824103997049606,0.008047400203811117,0.0006050113201419016,-0.007533949514526794,0.02276689669799281,0.033906388476015015,0.03450148411132997,0.037797792230979343,1.1102230246251565e-16,0.00010408128248873272,0.008974520192323698,0.044515289107147527,0.028447731975927704,0.03254366186316732,0.027602745078303625,0.023064370526786948,0.017701791948547152,0.03881729728050359,0.03594349186424839,0.028866416503618098,0.03849066121442357,0.037077899463517694,0.02670291807855718
0.05293664722779079,-0.0029382185974826114,0.02164341695287708,0.03503529313155457,0.05156825076452387,0.04103185010220661,0.03199511245196257,0.0,0.02134320072137119,0.029804544539454914,0.0159211491541304,0.03011960399168312,0.038278251487135095,0.050547684299928286,0.05980028473714566,0.005083244047738633,0.028346722217779285,0.024287995127297568,-0.003994839534129213,0.01779622739187381,0.04878709942191456,0.02046621030584833,0.038529407633419,0.04096509248845248,0.02530932006617287,0.038440987728202536,0.04993175802518385,0.04576436123894534,0.032399328758122514,0.029139542573882182,0.041534724378229027,0.03611601534587372,0.015480340766718226,0.03942915543174208,0.03704056014395468,0.04427455101888211,0.0537465323505083,0.004706946865161599,0.053667899889725035,0.027022107658067562,0.04307068836010197,0.03305489223911373,0.056290708465325634,2.722222662177032e-06,-0.00015758601763810054,-0.010795160658096936,0.025075924639662572,0.0005347319620676583,0.0,0.0012486636702913056,0.049686233446714245,0.03914771210185697,0.0973339353500432,0.033923396082966795,0.01583072297779331,-0.008378788835949558,-1.1102230246251565e-16,0.036612682707958644,0.05105824858045965,0.04576098590072569,0.03163766248532113,0.0,-7.396817249427645e-06,-0.015276992393141176,0.059440831119951354,0.05897681890484252,0.04322061820931827,0.05701332076182314,7.591483669755483e-05,0.037636469746873236,0.06386854405975667,0.053669029425170545,0.05031109203676731,0.05918860857103503,0.02307787265432848,0.02568298053834056
0.026909371056033138,0.02185224887039433,0.04083273214106814,0.0673240730164873,0.02457308156631871,0.0041629614777810575,0.02197211786099823,0.02134320072137119,0.0,0.04446934991421314,0.01385707724526325,0.04269263788168465,0.015417494530785836,0.05684847770350221,0.036372781036833224,0.03853447974147223,0.04046855277717287,0.03520904921437357,0.007663772135893532,0.03092886396175365,0.04446177018762154,0.04021391023355503,0.03428736085381989,0.05820927034257084,0.014858488756092803,0.049521131659748474,0.009460050989038515,0.03469431085045349,0.024886995171171378,0.03127600041559109,0.037159827564821335,0.031139602108181008,0.02679057150282027,0.03912230734420197,0.043426576056009414,0.04842245437123366,0.043969902906181135,0.030653523947299866,0.03040530532911645,0.027423245626635784,0.03316814818621061,0.05145026092689975,0.023606553382839846,0.017579536701818554,0.023868266648550185,0.0,0.03689390875033294,0.05207002440067876,0.007092509987895901,0.023560585693378044,0.023654745252402853,0.020745121084219886,0.012228057293505179,0.028379095981426405,0.04335549661303728,-0.017882632506397933,0.03716809532030041,0.010275548229290887,0.02832404519248466,0.03770017449310742,0.01707553215826979,5.551115123125783e-17,0.0,0.007809394108993173,0.014317935123981773,0.03545477511999334,0.031549040875030576,0.018014363629670904,0.000778545168895417,0.003110879980534831,0.03153924339986741,0.02964395549766019,0.022517131020476366,0.027518833148426625,0.03096109779514189,0.021043538195742895
0.046455543001415966,-0.009977438564284236,0.04253413614491619,-0.07561962288465485,0.0645810831701712,0.026780326972837387,0.052763921903119904,0.029804544539454914,0.04446934991421314,0.0,0.039388988729006036,0.06548697014200239,0.039710528815797674,0.08638203433226599,0.028102725096148973,0.00803684464880261,0.01908107835744144,0.01632662871318946,0.04068967452690092,0.01634676885771924,0.02844619074441601,0.022899865305299527,0.03665321535032884,0.030885492718621954,0.03260148855063083,0.07194965507405715,0.022410163670127825,0.036254326709417695,0.017789383398394365,0.07366040961532427,0.040802275784951436,0.04824217639008538,0.02051119467573037,0.021020780839091813,0.03516319817474872,0.07377304442181704,-0.02034931309619359,0.0242079433464073,-0.011491069571285817,0.058255115247654754,-0.006684609974786537,0.04367528940113036,0.025528264648776777,0.0015444871800179838,0.030073830628247533,0.03701494400588523,0.03585459185469991,0.029420361007749363,-1.1102230246251565e-16,1.6653345369377348e-16,0.03704129843783577,-0.009045215661196537,0.0006642221615018595,0.026084108469333844,0.06020061445403857,0.02648313764753707,0.049073988243995836,0.03428034303735,0.0,0.0003424410809603762,0.04787480904990982,0.04497226351827094,0.04661171950309423,4.305932184700545e-06,0.01754646793847031,-5.4409205831718044e-05,0.013350280314255503,0.03689634299783906,0.04397311942097293,0.0499513719735305,0.052421572816359285,0.036120869079072304,-0.014786038018635872,0.02050876707345195,-1.1102230246251565e-16,0.045836511860501084
-0.0003155066793112393,0.00020992104731232253,0.010670975228026292,0.057606991926548334,0.026866759444597488,0.04459984686477719,0.030844357479497986,0.0159211491541304,0.01385707724526325,0.039388988729006036,0.0,0.0504661751700784,0.034961449400670475,0.010743339461459889,0.0,3.2342225531611923e-06,0.0386447255610633,0.04586374895940559,-0.002849590763477128,-1.4864062444774895e-05,0.04343007151362943,0.012534783415171724,0.029492484500404703,0.0549979067776219,0.04542087050388899,0.04956032992174664,0.0076407606327761335,0.04243373236831621,0.04003946808664788,0.04976323960050871,0.04838281811049239,0.053770167981417705,0.04297942468920496,0.04618220337360712,0.04234033634829598,0.026478989891367433,0.05746514331314784,0.030483925288785463,0.007960489828680195,-0.034556713952417106,0.04955991557528322,0.008143586230937638,0.026811190825381748,-0.0002548168673078277,0.0033916108015416002,0.0,5.551115123125783e-17,-0.07546849259230365,2.608663962483382e-05,0.060252924778059935,0.03347180437708308,0.017079209153276487,0.005980444247731309,0.056916690552915206,0.017034427381980133,-0.05311881078372105,0.018922782760569135,0.013033139678291117,0.04039712860587624,0.0001475022098057499,0.0,0.0,0.0,-0.07082183891617211,0.04899776269531719,0.0,0.028976297356425873,0.018598528464490394,0.0,0.0,0.009387732277626293,0.03569844675698042,0.026271989617838776,0.04518955029690841,-0.00033649898400373024,0.01347309047973555
0.032755487387372495,0.025065439902340336,0.02933094257085317,0.0456682111488651,0.05852946905819062,0.042598984342830826,0.05435402267825484,0.03011960399168312,0.04269263788168465,0.06548697014200239,0.0504661751700784,0.0,0.049540410091149845,0.03769582460267401,0.003853115977542343,0.01713911576337246,0.018244112411056446,0.01621789870456336,0.04395242119525811,-0.007263473034625267,0.025050466422677276,0.021671533334885307,0.03338018533664355,-0.0007940818947960171,0.027289215864062244,0.007421220350165347,0.038546587457015835,0.05215529559041726,0.00917717801244855,0.033845919445247785,0.045568286798058966,0.03465042632200316,0.020297932278638353,0.03579494465380095,0.03665436869463884,0.08442200948805245,0.01599519965634555,0.005759944174422216,0.010619041846930355,0.071583771022876,0.032111895263828794,0.016917044786230462,0.03020101361313926,-0.005191603779478138,0.05723189893708985,0.06363234602130335,0.024569344915332636,0.004630422435181136,0.0,-0.00021902292755510144,0.015370081378618894,-0.009129136557372852,0.0,0.006104126366961504,0.05062231866392236,0.015063291288390013,0.04661256526133489,0.08211235810815487,0.0,0.015500399175177482,0.06973621481976905,0.043274471152166705,0.042163721374597285,0.0,-0.0009212058751658092,-3.2894642991110334e-05,0.01825101111711558,0.01590404914003818,0.018926646516083,0.04714673841584044,0.04116704853404912,-0.006305612744103739,0.004815553343665735,0.004707626232044626,0.0,0.04789182952442622
0.054240583870888315,0.010333418670305239,0.03819333723182672,0.09505096929988138,0.059478180885817244,0.026400259788366687,0.036080470651248975,0.038278251487135095,0.015417494530785836,0.039710528815797674,0.034961449400670475,0.049540410091149845,0.0,0.07908619235242581,0.029711621144058342,0.02712034686312459,0.025715695870881627,0.02512779303508328,0.03296775888650327,0.01838053888964314,0.0449686614257217,0.029297436284791867,0.04629450192908807,0.048041182811961514,0.016565295705529226,0.027819967205630403,0.037031494005932086,0.04595412720982478,0.025640748785809353,0.05938399280000217,0.03498153591308156,0.042390302879275865,0.04992691210938338,0.04341539952165768,0.06271186841966009,0.042432760053379814,0.05063547576583566,0.05688174430979065,0.03512295302022145,0.06508053490166571,0.05213323217891519,0.04583442955607531,0.01785674667908904,-0.009589723865166044,0.0031091263058317664,0.011300648647891876,0.03609011417499014,0.026224236295034675,0.0,0.008191108956838722,0.03162441333290389,0.017144964539056007,0.0341926049899135,0.02521165285365201,0.01463519046484646,0.006004306210243782,0.08170957914140686,0.02266546476871778,0.012447619649461616,0.03648580602415802,0.037470722937317624,0.015400677165329613,0.020266049551434517,0.013430072742435795,0.0358435580130656,0.05035305831034287,0.03764502002737197,0.03240004087405668,-0.006337064029123207,0.04049789959710198,0.037369454238479594,0.03215983221266028,0.03303046328168224,0.03343742356920326,0.025250553623086702,0.029413883737567925
0.033049385067077164,0.0,0.014582221432440534,0.037618089972004,0.052586262793880734,0.08491674479946809,0.052768368502612406,0.050547684299928286,0.05684847770350221,0.08638203433226599,0.010743339461459889,0.03769582460267401,0.07908619235242581,0.0,0.0071133897197932505,0.0,0.0,0.0,0.007071840138574204,0.015385963248132573,0.006024424350122071,0.008598797056850072,0.0305854626527427,0.067202689675529,-2.5465769531163307e-05,0.02056222865264329,0.09846013084553751,0.07755874396677886,0.09563623471223093,-0.00013682756294086662,0.0736724402571321,0.14980881769945104,0.12987071167970748,0.0788165270216975,0.08527938349188896,0.010037427393344345,0.020359695192744387,0.06844737764466802,0.04819831401118396,0.0,0.09608058952030668,0.0,0.02752250418756197,0.0,0.0,0.0,0.0,0.0306969706684328,0.0,0.021413441935319744,0.03482885289629645,-0.008625345172200927,0.0011261102496591957,0.029091924067736752,0.0,0.012981726677539163,-0.0004553576110405966,-0.008727698663263506,0.03021182846064624,-5.551115123125783e-17,0.0,0.0,0.0,0.02840520433562249,-0.013596725444587676,0.0,0.0,0.03600373500037235,9.49120203046494e-05,0.0,0.0,0.032475972088101046,0.010487630108839074,0.008218329420450421,0.0,-5.551115123125783e-17
0.034887749596040685,0.04480006958386701,0.031216277784469393,0.00762345457160829,0.020217923889174372,0.03942045649105402,0.03650075361438937,0.05980028473714566,0.036372781036833224,0.028102725096148973,0.0,0.003853115977542343,0.029711621144058342,0.0071133897197932505,0.0,0.03510577408469595,0.04182089583052939,0.040022149915140026,0.0,-0.004547723406669979,0.035115115274801434,-0.0018244194352525223,0.03459725664167962,0.0074528725666999085,0.05743375208752166,0.015675982863351867,-0.0028376943243089703,0.018685080131321974,0.030643677519558987,-0.021019545268678275,0.026046877039396732,0.0300216704627857,0.05105927509921232,0.026490881786945697,0.03358754110291845,0.04180650751344728,-0.0024442958149621385,0.023932022985887647,0.05249356334228078,0.05070518939315111,0.05296085105615833,0.046400542040358594,0.06423356677010639,-2.4020075570230226e-05,-0.0004695615775219819,0.014124877852038642,0.055917624707232105,0.029312193634591255,0.0,0.0,0.06284343201508225,0.03149109308334358,0.04348354122590509,0.03251353278591829,-7.849048903718625e-05,0.0,0.07771256044203018,0.03849963367585696,0.0,0.056704196729756795,0.05588501975198357,-0.00031773172735016786,0.024904966084879743,0.0,0.06525309109028626,0.044823376114988156,0.0666119931184429,0.04943774157577496,0.013964905781665593,0.0463453190866136,0.054487693431743756,0.0489979164712786,0.04621187828742068,0.0494830902818561,0.038082121194978724,0.045623710545336926
0.026613746265919058,0.013591369050387214,0.03744783440452454,0.0,0.03586226773121404,0.047291659692242416,0.031192886338413217,0.005083244047738633,0.03853447974147223,0.00803684464880261,3.2342225531611923e-06,0.01713911576337246,0.02712034686312459,0.0,0.03510577408469595,0.0,-0.0011413256126260873,0.009050968422470385,-0.0008345386177256442,0.009180565663739926,0.036682347549523375,0.0014045441573344863,0.03852321623126387,0.029214907083975172,0.004783250957829777,0.016699187277960936,0.02207834525375585,0.027576334439612826,0.02960360997073974,0.012755288608283455,0.00021879714061850963,0.0244762001362393,0.001883919122657618,0.013340679514704912,0.0163261175976121,0.009120937025055842,0.0042467191932376025,-0.02765614554266327,0.04633678770701716,0.02131955523167156,0.031128837389133024,0.032332706270289446,0.018694023997153086,0.0,0.0,0.06408653133049441,0.028477117005021146,0.0,0.0,0.0,0.04678714347658708,0.02035433558427946,0.03641677212898142,0.0,0.05837408688778728,0.0,0.03651319851757734,0.03055264422712828,0.0,0.04010347837199657,0.029115423416646746,0.02835936612755846,0.02346174420349334,0.0,0.05395192647958602,0.027684105391560854,0.03181522810850912,0.04480550188354909,0.04543800712977397,0.03240068874619134,0.047763518628124835,0.0377364862671411,0.05297191682950236,0.036936249524401,-0.00012934270296094397,0.02547003858820901
0.04412914337932661,-0.0043926332834480775,0.04380528224260177,-1.7123517578876424e-05,0.03838955894642149,0.005097871572311119,0.030028387118756772,0.028346722217779285,0.04046855277717287,0.01908107835744144,0.0386447255610633,0.018244112411056446,0.025715695870881627,0.0,0.04182089583052939,-0.0011413256126260873,0.0,0.022155480424237706,0.03513401044769843,0.02447552606788783,0.02580218438663817,0.020815930741832134,0.0072736797820716625,0.01758823655630859,0.017711152362428706,0.007794137798377232,0.01453031698659668,0.02602560846897556,0.022085013133362585,0.02339466577888305,0.017272986861651796,0.032270010003322025,0.009935917362111413,0.025303854552525873,0.05106700155489169,0.03887817639935692,0.009941421945767581,0.0071944628914205055,0.0353486717983057,0.02624300923331835,-0.002443310388398512,0.05248656398428109,0.0,0.0,0.020240277515137683,0.02996983024106581,0.02335938357779377,0.0,0.0,1.6653345369377348e-16,-0.00024313396104214124,-3.8549370873164346e-05,0.0,0.0,0.04972051774815328,6.841478521596445e-05,0.0489917121700118,0.01868291779888115,0.0,0.0,0.04714475657540845,0.029063678577590013,0.03177382095144221,0.0,-0.00012889486460249122,-5.551115123125783e-17,0.030523333880821346,0.0006517593592545445,0.042143348755757815,0.038176857454043533,0.03966409189137449,0.0,0.027727021265540996,0.019070811687051936,0.0,0.038333327924011784
0.0395381697779727,0.014094694961407361,0.03381830301540617,0.0,0.04998578302739043,0.04691739427002306,0.022315279270624377,0.024287995127297568,0.03520904921437357,0.01632662871318946,0.04586374895940559,0.01621789870456336,0.02512779303508328,0.0,0.040022149915140026,0.009050968422470385,0.022155480424237706,0.0,0.032543924947302905,0.020671949452578386,0.035082198282301635,0.005728814268398275,0.03824829725768525,0.025802531519482863,0.011667851972700205,0.0240205403079502,0.02761198140248383,0.0212583734347217,0.03235115575435604,-0.0028632678690052593,0.013944025784537628,0.02862676414719867,0.0036315318889270087,0.02839950598706542,0.03740224873308634,0.04933338912433549,0.0,-0.008288412553576874,0.050762160227509234,0.017518006679513365,0.031428717700884845,0.043556560375451636,5.551115123125783e-17,0.0,0.04675815993348209,0.0678552050932335,0.030527694334231636,0.0,0.0,0.0,0.04193206823835782,-3.620183675667743e-05,0.016744360315510298,0.0,0.04084075342141508,0.0,0.05205489747250491,0.03182316727851603,0.0,0.03295963564435345,0.021078891537830435,0.018856049889260262,0.026898295514356407,0.0,0.0626280805420073,0.031430887599049884,0.03917632110438646,0.0725954741047779,0.054994365299073866,0.03223699731227114,0.0424856783896993,0.016173498461075242,0.04172344991168142,0.02521890817645117,0.0,0.02923855297065231
0.0,0.026511367748865422,0.006123532826671885,0.10023513488694508,0.03555724646560815,0.015679583078598403,0.02849296596431372,-0.003994839534129213,0.007663772135893532,0.04068967452690092,-0.002849590763477128,0.04395242119525811,0.03296775888650327,0.007071840138574204,0.0,-0.0008345386177256442,0.03513401044769843,0.032543924947302905,0.0,0.007327821498697207,0.01677621914098032,0.04170858815893608,0.02860781970015197,0.03374480143797465,0.039130043365456835,0.07221792548804906,0.017017504221734814,0.038791273775591995,0.04131303161132793,0.023363754022167338,0.039223493599478076,0.03146847170292971,0.025493657056153196,0.04141816536906029,0.03561450151623613,0.04325734552742516,0.04989711564163496,0.027297842376600656,-0.002351298690160264,0.03191404040481366,0.01674566762121943,-0.0022914842238428434,0.004519108874622757,5.551115123125783e-17,-1.6653345369377348e-16,0.0,5.551115123125783e-17,-0.09270510568693857,0.0,0.0013755708269010958,0.01373244866328549,-0.005990536265224278,-0.009949156832604666,0.012537533153151537,0.0006724249885270428,-0.07605472983716455,0.0002480715097915587,-0.005855902064667129,-0.005647841319017688,-0.0003955299895103681,0.0,0.0,0.0,0.0026576663412497536,0.05512736374661109,0.0,0.005758580374388311,0.005604058420930147,0.0,0.0,0.021571271236121292,0.017720068906545983,0.009547351779432334,0.031011860147752035,0.0008811911073846046,0.01867044158450437
0.06355039658006806,0.023698357308129248,0.04224165555645848,0.12352499343419465,0.03712573622688098,0.02296207344203588,0.021445330933008655,0.01779622739187381,0.03092886396175365,0.01634676885771924,-1.4864062444774895e-05,-0.007263473034625267,0.01838053888964314,0.015385963248132573,-0.004547723406669979,0.009180565663739926,0.02447552606788783,0.020671949452578386,0.007327821498697207,0.0,0.03313400469091193,-0.002969302559224063,0.012984699691671042,0.015836633874835915,0.015293975441771024,0.019023454301362597,-0.02236071242492238,0.011882717167353118,0.0010681430432453176,-0.005296859599606796,0.01328612340426838,0.01408760859999969,0.032487416068470276,0.01446468921706795,0.022170322006269838,0.028798247897994234,0.05607045740196864,0.007572086826746094,0.04288115784202251,0.025588370345042466,0.04142638699071066,0.037854287760054894,-0.00162382601758565,0.00032504935714994243,0.01679361964238224,0.03972786170166298,0.04628707310338931,0.0145466851872329,0.0,0.01545473587379842,0.04547095235344434,0.03678046461059076,0.05228113380927807,0.03921300636430397,0.004673370162997237,0.03423212401505976,0.07099779291748598,0.033797171845743046,0.0,0.049595565624408644,0.04435340322360859,0.00469781529136265,0.048794579374188796,0.009648335897313676,0.055491856340438905,0.053523180280340255,0.04671943956125968,0.048807443016225305,-0.0014544756522786306,0.03505349217238829,0.048328726788468945,0.03769685838101183,0.03757690604478858,0.04118021237157343,0.03337938148049496,0.040365662105038
0.059649908940868634,0.05109392377664801,0.033338159830705594,0.00026761478047254705,0.03026196122250735,0.05566867657234276,0.04245771964281586,0.04878709942191456,0.04446177018762154,0.02844619074441601,0.04343007151362943,0.025050466422677276,0.0449686614257217,0.006024424350122071,0.035115115274801434,0.036682347549523375,0.02580218438663817,0.035082198282301635,0.01677621914098032,0.03313400469091193,0.0,0.045888823688525315,0.02217021522357021,0.049057449705177114,0.053520801803809304,0.035318918458561166,0.04137531887463758,0.04997514638635048,0.035176012461538286,0.022536292182009587,0.04788470484470875,0.016908317632085224,0.06442977892019963,0.043310309378393474,0.027793261748584153,-0.001633925134683245,0.016033357370370704,0.035103318211046286,0.044776440933082196,0.06805576910350974,0.04778667237118961,0.03093245709032244,0.040862725668848854,0.0,-0.0004860643644133411,0.060495298636980166,0.07715477322154596,0.000243331180758255,0.0,-4.6619925262336714e-05,0.06464219520848613,0.029732905261771525,0.07791585954029534,0.014120263021945911,-1.721494142137292e-05,0.0,-0.006497324789695891,0.02803386197832558,0.0,0.032679386276393885,0.05187972894944748,0.0,0.04540233293894347,0.0,0.05326252401481418,0.030535767244093903,0.05856343848950357,0.0620477591554634,0.04571929506060596,0.05396870047309277,0.06133440775068738,0.04453191205712592,0.040635200909274416,0.04540067827031613,0.025439663175541916,0.043006827831099215
0.04314684108956879,0.017983630800147588,0.04184423852693436,0.01722144111027124,0.05754618799136396,0.038310677463084364,0.026499641319800593,0.02046621030584833,0.04021391023355503,0.022899865305299527,0.012534783415171724,0.021671533334885307,0.029297436284791867,0.008598797056850072,-0.0018244194352525223,0.0014045441573344863,0.020815930741832134,0.005728814268398275,0.04170858815893608,-0.002969302559224063,0.045888823688525315,0.0,0.03953251876451741,0.01006754564125989,0.011191598931115432,0.015902954972167593,0.002625830478687474,0.02140001418373577,0.012976249303739085,0.0042049558827999545,0.003102735741343454,0.022890760934650645,0.01948107877644667,0.016631033579133314,0.029941878339443284,0.04282549516282519,0.012840119198475719,-0.001914970643107694,0.051702157325602016,0.039827189125765716,0.05273689032658602,0.04238564290315827,-0.026144546956273995,0.0,0.008270185098129601,0.045685220376001034,0.03800431143064714,0.03651067415862852,0.0,-0.00038889538694081294,0.03621001783657829,0.029653298122055194,0.0544771747591663,0.0407555548435512,0.03335322866257151,0.0,0.03162866619546956,0.039253635786115904,0.0,0.06274131155509133,0.03899656501289678,0.026511096048226546,0.0308937074216577,-1.1102230246251565e-16,0.06580465248436373,0.06668730089224878,0.057441913226512153,0.05004052764598915,0.02506142724958449,0.042303461602880066,0.05331010083740645,0.041123198112833104,0.043272804943216,0.04152803669156113,0.03188924962591022,0.04479074042962555
0.052699871635724205,0.032164821170583835,0.042442523599649784,0.10864179557892178,0.04744802254111713,0.03234297641835138,0.03587621126146334,0.038529407633419,0.03428736085381989,0.03665321535032884,0.029492484500404703,0.03338018533664355,0.04629450192908807,0.0305854626527427,0.03459725664167962,0.03852321623126387,0.0072736797820716625,0.03824829725768525,0.02860781970015197,0.012984699691671042,0.02217021522357021,0.03953251876451741,0.0,0.037729119965494495,0.03282584340355732,0.03761819479756051,0.02141357467985333,0.04803693448509222,0.04840349716795622,0.039070144276512675,0.04045638893223091,0.04278954974705035,0.044034404984984565,0.04245690942716862,0.04630671107903728,0.052178662535201814,0.06521387917251875,0.03310799495005701,0.050002152884010775,0.05229829432268707,0.047940108342024,0.059288847804544575,0.03694900440121557,0.056134665525496064,0.061543399519659536,0.044024673744713416,0.05388726645220776,0.008651440663209664,-1.451513599054488e-05,0.041018674246618536,0.04324053158099317,0.039681125620247615,0.05840337229972892,0.0429033101704297,0.022997823935966777,-0.15982422975143146,0.019140649589538095,0.036922992635750496,0.041894090226889114,0.050899970762292246,0.055901350948856454,0.021195859064243816,0.04847219006503045,-0.1242213803722515,0.05561341743504161,0.0545333259081458,0.053561031813575244,0.05240462372849575,0.009281956678322267,0.0434822197909725,0.06117982718377418,0.045061601797693585,0.042643510574988275,0.05204616093621833,0.04429538221556195,0.03877926178982882
0.049926756010629625,0.0250130877106578,0.022003659539582332,0.004887120134298928,0.06978218489674304,0.03722750146406223,0.06356801774428772,0.04096509248845248,0.05820927034257084,0.030885492718621954,0.0549979067776219,-0.0007940818947960171,0.048041182811961514,0.067202689675529,0.0074528725666999085,0.029214907083975172,0.01758823655630859,0.025802531519482863,0.03374480143797465,0.015836633874835915,0.049057449705177114,0.01006754564125989,0.037729119965494495,0.0,0.011140423518694653,0.008284130203767559,0.017796032200343925,0.0537951984046417,0.05374054447638621,0.06409110402087892,0.04770529583472555,0.06313376726962472,0.008785047353485786,0.04356438027883247,0.05133693751433466,0.036693628890896446,0.015970659909305907,-0.0019415109972838462,0.06359586991009153,0.11908280111997105,0.1169041550131078,-0.06211414650496544,0.05133209792451665,-0.0012213532020092788,0.01692679254576468,0.09269093298868686,0.061410364842807486,3.113543126159746e-05,0.0,0.0,0.036060729986411355,-0.011961516079575685,0.00022728393595106144,0.0011663904396075897,0.06983278354621231,-0.00014114302286083458,0.060886946386706775,0.0018025883212499094,0.0,0.009040036460784218,0.05598806018634905,0.06497569374460654,0.06238218566191617,0.0,0.01164902335605128,0.04871910478350838,0.018155306939626747,0.04103018073678011,0.06892858108033156,0.07160926964833741,0.07017461655713059,0.02383350143859686,-0.020594943836035717,0.02421178575076327,0.0,0.06177449441339239
0.05276457850922839,0.028859964195557974,0.03543189738393382,0.0,0.03313673510867371,0.02552652830893759,0.010143164798007753,0.02530932006617287,0.014858488756092803,0.03260148855063083,0.04542087050388899,0.027289215864062244,0.016565295705529226,-2.5465769531163307e-05,0.05743375208752166,0.004783250957829777,0.017711152362428706,0.011667851972700205,0.039130043365456835,0.015293975441771024,0.053520801803809304,0.011191598931115432,0.03282584340355732,0.011140423518694653,0.0,0.02741548340176131,0.007896007903508029,0.021344976683492056,0.028284709196352287,0.018872192866436377,0.022535751740458965,0.029686330070537892,0.02620810733068457,0.02750383614361429,0.031192328798142044,0.06797013032951388,-0.0004363625693687978,-0.000974720087899783,0.05761868486602023,0.032847720956099336,0.04509761681320368,0.04641893116291146,5.61031960997771e-05,0.0,0.031004352801342727,0.07321912631558314,0.03444745320503145,0.0,0.0,0.0,0.031232604921413,0.023226499847599003,0.06507324817973464,-3.0716037048295064e-05,0.047254086358907876,0.0,0.05061389410391065,0.024419568864017804,0.0,0.05910258222593129,0.041933986133464385,0.029111056435522864,0.038311890977361374,0.0,0.043180155226359096,0.06568059786601255,0.04034543377139105,0.047324866667341425,0.05050840386736777,0.04484666228525058,0.0540130520663909,0.03859868101420694,0.02222488825264113,0.03262634527289626,0.0,0.03928310165503224
0.01887056873126286,0.029741924173794454,0.043673504792507256,0.000556404315836756,0.0805390882333677,0.0037758395284411272,0.02303883351202074,0.038440987728202536,0.049521131659748474,0.07194965507405715,0.04956032992174664,0.007421220350165347,0.027819967205630403,0.02056222865264329,0.015675982863351867,0.016699187277960936,0.007794137798377232,0.0240205403079502,0.07221792548804906,0.019023454301362597,0.035318918458561166,0.015902954972167593,0.03761819479756051,0.008284130203767559,0.02741548340176131,0.0,0.022757111384134165,0.030306122082076226,0.02700767528977982,0.01780462498618457,0.026533443440335702,0.038145318468527645,0.040789125738376286,0.02698754721337715,0.0310702497054689,0.004885412857700722,0.012977263909879744,0.020911756169564533,0.06667952924175075,0.055989064233409325,0.059974321301494715,0.058999607256410735,0.0465011264404791,0.0,0.04474189280664953,0.06020806453996408,0.057559076219226235,0.027054060858765272,0.0,0.00010309150507714637,0.039303926007432155,0.03430276144599842,0.046994505678743914,0.0350226041933972,0.04855684704209018,-3.154727068771512e-05,0.0466468528458962,0.030380991463909046,0.0,0.05349072218036299,0.05587492424989471,0.03730533971877187,0.042541204089741436,-5.551115123125783e-17,0.0472881980084594,0.05147810630280775,0.0529229102669852,0.05221320775838917,0.037244662929689865,0.051061325163112015,0.06353900026617615,0.04886328485435837,0.027270385722396873,0.03991190390337518,-3.3752274007536887e-05,0.04877016026067066
0.0619363868590489,0.013963073043111451,0.021865040113308143,0.06892588595492344,0.03229027197876455,0.01895957230153833,0.028907769076106593,0.04993175802518385,0.009460050989038515,0.022410163670127825,0.0076407606327761335,0.038546587457015835,0.037031494005932086,0.09846013084553751,-0.0028376943243089703,0.02207834525375585,0.01453031698659668,0.02761198140248383,0.017017504221734814,-0.02236071242492238,0.04137531887463758,0.002625830478687474,0.02141357467985333,0.017796032200343925,0.007896007903508029,0.022757111384134165,0.0,0.04482006417277251,0.011467274920296644,0.031955237802341885,0.020484075135836166,0.023834129054534914,0.032251575474242344,0.021247086643934432,0.02063475970824058,0.04131425616270257,0.05293002532508173,0.019341963071125845,0.037091284837056704,0.030035536198867452,0.03938114603397902,0.034946477025155964,0.014844898619402191,0.014988356352949095,0.01732483148287317,0.005126882347658679,0.040481871258431834,0.04860239115101894,-1.6653345369377348e-16,0.03782410480129994,0.035190655591728515,0.033655401733415746,0.043047089622735846,0.03494550796274054,0.026531931321799818,0.029338522710594783,0.04580413351369911,0.03197484448322585,0.02628667234934512,0.04044248006120049,0.031204114574336972,3.0850641033475235e-05,0.050299201710355124,0.01407562616097957,0.039299597520522145,0.048933144864187206,0.035528009873334265,0.039663245578839046,0.016787827682334777,0.0227959852848027,0.05645400488050489,0.036088575212719465,0.03531109449073244,0.037156252115862265,0.026276243737126004,0.03185099364398203
