0.0,-0.0384748325877583,-0.0617045026047186,0.0,-0.000171693839401299,-0.04560707609536174,-0.043848730790340074,-0.04850580849701591,-0.02006483314122226,-0.026414194779530387,0.0006987886876131943,-0.039243528318630316,-0.051413730642506816,-0.036550958440927095,-0.028974464187259075,-0.020548643227639496,-0.053852216859431146,-0.030419901906254376,0.0,-0.04291978802724844,-0.056964594349621644,-0.044759989667071065,-0.050815472070121825,-0.025784409269941688,-0.030480743830470225,-0.023209597522643066,-0.05048498596119677,-0.053831550779926074,-0.042652770688458075,-0.04079022796843029,-0.02416675332908691,-0.019079701023807405,-0.022751166439590742,-0.020078223586001365,-0.02757982183158686,-0.02736834613579231,0.0,-0.024268286468411226,-0.026576784048315594,-0.021084550221648124,-0.02765141788903075,-0.05346145496476251,0.0,0.0,-0.011910989675681938,-0.030894622855788367,-0.038340110366617886,0.0,0.0,0.0,-0.038159834965573736,0.0,-0.03145676420704818,0.0,-0.031021017545187934,0.0,-0.05862969191064227,-0.048728230249439175,0.0,-0.026966061092260407,-0.02861169403817626,-0.07331199025724233,-0.032221542184924123,0.0,-0.0730739104884513,-0.023294927474307503,-0.039248554287163395,-0.04982183439071369,-0.024218380169375275,-0.0287813173171092,-0.0436192224480178,-0.028699438073367944,0.00036301830084528586,-0.07336123777186881,0.0,-0.026484934006189564
-0.0384748325877583,0.0,-0.015978890948642244,0.0,-0.021495788123636284,-0.01988283843065536,-0.03571398428812278,-0.05605466337730003,-0.010417170431710643,-0.03942495112265709,-0.0006866275759183638,-0.05054009966568224,-0.032595767095191075,0.0,-0.030656863334866225,-0.045872610623515886,-0.04899532200682627,-0.05653937761939587,-0.025591670552563284,-0.03381935562170807,-0.04107140050204028,-0.031183240028583747,-0.0386051012620226,-0.04246627170489048,-0.032277947769569215,-0.02776046703698637,-0.028673659275040175,-0.03808653256279659,-0.02592237039451617,-0.04241326239088444,-0.040804852853841056,-0.03405678143908469,-0.036780803776886806,-0.042310475274807025,-0.05790978785989126,0.07207480811157063,-0.01587920883300259,0.0006054568612162692,-0.037723023816651935,-0.046804078503595636,-0.04341419249949213,-0.03553499308953989,-0.021932358991840817,0.0,-5.154850638700026e-05,-0.04464869387283632,-0.04191689198824733,-0.0054169540363776525,0.0,-5.551115123125783e-17,-0.042401032638333114,-0.03120927607234758,-0.039231294439169895,-0.008402213902295952,-0.04897989054497259,0.0,-0.0472154672754827,-0.04522455353689164,0.0,-0.056549106412135286,-0.039936733167631744,-0.041311079372131465,-0.042786932230117314,0.0,-0.04351650329596618,-0.039169181245228,-0.05029737049341004,-0.07926696305801478,-0.04214496388069988,-0.042653581267609486,-0.04712687866281651,-0.08136930753646382,-0.05052407082452398,-0.06489275040425163,-0.005403692596040566,-0.038824038619036216
-0.0617045026047186,-0.015978890948642244,0.0,-0.06596080448986863,-0.03225271788537437,-0.02365786906294587,-0.04703300983403941,-0.04146741305065149,-0.03439013206252417,-0.040680742520832425,-0.0024404684506552643,-0.035848722265611976,-0.03829916105004272,-0.048962350848847425,-0.03986450951859388,-0.04232235584199101,-0.030568117132602213,-0.06556813857230648,-0.0037658051357106204,-0.016492206480111793,-0.03556834645592011,-0.021551737594625087,-0.008119521435442645,-0.035615132715638376,-0.047511729952679105,-0.03282496009316738,-0.027257011715036472,-0.03732847675439949,-0.010721519655238931,-0.03245100588653049,-0.047511550138782,-0.03780043701155461,-0.05637462672293975,-0.04772050156632768,-0.0448700129136092,-0.04343266357880354,-0.035980459681498156,-0.030184351512169416,-0.05800095219918344,-0.019812605559122842,-0.07335802491211552,-0.030087328538975666,-0.05488280899139614,-0.00982909498267226,-0.0002061417341396865,0.0,-0.0003731554717634755,-0.10641210316477845,0.00022360684582634072,-0.05173243036517422,-0.05908201635173227,-0.05458796619483319,-0.0887954588867999,-0.0428234146923554,0.00636950926211477,0.07067425708542435,-0.008494436920483406,-0.04629099665942282,-0.06470100662450984,-0.07396659932269073,-0.00039211245267811723,0.0,0.0,0.011706766313657191,-0.06641353926876598,-0.0012750832332730222,-0.04957049824205961,-0.04591356232182697,0.0,0.0,-0.044286178228401196,-0.056369797251303255,-0.0565596278039433,-0.08824276154879568,-0.046446076832375616,-0.06809950968750955
0.0,0.0,-0.06596080448986863,0.0,-0.03777257315578236,-0.04847391542538004,-0.0502381947497155,-0.056388412774715624,-0.05536344935234139,0.07076703405019785,-0.03912796306781485,-0.009506068725715355,-0.04315422539687003,-0.015381765594011942,-0.012168883624579796,0.0,0.00014468317918353568,0.0,-0.05542167481706001,-0.05614594825126401,-0.0004096618566744592,-0.02308553163835353,-0.06494427456992247,0.0011395578082651903,0.0,-0.0018141609168775275,-0.055233358673520416,-0.04553710848402909,0.005780278034078934,-0.00015855558006266923,-0.054327437949556856,-0.034948827899917934,-0.03835571504929364,-0.000797670355000446,-0.08677182034807479,0.015137445299974683,-0.0005404462286024703,-0.008526241463753859,-0.000760022438184238,0.0,0.000616992633238167,0.0,-0.00047464611074360397,0.0,0.0,0.0,0.0,-4.4200260079063636e-05,0.0,0.0,-4.3591653428431965e-05,0.0,0.0,0.00010347850025488325,0.0,0.00010593586314194825,0.0,-7.789864778462441e-05,0.0,0.0,0.0,0.0,0.0,0.0,0.0,0.0,0.0,-0.03417669403490925,0.0,0.0,0.0,-0.0044281426705692906,0.00010142702646953605,0.00039892535736973933,0.0,0.0
-0.000171693839401299,-0.021495788123636284,-0.03225271788537437,-0.03777257315578236,0.0,-0.0473379417258723,-0.044987069811402325,-0.07691036111976918,-0.025938464171742337,-0.02671094359768611,-0.024019776122424175,-0.010105024741522306,-0.026593341204009524,-0.03459685259312756,-0.039318962112542544,-0.05843128509015899,-0.033364586038898414,-0.04493820829925044,-0.014458027894400927,-0.018310560285951627,-0.03473369041501395,-0.01655753108496194,-0.054364412252986716,-0.0686736830141178,-0.03977877922811668,-0.027497390419913004,-0.04552429593990509,-0.05700784644006629,-0.031492478114099665,-0.04819804878120487,-0.04045843879111932,-0.10073256145727827,0.0002816612505193161,-0.03682051624534283,-0.03858880834983913,-0.04707048195960445,-0.043589896395873184,-0.041313346238993076,-0.07032805228602274,-0.002680867390186359,-0.04887660592724241,-0.020511197108622925,-0.04587494474936915,0.0001087991586793402,-0.01338674434279824,0.0,-0.015600137383621315,-0.07259177149158791,0.0,-0.07149493572149285,-0.06733581952750639,-0.060027092954265004,-0.06446522088835105,-0.06230560456813078,-0.0005292799478958665,-0.025941828802050704,-0.02282201307930032,-0.05228244772936241,-0.03792903623982791,-0.03366971490808901,-0.0004100694988551923,0.0,0.0,-0.0434820708032827,-0.05931096141280712,0.0,-0.06110090300740839,-0.058702077345250736,0.0,-0.0002627585201255833,-0.03573803628755107,-0.06512572162789088,-0.060277930913483935,-0.08124458285776848,-0.020543033349389672,-0.06626952549950677
-0.04560707609536174,-0.01988283843065536,-0.02365786906294587,-0.04847391542538004,-0.0473379417258723,0.0,-0.027794377250591418,-0.03804428020803435,-0.002104725515527428,-0.0440904364245151,-0.06650493990740108,-0.052616385514593966,-0.01702597388234589,-0.054943304094397905,-0.02604912861366132,-0.0399313621661867,-0.055283015477873954,-0.03056782606184305,-0.01840434340114766,-0.023891954509929925,-0.041425404631263096,-0.0239934111426795,-0.04724117467647393,-0.054837105524468466,-0.025997017697713898,-0.016629357061617334,-0.04465092974855134,-0.02780949842538205,-0.013262413226894587,-0.020047529527987384,-0.03587766213192878,-0.04080977544903536,-0.019410425038645485,-0.03525271647648276,-0.03827328425613985,-0.04712134109343785,-0.036064773357810886,-0.02591418701053888,-0.0707443107607757,-0.028794478881281338,-0.0673802504958641,-0.071891463742763,-0.05161885470519617,-0.08148251701294873,-0.002934759199577308,-0.041914958280585835,-0.02983297920088096,-0.10476239339796611,0.0,-0.060827883534236904,-0.06255095147675654,-0.048244966859041616,-0.04699832698456613,-0.04486207332713943,-0.03349844114403189,-0.012291255486231334,-0.03180779324835703,-0.04601095223599011,-0.0330476232752302,-0.04375035726243387,-0.03517200959022676,5.551115123125783e-17,-0.037482195367045,-0.023128461459634653,-0.05046955918200652,-0.04097360973709491,-0.043442370978201805,-0.05256654130187399,0.0,-0.023751491705290062,-0.03027995090679486,-0.05825753563298791,-0.0591253653794197,-0.0773053073348483,-0.07277586148000409,-0.07108290782338705
-0.043848730790340074,-0.03571398428812278,-0.04703300983403941,-0.0502381947497155,-0.044987069811402325,-0.027794377250591418,0.0,-0.05482172107866207,-0.03149639164842866,-0.010665861875559568,-0.04173980145603107,-0.013734377866604586,-0.0016286419913247308,-0.042359903452498904,-0.048027800615257576,-0.05857966298925693,-0.029975524800721576,-0.04389176546754037,-0.04162627780766198,-0.0441957104506136,-0.04663573518529329,-0.031893936281651436,-0.054126443801651936,-0.02787939003408796,-0.04765799174634683,-0.04121546599732967,-0.04733648145422992,-0.02643611499799653,-0.0389683537579843,-0.009671087516867738,-0.01649824827824181,-0.03130605707900086,-0.010426808163832069,-0.01792128266816434,-0.04517292305325615,-0.027702660236425203,0.0059096699529376795,-0.029383768865360094,-0.0740373051256002,-0.0319669877056567,-0.05577763943010278,-0.07365599524814409,-0.056124793752409086,0.001315730553937411,-0.007044022134169825,0.00013193077584044977,-0.03342741824703971,-0.07276187307184528,0.0,-0.05376876164400801,-0.0704045263822412,-0.05569513258188963,-0.06046049374988427,-0.055751991046228355,0.0023931231691764476,-0.03928122425415953,0.01622532275941624,-0.05453639108838093,-0.04104727614242648,-0.05344025893844273,-0.04552741737872429,1.1102230246251565e-16,-0.0003864102556089266,-0.04238417909821951,-0.06009152594376588,-0.044831153049367634,-0.03345701595826889,-0.06564452887440558,-0.01811283046715817,-0.04572100471967139,-0.049042676871160484,-0.06609540022965804,-0.06679039462550423,-0.07906026978321623,-0.07800965479571259,-0.07084273625106807
-0.04850580849701591,-0.05605466337730003,-0.04146741305065149,-0.056388412774715624,-0.07691036111976918,-0.03804428020803435,-0.05482172107866207,0.0,-0.04205826695462472,-0.05078606658428708,-0.002283513710735652,-0.049859082997156856,-0.04922751575000289,-0.06749963102412465,-0.033927180993371,-0.05178665834344731,-0.05947678758733688,-0.056375947145818006,-0.018871890168990102,-0.03430155399644286,-0.025379473322005408,-0.027813820073449624,-0.03565588069875536,-0.05431484143053561,-0.071890534668684,-0.04128490345398944,-0.05447916298701816,-0.047975815153978085,-0.05306714572755472,-0.042788490604398544,-0.04872331887272785,-0.06189488095581164,0.021035894428010293,-0.04790428558589643,-0.048380513281112036,-0.07067259549893168,-0.024608241928781693,-0.062449245563338696,-0.13981595258297963,-0.04743660096994606,-0.05559012971025862,-0.018937758892875967,-0.10802566842886002,-1.0106473801618776e-05,0.0003225134442639277,-0.015304557614303382,-0.04042287712882092,-0.07653426019927695,0.0,-0.0752061001911648,-0.06469177675834498,-0.05849342949394776,-0.09068455899736227,-0.07171258746757658,-0.013460229197789997,-0.032432831471735646,-1.1102230246251565e-16,-0.05556556575364435,-0.0884458667346445,-0.04881529622329911,-0.03547529606665423,0.0,1.2903947037845587e-05,-0.045863787215330354,-0.0545088021353905,-0.04230568492789444,-0.03864196019463784,-0.040824379618839834,0.00030715861296459757,-0.03379425239344458,-0.049284467241539065,-0.06605030769565473,-0.06038872945177476,-0.06985379973453354,-0.02677602553547037,-0.055021968061449655
-0.02006483314122226,-0.010417170431710643,-0.03439013206252417,-0.05536344935234139,-0.025938464171742337,-0.002104725515527428,-0.03149639164842866,-0.04205826695462472,0.0,-0.042143812252408486,-0.002790181371039646,-0.037906216069590215,-0.015291184994868923,-0.041421187530079284,-0.028436341659998754,-0.03901080042424204,-0.0592732439815814,-0.05804046261900375,-0.0061943659417884045,-0.0097791050159724,-0.027864772768845525,-0.008792784644141127,-0.03675050450019246,-0.04613147013515673,-0.045975137411029876,-0.03482855177622457,-0.015040346363955903,-0.03785337753829138,-0.007228851991239182,-0.02490890987660055,-0.04911559969147661,-0.04170231180876255,-0.036825066498624937,-0.04880485251264732,-0.046426562375674496,-0.05724158897616072,-0.04093337263561153,-0.04396277902144341,-0.0569475823129878,-0.03192360861013638,-0.07212373731459748,-0.07012202587285632,-0.04288631481060312,-0.013397785021721176,-0.02720647245465352,0.0,-0.03605870806234629,-0.0605352202565177,-0.010370190498448006,-0.05010029333011301,-0.052156566074877175,-0.05045642672837081,-0.07809540293184575,-0.04457300575546219,-0.0053541780827661145,-0.008069162226615911,-0.01813435766655419,-0.04874012621572804,-0.043953546924819786,-0.04941563368428081,-0.05734727289187114,5.551115123125783e-17,0.0,-0.029807027436894895,-0.06588392750485994,-0.06835682024466261,-0.042943446589716994,-0.042321083380070124,-0.0016317538513896945,-0.008457972542258108,-0.029620414016301944,-0.05515882249053278,-0.05612746714559841,-0.08801274363134959,-0.0653380017290513,-0.06522247287042982
-0.026414194779530387,-0.03942495112265709,-0.040680742520832425,0.07076703405019785,-0.02671094359768611,-0.0440904364245151,-0.010665861875559568,-0.05078606658428708,-0.042143812252408486,0.0,-0.03334153574478904,-0.0105147355217719,-0.0163254173773964,-0.06032089975730176,-0.03777903691472778,-0.026020933849374595,-0.0446281103581575,-0.03632099655548304,-0.039813486483921134,-0.022098940853774285,-0.06883630984022049,-0.021153298286443745,-0.052668721514091466,-0.012289790702999126,-0.02779894241098163,-0.01994654694496284,-0.04843378874869908,-0.014633359770047816,-0.04519986563550882,-0.011125207305592244,-0.02912661192247412,0.005678061113653432,-0.0017654931803217089,-0.0028009707097984005,-0.020893145219515574,-0.035873588254330846,-0.01595768485311244,0.004560687843256306,0.006505757238182419,0.0011699442553300687,-0.00932649248309192,0.02530551581581464,-0.01058715757168216,0.018392279261549682,0.032956104331351876,-0.025021459873102225,-0.040683003717893074,-0.039478036686721785,-1.1102230246251565e-16,1.6653345369377348e-16,-0.046705751483694546,0.004012369979221164,-0.0013330162240090537,-0.037555185589311146,-0.03536023894447271,-0.02913875937496424,-0.03050416036509007,-0.022755052157137245,0.0,-0.028992734237387352,-0.04162630945679385,-0.053537335294588484,-0.050512959681788205,-1.598612465564253e-05,-0.022115802883650837,0.00020199861714093048,0.004186716115139821,-0.06474844141983294,-0.02150101339953464,-0.05057569527321232,-0.049528941365276524,-0.06730942163962095,0.00017406339873110577,-0.055149090365078535,-1.1102230246251565e-16,-0.03209341699655466
0.0006987886876131943,-0.0006866275759183638,-0.0024404684506552643,-0.03912796306781485,-0.024019776122424175,-0.06650493990740108,-0.04173980145603107,-0.002283513710735652,-0.002790181371039646,-0.03334153574478904,0.0,-0.024826618497303166,-0.037086384132355765,-0.02107212048481355,0.0,-1.2007315182027689e-05,-0.05361287197353537,-0.05154801092178113,0.01273466078122698,5.5184044924661e-05,-0.05401894617650954,-0.026797362803783198,0.03627969825477556,-0.03881551423542562,-0.05014082489710009,-0.042374545751036496,-0.01352492183181514,-0.04279609490152814,-0.051211287443679365,-0.05057884497268017,-0.04323562902592948,-0.02222417622733125,-0.02523672167367469,-0.03746370094174839,-0.0344687158869893,-0.010848627731427363,0.009876306110971678,-0.03920682008315507,-0.031921038605869256,0.0004410526693733319,-0.05606841082101338,-0.016439931271962416,-0.029288061884722327,0.000946028416209832,-0.00801098619806323,0.0,5.551115123125783e-17,-0.043987207363287095,-9.684877861243502e-05,-0.0033691171871075842,-0.03496553533517571,-0.02987007704908934,-0.04038944973578923,-0.024828669159509154,-0.024211577066510226,0.1411028279254825,-0.027330464891042627,-0.03067617491803204,-0.049003169434450544,-0.0005476139919787792,0.0,0.0,0.0,0.14220554737431274,-0.0546140529973973,0.0,-0.025259722037591692,-0.02587583529681403,0.0,0.0,-0.005368740226109059,-0.03936979341114932,-0.05000210267143068,-0.06682477668263276,0.00032541464253799113,-0.02965172470887506
-0.039243528318630316,-0.05054009966568224,-0.035848722265611976,-0.009506068725715355,-0.010105024741522306,-0.052616385514593966,-0.013734377866604586,-0.049859082997156856,-0.037906216069590215,-0.0105147355217719,-0.024826618497303166,0.0,-0.012435418631866646,-0.02682455227344982,-0.024796009885155623,-0.02780752905766143,-0.025293038361234588,-0.032182707159428114,-0.022603839129527237,-0.07419204166017584,-0.06313606651488401,-0.07365550207555627,-0.05653747985155427,-0.023289499410070913,-0.03534786785126803,-0.02734434357971005,-0.02706792793070223,-0.014483195160987505,-0.030253001337541108,-0.017254368973688594,-0.01426951609079885,0.009092490498390504,0.0397916547680886,0.02037050102018917,0.0022457602143822752,-0.011165164889712365,0.016832730867512857,-0.010555804973052585,-0.02012073846993856,0.016058221193502864,0.00960892613150155,0.07075457055277962,-0.04240319036568141,-0.017338737975173324,0.029570773898219993,-0.03539871608684353,-0.029693525977288693,-0.008820141294605621,0.0,0.0004099609665430548,-0.006128210962023928,0.0018279144331294073,0.0,-0.010899236579878568,-0.023292793367484965,-0.017941116223042897,-0.015576237101247947,0.008000868807328532,0.0,-0.0118314999363629,-0.05484182908594509,-0.050110745878941765,-0.04795217404172675,0.0,0.004618444912059927,0.00012212404673034305,-0.041678829026347064,-0.1115243666288726,-0.015819075826259132,-0.044986253963527345,-0.0429567649301158,-0.0845179906413186,-0.03585552460196478,0.018826508235804673,0.0,-0.010758313745562298
-0.051413730642506816,-0.032595767095191075,-0.03829916105004272,-0.04315422539687003,-0.026593341204009524,-0.01702597388234589,-0.0016286419913247308,-0.04922751575000289,-0.015291184994868923,-0.0163254173773964,-0.037086384132355765,-0.012435418631866646,0.0,-0.0349065267535445,-0.04812313751834124,-0.05484337972187081,-0.036419389599387175,-0.044332663361792646,-0.035308967314163164,-0.04060514575739832,-0.0356009475963831,-0.03519323070810293,-0.04343877197674462,-0.029500960877238358,-0.04814465641588278,-0.04311228250099902,-0.03370793291529195,-0.016419435830444418,-0.024589999361937842,-0.000978049656204516,-0.024013342534416893,-0.03000360313170569,-0.0053945246172201755,-0.022653563700871016,-0.0370099591427519,-0.02509723269657438,-0.017996382392634735,-0.023930394989715997,-0.07621490237242112,0.021715768023710003,-0.05422566411370339,-0.06687139320050123,-0.04150668247307554,-0.015272740999495216,-0.015303779892334168,-0.056494856581934705,-0.04956677982994728,-0.07905335253317125,0.0,-0.04919575696591644,-0.06268389861033874,-0.047559497082400926,-0.056543258002169416,-0.06374450796072384,0.013449745179405226,-0.03521826760037572,-0.027602069165520937,-0.04843937678467514,-0.03418070494869552,-0.0380029500745378,-0.04091624675373329,-0.00455374378500345,-0.049542322719837384,-0.04488530302117166,-0.04952306933871209,-0.04607493463112927,-0.037717047732161946,-0.06015467988966583,0.016813927309862364,-0.04037992093364179,-0.048898590923718566,-0.06189042505774528,-0.06744358448569282,-0.07260785539256981,-0.06760368685232193,-0.06704665436175344
-0.036550958440927095,0.0,-0.048962350848847425,-0.015381765594011942,-0.03459685259312756,-0.054943304094397905,-0.042359903452498904,-0.06749963102412465,-0.041421187530079284,-0.06032089975730176,-0.02107212048481355,-0.02682455227344982,-0.0349065267535445,0.0,-0.003821015371484271,0.0,0.0,0.0,-0.022308806022223016,-0.008117665872084956,-0.0347676831878152,-0.011841630355062693,-0.058339270166230084,-0.08243395407733634,9.454374771838969e-05,-0.039783828434125645,-0.06831752194415758,-0.0258986693928539,-0.06534204889060652,0.0002114929209009464,-0.03534078033456489,-0.08509727081140206,-0.006473395906008317,-0.05498376970245317,-0.057855349317501914,-0.019802441393605874,0.016333666991412116,-0.06600647422252576,-0.01284786742142019,0.0,0.0019974219793750803,0.0,-0.02491765261660922,0.0,0.0,0.0,0.0,-0.08444149942508411,0.0,-0.017564580037656485,-0.0577655413954713,-0.04467607978915539,-0.02857692500873593,-0.04469738496627118,0.0,-0.003868151222843119,0.000836066309047645,-0.05469434471606516,-0.018796542971390884,-5.551115123125783e-17,0.0,0.0,0.0,-0.04840158268564232,-0.0011895158541860296,0.0,0.0,-0.05541513388129077,-0.0003523686214211841,0.0,0.0,-0.025310903239204485,-0.07944148928717781,-0.026757378671409038,0.0,-5.551115123125783e-17
-0.028974464187259075,-0.030656863334866225,-0.03986450951859388,-0.012168883624579796,-0.039318962112542544,-0.02604912861366132,-0.048027800615257576,-0.033927180993371,-0.028436341659998754,-0.03777903691472778,0.0,-0.024796009885155623,-0.04812313751834124,-0.003821015371484271,0.0,-0.0366728031781865,-0.03820466544860429,-0.03040900454733969,0.0,-0.03561537088003769,-0.028663867711370916,-0.04096253652134968,-0.04659216768623731,-0.03852101812320147,-0.025507533252696557,-0.039414295266528954,-0.056879685407407066,-0.050565977788930794,-0.04338236463315942,-0.04930831017467835,-0.03477285865697044,-0.03980525189559525,-0.027643070089052646,-0.030017232061045673,-0.03713960024100216,-0.062469176554593775,-0.04723744592839746,-0.01653002714402263,-0.04487802622592019,-0.05067328431114515,-0.046770853147136526,-0.0455888454508489,-0.04144317168794598,-0.0001952575806505319,0.01639964263228416,-0.01395206227506679,-0.06021823816537669,-0.028831694073793712,0.0,0.0,-0.05967815141894045,-0.06753690270174245,-0.08662173936391926,-0.04684516794979371,0.00016112954740565844,0.0,-0.009082680435079427,-0.0620389245958719,0.0,-0.044149953122555374,-0.049961797093475646,0.0005128768667291284,-0.06890557011445925,0.0,-0.03638537256585139,-0.03624468862145758,-0.04923648846953099,-0.05325728269768926,-0.017060508373661076,-0.04886793203098194,-0.05187609827955647,-0.06577360527979575,-0.05988285639551988,-0.05408042645836131,-0.048007901322236424,-0.04676953775805737
-0.020548643227639496,-0.045872610623515886,-0.04232235584199101,0.0,-0.05843128509015899,-0.0399313621661867,-0.05857966298925693,-0.05178665834344731,-0.03901080042424204,-0.026020933849374595,-1.2007315182027689e-05,-0.02780752905766143,-0.05484337972187081,0.0,-0.0366728031781865,0.0,-0.03399512271348398,-0.030767093860222194,-0.05838971507407681,-0.054768813479233736,-0.04264263531463908,-0.04779725525189005,-0.04583943390077283,-0.025370128369453016,-0.02901888121063495,-0.027082326301686444,-0.04194370321852953,-0.0520050400123116,-0.04879174041622131,-0.04862804657374531,-0.03425294101413828,-0.027472499545451667,-0.0270271864157004,-0.03658957896593584,-0.05321826234757682,-0.11433630052251148,-0.006896883326382719,0.03543138859599615,-0.028202091099230886,-0.03374762924449198,-0.04318704698018738,-0.03775125701838056,-0.01905202626663266,0.0,0.0,-0.04576112391392856,-0.03899777377135316,0.0,0.0,0.0,-0.053476388522761154,-0.024339466451095748,-0.06167343767515859,0.0,-0.04675671079754412,0.0,-0.05865905215411177,-0.05578067064844966,0.0,-0.04162763684839027,-0.03381919769560515,-0.050880779849235835,-0.03803417118883623,0.0,-0.053373773803437496,-0.04740401986796983,-0.04850615685494314,-0.06329175280968052,-0.04267518639611173,-0.03834714671888767,-0.044312058690660516,-0.08550234102623305,-0.03588277923761507,-0.055039792195378356,0.00023044238886194002,-0.033577585425434375
-0.053852216859431146,-0.04899532200682627,-0.030568117132602213,0.00014468317918353568,-0.033364586038898414,-0.055283015477873954,-0.029975524800721576,-0.05947678758733688,-0.0592732439815814,-0.0446281103581575,-0.05361287197353537,-0.025293038361234588,-0.036419389599387175,0.0,-0.03820466544860429,-0.03399512271348398,0.0,-0.029069824348294748,-0.049920170138457676,-0.04927242127643455,-0.07626881864030166,-0.04858464162440579,-0.058632522692161626,-0.04172598070998118,-0.03950306425221706,-0.015659626592679776,-0.04308754145983151,-0.04141183217980099,-0.05132775324091926,-0.02999765135335003,-0.040741900523937336,-0.03110720928329369,-0.03457262504666647,-0.026801879961313335,-0.036756650159158355,-0.011165900037951648,-0.00018165162070465923,-0.023710932384282235,-0.053578628016428376,-0.03522048630278013,-0.043966776123315454,-0.06549849873802543,0.0,0.0,-0.06420544502982894,-0.04381838773487795,-0.04454443442181433,0.0,0.0,1.6653345369377348e-16,0.00036082727714414897,0.0001431176854904126,0.0,0.0,-0.04711359247608138,-0.00025399547364052255,-0.04843970958392191,-0.023813924599236647,0.0,0.0,-0.0447960007802512,-0.0565722833750571,-0.05694584280396492,0.0,-0.030801536171693622,-5.551115123125783e-17,-0.03924426480373305,-0.001630382071455161,-0.03461545999782295,-0.054000357124838194,-0.05449307560481381,0.0,-0.04238018734927956,-0.03238393039792892,0.0,-0.03891819959651199
-0.030419901906254376,-0.05653937761939587,-0.06556813857230648,0.0,-0.04493820829925044,-0.03056782606184305,-0.04389176546754037,-0.056375947145818006,-0.05804046261900375,-0.03632099655548304,-0.05154801092178113,-0.032182707159428114,-0.044332663361792646,0.0,-0.03040900454733969,-0.030767093860222194,-0.029069824348294748,0.0,-0.06809977057385308,-0.033099133065946806,-0.0542160495155411,-0.040641451106959825,-0.04228380748643096,-0.02664274500959396,-0.03422221261345154,-0.024917173310273377,-0.0353840574969016,-0.04684589091147373,-0.03603758075234831,-0.06342667871330188,-0.04346489718953095,-0.028693809454375052,-0.033844494982674556,-0.031209517025287847,-0.03796393824763433,-0.004809621657295482,0.0,-8.465764979315171e-05,-0.03909451710216161,-0.03482795775613656,-0.04939614180343532,-0.037356329014066825,5.551115123125783e-17,0.0,-0.12294966633974819,-0.03724998181218725,-0.03920132972741919,0.0,0.0,0.0,-0.05571149550944138,0.0001344022734937056,-0.03458729757942364,0.0,-0.04893971352781312,0.0,-0.061926103035390534,-0.04441343984590268,0.0,-0.03829830108407045,-0.03412779075804806,-0.0560799952091815,-0.04556887791981068,0.0,-0.026647942738731556,-0.056634158820660974,-0.04005696400622316,-0.04494615639600885,-0.03015396070208337,-0.04207007022806103,-0.04824713609382758,-0.058579693660767096,-0.05391148669993112,-0.030854712074626367,0.0,-0.04542863283850218
0.0,-0.025591670552563284,-0.0037658051357106204,-0.05542167481706001,-0.014458027894400927,-0.01840434340114766,-0.04162627780766198,-0.018871890168990102,-0.0061943659417884045,-0.039813486483921134,0.01273466078122698,-0.022603839129527237,-0.035308967314163164,-0.022308806022223016,0.0,-0.05838971507407681,-0.049920170138457676,-0.06809977057385308,0.0,-0.027631607897926624,-0.028675020956509922,-0.0464903140338227,0.04253877804157935,-0.029724496512235243,-0.08594107844566323,-0.038217753558465684,-0.02233708475409879,-0.042166228305649145,-0.02255681782750596,-0.05460738939500043,-0.04770321736092398,-0.032247877303675676,-0.038112552298116165,-0.0445261109870414,-0.03959741667835559,-0.03389602356208138,-0.03477708766999815,-0.03667741808622349,-0.045688599466931934,-0.019101886420999248,-0.059818643665104365,-0.00753525879929795,-0.034474733324611484,5.551115123125783e-17,-1.6653345369377348e-16,0.0,5.551115123125783e-17,-0.12917862134186942,0.0,-0.05944576894550602,-0.04759315684774629,-0.047360318602047646,-0.07225185999163153,-0.04566966599542116,-0.0010209047007895267,0.08992419828602455,-0.0009209857259233623,-0.04498879717582266,-0.02387887608246675,-0.03645489016944864,0.0,0.0,0.0,-0.029015730913980797,-0.08790978702223051,0.0,-0.08350753456642435,-0.031143330725948104,0.0,0.0,-0.011541289942270716,-0.05539813584887582,-0.050546004329472094,-0.09362966162481062,-0.0018377025981103357,-0.052568771217041954
-0.04291978802724844,-0.03381935562170807,-0.016492206480111793,-0.05614594825126401,-0.018310560285951627,-0.023891954509929925,-0.0441957104506136,-0.03430155399644286,-0.0097791050159724,-0.022098940853774285,5.5184044924661e-05,-0.07419204166017584,-0.04060514575739832,-0.008117665872084956,-0.03561537088003769,-0.054768813479233736,-0.04927242127643455,-0.033099133065946806,-0.027631607897926624,0.0,-0.045802854293469586,-0.04101236959873045,-0.031894752677888716,-0.05699931707805489,-0.03804115506318356,-0.031099512822815922,-0.04795428912135652,-0.04063421546743751,-0.03239933318743432,-0.054792447020412305,-0.035201253482120054,-0.03832049409933452,-0.03698488314174009,-0.0382484364093022,-0.04865950522621787,-0.050576591050698894,-0.036044294904095664,0.008744748362594257,-0.05545298666775228,-0.060569156624303955,-0.05131762295755676,-0.05207923858026886,-0.11915913395900468,-0.0007904898367399604,-0.006764640768673114,-0.02755791054508433,-0.05760603645738793,-0.052530289671281594,0.0,-0.012924016289529161,-0.07415878040938562,-0.08798759084161856,-0.07554674358065766,-0.05240878695287432,0.00260075858318648,-0.03184752709412669,-0.005776041160086509,-0.07265510606997927,0.0,-0.03882729373448962,-0.05250494278376311,-0.005875785156079949,-0.04674166401169255,-0.015599184591966075,-0.045783092150160576,-0.049685167658120755,-0.04251604929371228,-0.06195200588869931,0.0027460047968836387,-0.046172364498245244,-0.051673968806973,-0.0659462258206267,-0.0674013424973795,-0.05789885908732495,-0.0528341720311179,-0.05239656064472259
-0.056964594349621644,-0.04107140050204028,-0.03556834645592011,-0.0004096618566744592,-0.03473369041501395,-0.041425404631263096,-0.04663573518529329,-0.025379473322005408,-0.027864772768845525,-0.06883630984022049,-0.05401894617650954,-0.06313606651488401,-0.0356009475963831,-0.0347676831878152,-0.028663867711370916,-0.04264263531463908,-0.07626881864030166,-0.0542160495155411,-0.028675020956509922,-0.045802854293469586,0.0,-0.0443230969365091,-0.04684029463488798,-0.0599876401513586,-0.05892712349692397,-0.0382234107136441,-0.04463545122473861,-0.04045323109329729,-0.04638485548185067,-0.038788656890274775,-0.035958253374796634,-0.04090784547586784,-0.035528954114031897,-0.036203056651752386,-0.04769313656956564,-0.03210206785333114,-0.02827255154688607,-0.058040802999059005,-0.044429383089172825,-0.03677677611706226,-0.05005616876989971,-0.038272781213549656,-0.0461660435086122,0.0,0.0007912674240649897,-0.03774261806356427,-0.04923678189012859,-0.0009033868675152323,0.0,0.00017308027732110265,-0.08121954651732455,-0.04319325591526735,-0.04880168541202823,-0.017186741772863612,6.3911874987721e-05,0.0,0.00364712541312201,-0.05126254490205734,0.0,-0.045113793968497795,-0.04699446388716483,0.0,-0.08376209633509174,0.0,-0.042538052553431016,-0.002995438398643857,-0.052179387672903366,-0.051155620012343306,-0.022253992189432914,-0.04231116508502775,-0.04434524067709089,-0.057110386571403604,-0.052505543887292117,-0.06688722942510172,-0.032315899940874526,-0.044147547795215236
-0.044759989667071065,-0.031183240028583747,-0.021551737594625087,-0.02308553163835353,-0.01655753108496194,-0.0239934111426795,-0.031893936281651436,-0.027813820073449624,-0.008792784644141127,-0.021153298286443745,-0.026797362803783198,-0.07365550207555627,-0.03519323070810293,-0.011841630355062693,-0.04096253652134968,-0.04779725525189005,-0.04858464162440579,-0.040641451106959825,-0.0464903140338227,-0.04101236959873045,-0.0443230969365091,0.0,-0.044927780752448576,-0.06481095647934698,-0.044270395990102296,-0.04249427004409828,-0.027340521896371428,-0.04726567887779709,-0.04655265807747638,-0.05630124207653614,-0.034245730641793315,-0.03515630801883107,-0.03866036085398833,-0.03648589858080459,-0.04909664921473872,-0.04772558148120942,-0.044554719243567076,-0.021708179361903834,-0.05093406792074334,-0.057111802659550404,-0.0603844131907772,-0.050120457440196275,-0.011380754592168918,0.0,-0.016514579536429375,-0.05327095018099731,-0.05887549163682432,-0.03071055550675189,0.0,0.0007534182504352338,-0.058722274494099225,-0.04968301639018885,-0.04077049694254403,-0.03644288371762433,-0.02936176833777765,0.0,-0.036317902833712834,-0.05289950798707238,0.0,-0.04442327506581373,-0.05501269762527772,-0.04272945882975138,-0.04899369295650852,-1.1102230246251565e-16,-0.04378628638662624,-0.044677218848806044,-0.05667369329851257,-0.06496628664885068,-0.07320648731493479,-0.045647698440116624,-0.06287347133013443,-0.07417375383266911,-0.06611497711138464,-0.057538446622581785,-0.04225725332158525,-0.058141275578373286
-0.050815472070121825,-0.0386051012620226,-0.008119521435442645,-0.06494427456992247,-0.054364412252986716,-0.04724117467647393,-0.054126443801651936,-0.03565588069875536,-0.03675050450019246,-0.052668721514091466,0.03627969825477556,-0.05653747985155427,-0.04343877197674462,-0.058339270166230084,-0.04659216768623731,-0.04583943390077283,-0.058632522692161626,-0.04228380748643096,0.04253877804157935,-0.031894752677888716,-0.04684029463488798,-0.044927780752448576,0.0,-0.052680108778003554,-0.05645537580973686,-0.03534766291260899,-0.0399855756930107,-0.03901107983487201,-0.048368235875544396,-0.03513293905958509,-0.039981016045826545,-0.043930060211122834,-0.03658681119639079,-0.04331117043019089,-0.05679039376161776,-0.06157165707694906,-0.03389192811474884,-0.03220137473906087,-0.07460354866576852,-0.08831223322025139,-0.06409048448496679,-0.07403121199420243,-0.061744951337642684,-0.03395726507597269,-0.10355944053814226,-0.02967604222072029,-0.05257167812655483,-0.06279012085341945,5.388862698646468e-05,-0.06011907552165374,-0.06749184489119814,-0.052024509680406505,-0.05926033783679807,-0.055153123515938485,-0.045110306172714665,0.006566711383688806,0.001021723642862793,-0.04925789288223886,-0.0692900079831637,-0.055754512845575976,-0.06043701792280304,-0.01852624311573492,-0.046242507294389,-0.0013753166619506763,-0.05958059157885054,-0.04801288252167485,-0.05792033214765718,-0.05205551347165527,-0.01856751497461756,-0.06840771405354673,-0.05595621543681084,-0.06080704827823796,-0.06849625705498835,-0.08001937546280224,-0.0642524705330117,-0.06004403445615636
-0.025784409269941688,-0.04246627170489048,-0.035615132715638376,0.0011395578082651903,-0.0686736830141178,-0.054837105524468466,-0.02787939003408796,-0.05431484143053561,-0.04613147013515673,-0.012289790702999126,-0.03881551423542562,-0.023289499410070913,-0.029500960877238358,-0.08243395407733634,-0.03852101812320147,-0.025370128369453016,-0.04172598070998118,-0.02664274500959396,-0.029724496512235243,-0.05699931707805489,-0.0599876401513586,-0.06481095647934698,-0.052680108778003554,0.0,-0.03274841088925373,-0.02020795603727149,-0.057892994354037164,-0.03165899126150823,-0.08151072433190171,-0.047679473976106834,-0.04528107487128491,0.006778893517217166,0.0020669001004602894,0.002647892608539648,-0.006864512856731009,-0.055329521233554724,-0.0041232866330870865,0.02879871119767613,-0.029785414485157924,0.020242137003123384,-0.008627705731039603,-0.003076008572373612,-0.027469247702794963,0.004368235119280528,0.035494120676616725,-0.028552103650305416,-0.03314659563562339,-0.0001155928296089348,0.0,0.0,-0.017230677072386957,0.02212994439367999,-0.0003178133778054537,-0.0025638966522461004,-0.031357886633665844,0.0005240049914545519,-0.030430003658127036,0.020224793606679503,0.0,-0.02700556543841004,-0.04115588567737344,-0.060381466735981604,-0.053156143088568086,0.0,-0.01323465830287357,-0.05404291042800369,-0.031102822648093054,-0.07811073471285718,-0.044490625811942186,-0.05073320076244753,-0.05038611629034878,-0.04080787748375336,-0.04184969918070214,-0.020389529673052853,0.0,-0.031044195816497366
-0.030480743830470225,-0.032277947769569215,-0.047511729952679105,0.0,-0.03977877922811668,-0.025997017697713898,-0.04765799174634683,-0.071890534668684,-0.045975137411029876,-0.02779894241098163,-0.05014082489710009,-0.03534786785126803,-0.04814465641588278,9.454374771838969e-05,-0.025507533252696557,-0.02901888121063495,-0.03950306425221706,-0.03422221261345154,-0.08594107844566323,-0.03804115506318356,-0.05892712349692397,-0.044270395990102296,-0.05645537580973686,-0.03274841088925373,0.0,-0.025445253309111904,-0.04074461499589638,-0.052596637009268254,-0.04086360112918108,-0.05694045614344456,-0.04378661299202474,-0.019536978140346717,-0.03114166109876637,-0.03210670367506979,-0.041837370066984236,-0.04242993126137923,0.0007206128157544733,-0.004619054114027854,-0.035024455431596935,-0.0381036868571325,-0.047496974134642655,-0.03866691833353597,0.0009799634898002285,0.0,3.033989344758403e-06,-0.03966041082817945,-0.04004139452723893,0.0,0.0,0.0,-0.05009893917186803,-0.019176802433644946,-0.05561387499442905,0.00011403579436519706,-0.0460197931762531,0.0,-0.050733225330551524,-0.04248390219423753,0.0,-0.03330212461195048,-0.03807925742748952,-0.05714901756216112,-0.04971052097123396,0.0,-0.030364240280546406,-0.03700243232061823,-0.042965843657780944,-0.04866901668369822,-0.0388442189191483,-0.045540294044180585,-0.04899137442739576,-0.049003092292856154,-0.02968212165671369,-0.04300960082125793,0.0,-0.04403638165421642
-0.023209597522643066,-0.02776046703698637,-0.03282496009316738,-0.0018141609168775275,-0.027497390419913004,-0.016629357061617334,-0.04121546599732967,-0.04128490345398944,-0.03482855177622457,-0.01994654694496284,-0.042374545751036496,-0.02734434357971005,-0.04311228250099902,-0.039783828434125645,-0.039414295266528954,-0.027082326301686444,-0.015659626592679776,-0.024917173310273377,-0.038217753558465684,-0.031099512822815922,-0.0382234107136441,-0.04249427004409828,-0.03534766291260899,-0.02020795603727149,-0.025445253309111904,0.0,-0.023309376169930562,-0.047429863169668685,-0.03894285148405269,-0.07222236666950577,-0.023602960533611494,-0.022528737341703853,-0.020338361583118192,-0.019954637831617994,-0.034432267747673384,-0.044232538817058076,-0.043956176324386975,-0.030220859515393717,-0.03204327599480916,-0.03871113249959851,-0.033593806808515425,-0.02838331240028108,-0.06213539447932187,0.0,-0.04058069059582814,-0.02545420111758301,-0.043279259255282754,-0.05290310603531412,0.0,-0.0003827356261895676,-0.048701995200570614,-0.05538638781741578,-0.060359811609623615,-0.03137036783637959,-0.04917591069566163,0.00011712181708994907,-0.05329128935852462,-0.04753218372068824,0.0,-0.042868535894302784,-0.034628707226002364,-0.05321358052998426,-0.04365671459217968,-5.551115123125783e-17,-0.0317348085169763,-0.03707094483856904,-0.05107034419222961,-0.06883657248079444,-0.01593445046721642,-0.036634502524701074,-0.043593257876237856,-0.06487712984841632,-0.04630148787970029,-0.047576618371421076,0.00012530807187266513,-0.03643701271155436
