0.0,0.012348170800504543,-0.02195534106497571,0.0,0.00027626295416399715,-0.017071306802505848,0.002083048937668419,-0.024462002415340633,-0.02571086163881947,-0.040326439342228126,-0.0006310514904981357,-0.04171101996587567,0.002273238851980275,0.007092195554103009,-0.005737691283248192,0.01850857133527961,-0.013045833680426389,0.02726045641433622,0.0,0.013683523141960585,-0.021233041691975985,0.020996118727293345,-0.02171532067590054,-0.027110588144650283,0.016845435301903022,-0.0022404746049974333,8.07392841477017e-05,0.0003767957085201723,-0.01817993582442079,-0.0032108689584494643,0.006863438805559063,-0.003572727106622653,0.025926068684121506,0.0007843678736766391,-0.02785356018054541,0.0014148774132259345,0.0,-0.0502669454992381,-0.013182070576461702,-0.02175363700574673,-0.0217863462399151,-0.02291862128456651,0.0,0.0,-0.027465317041574677,-0.0025951175978092267,0.009195110425711472,0.0,0.0,0.0,0.012769397753857936,0.0,-0.0061193631969544415,0.0,0.00012706299697529122,0.0,-0.11234692093072046,-0.007916912686609878,0.0,0.0017936282159908834,0.002874064476946492,-0.06643735686755442,-0.001171872285633424,0.0,-0.02918349868328568,-0.023776935967362245,-0.0035731986155973505,0.02381795633346423,-0.0993057256596527,0.0008457128906877442,0.003088588710499107,0.030854332061409417,-0.0005841124443189405,-0.0035278007880630846,0.0,-0.0028187704589203166
0.012348170800504543,0.0,-0.008069809156031171,0.0,-0.0029883347909618885,0.002646512187185812,0.003540995479333675,-0.027463322161335124,-0.005600473438832743,-0.017954426537757695,0.001008016324527794,0.00011464292955820632,0.018733698856491787,0.0,0.0029035265475469973,-0.010547186650224694,-0.011715624652261447,0.006002512997541565,-0.0024626137616329258,-0.0032105371751131595,-0.0065789397977325526,-0.005399163612934299,-0.006287801809317373,0.00021045068378783283,-0.00011763728588870537,-0.013975738590895181,-0.012796799141731319,0.03183015198431094,-0.0007753361249746571,0.019613202169461885,-0.018880109005351364,-0.0162099446672323,0.0033400426634654368,-0.029547795492464723,-0.03802784515068819,0.0014436650078774593,0.002139551581085586,-0.00036047173207687244,0.0037240830914005985,0.017269163567411705,0.006778195763988026,0.004719131507307572,-0.026944186154134853,0.0,8.294381852569366e-05,0.02867633119915175,0.013253464470696863,-0.0010889852192305094,0.0,-5.551115123125783e-17,0.011093054766116772,0.00010335967609692576,-0.012149694276485434,0.0061390165860205625,0.0013509268897038407,0.0,-0.003877071107042107,0.007103333164524106,0.0,0.01699463374148663,0.02016533304715623,0.03168846213983062,0.01915811452030186,0.0,0.006003737459886194,0.02371797475863685,0.006443453049440606,0.015020119367682216,0.002367307881830538,0.01524440071246369,0.021107976935076878,0.012050628208736425,-0.013526318279657945,0.002482064039394105,2.2102409184654448e-05,0.012205121298676458
-0.02195534106497571,-0.008069809156031171,0.0,0.008042226407623143,-0.020200812778772614,-0.03238220683132792,-0.018679123210778636,0.010013985746950282,-0.011050619761690805,-0.0002484460429711399,0.0057048317682201755,-0.0012112605529913112,-0.010090097196707337,-0.009759028989258789,-0.021563462119723764,0.004314848922135628,-0.008706524804490523,-0.0012816025987770208,0.0018389928342505968,-0.05339463646960324,-0.01453133364817244,0.012630758024382072,0.017433165447020227,-0.017268001399606492,-0.022313527170395864,-0.005544542818453568,-0.03185398986009075,-0.008668615114932388,-0.0018556180633041985,-0.007440231399149955,-0.008519422026662504,0.0004604780807940245,-0.05349134070434425,-0.010819350981935316,-0.013431660027475645,-0.004590529727339865,0.009145370081040216,-0.01698982020158163,-0.009505156753557398,0.0015415626019203987,-0.0017730114801894903,0.003257118364722089,-0.00018291280232202167,-0.0038769684505770563,0.00021089332660784166,0.0,-0.006646449131032628,0.07905148127210965,-0.00035979326931484534,0.014650842845365109,-0.019068726667910152,-0.00033322423582082816,-0.01304278130169001,0.028431226991497027,-0.01374999011941691,0.0618615454656416,-0.003771430001685727,-0.02020441827100994,-0.027389720510889504,-0.006761885451566918,0.0006309262168005536,0.0,0.0,0.117549086291042,-0.02272201548397912,-0.01715130378925578,-0.0020583201600957723,-0.006257956790034269,0.0,0.0,-0.024376061953591655,-0.0012442065922718681,-0.015640608038086756,-0.038750044241081805,-0.00539557461017981,-0.03621390483988973
0.0,0.0,0.008042226407623143,0.0,0.01931810751822749,-0.0009928282111213993,-0.022712100668083768,0.017929895476443414,-0.026444267059021753,-0.011237143027680085,0.008116563007765532,-0.012112206477426779,-0.038140495541091834,0.05869239947331051,-0.00569640514860581,0.0,-0.0003174781589903586,0.0,0.001220840179041005,0.01018234821108005,4.96153448382719e-05,-0.007717662328710406,0.0010112693853793764,0.0017811814050415764,0.0,0.0026564712365954035,0.0018811746958448672,-0.04551239474032187,0.017914338169823685,0.00025512291588386526,0.03298666528858585,-0.06369692040232039,-0.03953666768915498,0.035177379225990346,0.012710786583924438,0.03275488296184559,-0.014347958258654814,-8.233716317512796e-05,0.0012229095973158577,0.0,-0.00099276833781764,0.0,0.00020286144482600799,0.0,0.0,0.0,0.0,7.112016637828011e-05,0.0,0.0,7.014089145529478e-05,0.0,0.0,-0.00016650146721969294,0.0,-0.00017045547240129855,0.0,0.0001253423572882273,0.0,0.0,0.0,0.0,0.0,0.0,0.0,0.0,0.0,0.005523956768078153,0.0,0.0,0.0,0.00852687288118742,-0.00016320055549057244,-0.0006418884806946301,0.0,0.0
0.00027626295416399715,-0.0029883347909618885,-0.020200812778772614,0.01931810751822749,0.0,-0.04502261338375069,-0.027614871235435046,0.006093932279502057,-0.01675608344478685,0.021360689366352714,-0.002935461405980555,0.027602678457286978,-0.007972517020333192,-0.0006835032267626939,-0.00625437741654189,-0.023643948310299145,0.004700403448941126,-0.006807434313728822,-0.015280146679548745,-0.006549703098866377,-0.010478755867930789,0.014423395533076255,-0.0025461198556062103,-0.008435513270726225,-0.02071730625480822,-0.002858484239990522,-0.01483930459016658,0.0338800287074385,-0.02044153333968135,0.0019458231457604724,0.01602553811424312,0.029971406928805566,0.010676658870988065,0.021657567203605954,0.005495726622869401,-0.004463709813379735,0.026873437839556702,0.00386035113913602,-0.03008814101618551,-0.02330586783585714,-0.008231301420030868,-0.029328994613302906,-0.008798980816858093,-0.00017506264110672687,-0.007358866861685132,0.0,-0.021313253616472905,-0.005136723691344214,0.0,0.00528963171270197,-0.018596000026929904,0.0015274851725792793,-0.019983331581075625,-0.0031724797393422044,-0.00021434756380611653,0.007950193817197804,-0.007181604946770281,-0.022893110710446085,-0.024459961881488967,0.010856002631063233,0.0006598198954684831,0.0,0.0,-0.010887487674204388,-0.009548083506500715,0.0,-0.02087017773350458,-0.009979390476386851,0.0,-0.00915381359608386,-0.025959197839769077,-0.011256180951411343,-0.018011356081830687,-0.032413557954618255,0.004001577966673664,-0.0072676661323808345
-0.017071306802505848,0.002646512187185812,-0.03238220683132792,-0.0009928282111213993,-0.04502261338375069,0.0,-0.018854257679156605,-0.027707545642162046,-0.013853558281076983,0.005082102186225901,-0.0013638660273051495,0.00819192789507861,0.00518279749864925,0.003022341024643105,0.011883057520851115,-0.010698890060442723,0.007087142780565436,-0.006331998361454039,-0.01798894285366398,-0.004270571046454397,0.005351032699357106,0.010124661204920782,-0.025773145196589187,0.003930579003883494,-0.003104651991950924,-0.018248282550846873,-0.019615149204387394,0.009068838593942252,-0.019200822220228453,0.0133002292891225,0.002933302670286464,-0.01104268934509034,-0.005338009247382924,-0.007042770443538016,-0.013147444768480288,-0.007429305280934828,-0.003255163289401619,-0.011130494485405484,-0.014151777088970752,-0.032397516530936754,-0.024124931050164056,-0.014869270109812094,-0.017070412481099473,-0.09440502578455068,-0.0030321773565112897,-0.013963357669226684,-0.011202581579713267,-0.02742569131179351,0.0,-0.026498883205170687,-0.03262716075319533,-0.022936933536033266,-0.045144171196038585,-0.025922836531450888,0.0005263310184455694,-0.04132746173705254,-0.006201160855531851,-0.023573608312047245,-0.023913946586777368,0.01080895809474497,-0.010970146939054792,5.551115123125783e-17,-0.014089283534226227,-0.03660928566161026,-0.002227986318339925,-0.00819378200053339,-0.0045262043471870905,-0.024279647067463994,0.0,-0.014547206910105304,-0.009096102378561344,-0.019191918964877375,-0.021480260017044728,-0.014483293407704101,-0.018696498997350153,-0.02129020639971274
0.002083048937668419,0.003540995479333675,-0.018679123210778636,-0.022712100668083768,-0.027614871235435046,-0.018854257679156605,0.0,-0.02116971512078164,-0.013303294530073007,0.015813370592891285,-0.0025858001562441557,0.0226369207376923,-0.011164799775181367,-0.003174823718154862,0.0029475062976143107,0.0023441585257726327,0.004324207563210503,-0.0003997360845092168,-0.01209726500206837,-0.002587292384305051,-0.007001820044205187,0.0187218028458655,-0.008251223572064537,0.01969167403443134,-0.001908268437794347,-0.012065292163625674,-0.012794251277803592,0.025192033515573253,-0.007621939009946566,0.0060942477301668685,0.02046200801655773,0.004772199459266324,0.0038529983364721243,0.009167431117914848,-0.02069660788273936,0.0053673878430203215,-0.038738410352648356,-0.0167862004775719,-0.003168356750937129,-0.007825283403215089,-0.04523916294154423,-0.03250919254940793,-0.012029329390979226,-0.0010803564201784521,-0.006198588935494409,0.0001274770200915265,-0.019463548038128997,-0.02019224468846814,0.0,-0.01270269807227542,-0.025925073819962174,-0.01492007541239404,-0.0079495582594169,-0.014226521652579205,0.030514765353781226,-0.01743619436175836,0.0007498292867195722,-0.022156445239341294,-0.0019916598975664446,-0.012099494791540433,-0.023332675685713733,1.1102230246251565e-16,0.0006217511304200674,-0.011788729921998975,-0.016566227316017756,-0.01619756153326074,-0.013218100037560632,-0.021443515716576766,-0.006869330151490383,-0.014419600026840229,-0.014154234939592614,-0.0190673881741229,-0.022879735874333007,-0.01805854989420208,-0.0007974353173879623,-0.014273760507216904
-0.024462002415340633,-0.027463322161335124,0.010013985746950282,0.017929895476443414,0.006093932279502057,-0.027707545642162046,-0.02116971512078164,0.0,-0.01166395394328068,-0.0125292959230352,0.008063096896581023,-0.027494430210211696,-0.01594195084091593,-0.0009227020106750694,0.011706325533717699,-0.005338947916953551,-0.006750490696626921,-0.00225502810829592,0.0029608263645163335,-0.0015860781248608902,-0.005400087613312066,0.0016370744270809978,-0.01897546645449777,-0.030373604004040322,-0.015373390967536926,-0.025796640918663127,-0.02614684024793329,-0.013759310497366117,-0.014383030501047833,-0.004668427872652037,-0.013831698440180229,-0.05003751755820984,-0.0022886732759281325,-0.02673499659571682,-0.03126303713411066,-0.02964743988366242,-0.03943609321937991,0.012879307319524913,-0.009142006240382639,0.014690055836027338,-0.01896412290510202,-0.04170734649785007,-0.06815242834412238,-0.0016860766953672446,-0.00024485904988374996,-0.003222511750227308,-0.006468944234644891,-0.02116615874066352,0.0,-0.02499936641767264,-0.0323511316309435,-0.031379772346845136,-0.06685715103521112,-0.019073049808546072,-0.010094679711178,-0.036421169050959656,-1.1102230246251565e-16,-0.032035957580432484,-0.027577327670354257,0.005357377540023522,0.013571006041054046,0.0,-5.565702655085936e-06,-0.04199779066564446,0.019476005445284827,0.018596808368452566,0.024223895518075467,-0.015786485256631455,-0.0011091241985377587,-0.0184502718546129,-0.00620366571676384,-0.011340264453702176,-0.022698902296077295,-0.0026859390511568826,0.006680355663877202,-0.01654366921992534
-0.02571086163881947,-0.005600473438832743,-0.011050619761690805,-0.026444267059021753,-0.01675608344478685,-0.013853558281076983,-0.013303294530073007,-0.01166395394328068,0.0,0.009984651953383383,-0.015372173082277008,0.020881068540177405,-0.01699776744317727,-0.015742658600455484,0.010993099572432607,-0.030554502010017803,0.0015213032722849462,-0.02037059738637592,-0.006147591110787609,-0.0008161346944787762,-0.029192392354350893,0.010494626310622812,-0.0027098614789340947,-0.010000417537988082,-0.03776854712487515,-0.044134950402134665,-0.02253812471961708,-0.008335577006643335,-0.006437588850318199,-0.013895092994747504,-0.0067809861466310295,-0.0019476977020201347,-0.019021336211819118,-0.007588772774420938,-0.015202340881543042,0.0060306127059205905,0.003787226799236376,-0.011388054193265551,-0.054579290501427735,-0.024613561794334826,-0.016585334543556374,-0.07258792320710483,-0.008409282655450823,-0.012613566788523767,-0.00031451955662054054,0.0,-0.009655213890510106,0.008178159558167142,-0.003694911276938495,0.0014831432825445079,-0.02553834322295845,-0.01004181295591089,-0.025331865035340018,-0.009821338156239534,-0.012836701642659487,0.005358923738957799,-0.005577199103959596,-0.022558305670878354,-0.019593564442942246,-0.008173491091842344,-0.01995544388018672,5.551115123125783e-17,0.0,-0.01940363208392959,-0.008447836932510444,-0.003974630692383629,-0.016512471414006857,-0.018217956067495322,0.001311571533991085,-0.030461719803459797,-0.021489826917312993,-0.01961721605858957,-0.023301539642431424,-0.03267160220488785,-0.00756010961435738,-0.021553259308371042
-0.040326439342228126,-0.017954426537757695,-0.0002484460429711399,-0.011237143027680085,0.021360689366352714,0.005082102186225901,0.015813370592891285,-0.0125292959230352,0.009984651953383383,0.0,0.01997454591954867,-0.008027080980173962,0.02172224201423173,0.04138738419178645,0.013254075013862832,0.011498175935446775,-0.008478963151067276,0.010394288647932015,0.008876959027966813,-0.02956740474407199,-0.006031554080570156,-0.022700892488040747,0.0006365977504892983,-0.013171436810372972,-0.0014052459432860598,-0.003009175406537723,0.004546706684788404,0.007899330333411725,-0.01245977183163094,-0.005094866419366795,0.009686927284542735,0.03294576226957707,0.00751102155185257,0.0039967529914352595,-0.03196285248435071,0.061947302348001,0.03852474354367219,-0.014245376425937484,0.031766064607199385,0.05486756266251652,0.02341278268490271,-0.012246359323859868,-0.017217102784446325,-0.0033844065737999585,0.004815757861498127,-0.0016961649914302712,0.017680447390768295,-0.00734140298932584,-1.1102230246251565e-16,1.6653345369377348e-16,-0.011898854358313837,0.014612602183868062,0.0009621112902428175,-0.00020841531250093137,0.006156001856437887,-0.015544424448776517,0.007787905864931166,0.006512238327516684,0.0,-0.00015884877811495057,0.0004884237515870304,0.010494636943661595,0.004470301079287475,2.5722379080939106e-05,0.0030471777726788773,-0.0003250246770822307,0.020325122651147443,-0.010328977134386297,-0.023433076871583358,0.008084087887309743,-0.0011808028058826192,-0.005188518779943363,0.019754093683637453,0.011155257199138402,-1.1102230246251565e-16,0.022417892524283112
-0.0006310514904981357,0.001008016324527794,0.0057048317682201755,0.008116563007765532,-0.002935461405980555,-0.0013638660273051495,-0.0025858001562441557,0.008063096896581023,-0.015372173082277008,0.01997454591954867,0.0,0.029152069899155475,0.005126243130964381,0.003153427847031043,0.0,1.9320299292080456e-05,0.008161163086057688,0.017290955706544098,-0.006191103384607544,-8.87935602511547e-05,-0.031771570321311116,0.004620551785533056,-0.030320240054494463,0.011147114000941871,0.00683755796072022,0.01298941465940584,-0.02193663310886157,0.012579358198417101,-0.010378546340051975,0.002391742294164889,0.01958171730611291,0.022321922946871076,0.014486769350431694,0.021754125599599383,0.0019173867124336885,-0.0035779921387020797,0.025019162158372243,0.006967198314829004,-0.08305616721887688,-0.050831237703380605,-0.047230645951320815,-0.00940202015715641,-0.031457729132839896,-0.001522201413264479,0.0038741103957230516,0.0,5.551115123125783e-17,-0.007104965935922247,0.00015583395292423363,-0.07694058647493435,-0.018459488027186166,-0.029631647696620078,-0.04905888773330952,-0.018734955713149426,-0.0007032986247764716,-0.05475957946208673,0.0021972568849444873,-0.037505971727251564,-0.0629037293273923,0.0008811350465065537,0.0,0.0,0.0,-0.11265118739670724,-0.009548437945759047,0.0,-0.013155275143353184,-0.00778465073013318,0.0,0.0,-0.002396825766557198,-0.012512693137027076,-0.026703010283407214,0.0021991840192449597,0.00044087416466986884,-0.022762475139503524
-0.04171101996587567,0.00011464292955820632,-0.0012112605529913112,-0.012112206477426779,0.027602678457286978,0.00819192789507861,0.0226369207376923,-0.027494430210211696,0.020881068540177405,-0.008027080980173962,0.029152069899155475,0.0,0.02760668259144472,0.04022653793139891,0.017070046619245882,-0.006992520653825218,4.0501375756507585e-06,0.00660782583672781,0.022591769211465718,-0.006623395900714146,-0.02944668528189892,-0.03590649739146945,-0.020487653263406236,-0.023812992163416202,-0.011601608050330336,-0.00403369647374463,0.005929239140606557,0.022054387881074,-0.004816367034640001,-0.007276787011843311,0.01389381146920049,-0.046879541708802486,0.013266865670152672,-0.009958948289668756,-0.022197673607539214,0.016321486101351645,-0.003183023450770095,-0.01431585277822664,-0.028458866560026552,0.055174775937086806,0.023699055920056278,-0.021445417644716414,-0.015257868764928462,-0.0012749178736324862,0.01044249402311831,-0.04205995114140104,0.013301394738867489,-0.0031114804393848616,0.0,-0.00023874098168535918,0.06807661881873162,0.009542331395368142,0.0,-0.009078302770739288,-0.007563584072495522,-0.009984528638715462,-0.00648402155939265,0.0022095760094337225,0.0,-0.006112570227050307,-0.0746575572350387,0.006290748883587827,0.00012350929461796278,0.0,0.00445547981206007,-0.00019650297320977783,-0.0036315292645314745,-0.017784041097801073,-0.04408756839308037,0.0021968750785055224,-0.018841812728110863,0.0266237953643923,0.009924534212042313,0.01723250234945739,0.0,0.006027268805023078
0.002273238851980275,0.018733698856491787,-0.010090097196707337,-0.038140495541091834,-0.007972517020333192,0.00518279749864925,-0.011164799775181367,-0.01594195084091593,-0.01699776744317727,0.02172224201423173,0.005126243130964381,0.02760668259144472,0.0,-0.020497019728530297,0.006970524909155507,0.011002859539245735,0.009986993377484044,0.012248806069471208,-0.008691170555373218,0.008255731825855817,0.007360981937232114,0.026072118025858737,-0.005062507317515896,0.00835775330098859,0.010243123157547829,-0.0053510233491675385,-0.00667306065709089,0.008053060338651163,0.01197568607306615,0.0006074870666664123,0.011235396109189888,0.00598723386434008,0.009021798730309227,0.007283462730354684,-0.019590069636688412,0.009210477192639066,0.013814309919350898,-0.00923154190581571,-0.013504413039535257,-0.023717245745495663,-0.023774215499862528,-0.03126697010614293,-0.0003682802521614015,-0.012138124117676952,0.00891500147108032,-0.012627032433010998,-0.006147830586001379,-0.006544709822148387,0.0,-0.013379674193640168,-0.01831935250173239,-0.01579811211212967,-0.019335750417701636,-0.007474075185401996,-0.0008044836642894793,0.002003436653918389,-0.0023527272298679014,-0.017301608057275042,-0.007109665785486219,0.005746501222272271,-0.008827054018642866,0.0010751503430836418,-0.030633172609765003,-0.004560257686764935,-0.00736121673831297,-0.00726362527576202,-0.007518132867584015,-0.013167765174343482,0.002907311325867412,-0.011686870475979938,-0.00243606129521301,-0.010236039947534026,-0.015367079510850035,-0.013259075352127725,-0.01502444878933179,-0.009493175526880171
0.007092195554103009,0.0,-0.009759028989258789,0.05869239947331051,-0.0006835032267626939,0.003022341024643105,-0.003174823718154862,-0.0009227020106750694,-0.015742658600455484,0.04138738419178645,0.003153427847031043,0.04022653793139891,-0.020497019728530297,0.0,-0.001478741507442538,0.0,0.0,0.0,-0.015763279010562736,0.0006638713049387235,-0.02245022444694522,-0.0013057920339529794,-0.00938145097639237,-0.043843545812327134,-0.00015212505663286802,-0.005737521322494277,-0.02834882638890518,0.009100108050629774,0.015286711029572131,-3.077640952692251e-05,0.0017578952854140906,0.003199380224721826,-0.05029502768497318,0.003694489729375805,-0.025548524364894742,-0.006425476714104622,-0.027789674195287495,0.011623133078942638,-0.006644465911375352,0.0,-0.0013903570589071657,0.0,0.005896856243150228,0.0,0.0,0.0,0.0,0.00962787716168001,0.0,-0.02343624410630124,-0.0009712121284662922,-0.009782862035557782,-0.015454438312618557,-0.015498792997460653,0.0,0.006166571127732001,-0.0004532162679595775,-0.009671054603814067,-0.018380174330143717,-5.551115123125783e-17,0.0,0.0,0.0,-0.002378820360683931,0.0003599622722332274,0.0,0.0,-0.022553333555412003,0.0005669766407929155,0.0,0.0,-0.0272588669588808,-0.02313029876739703,0.006699692859193196,0.0,-5.551115123125783e-17
-0.005737691283248192,0.0029035265475469973,-0.021563462119723764,-0.00569640514860581,-0.00625437741654189,0.011883057520851115,0.0029475062976143107,0.011706325533717699,0.010993099572432607,0.013254075013862832,0.0,0.017070046619245882,0.006970524909155507,-0.001478741507442538,0.0,0.017600439067298912,0.016470805827332846,0.02763752802772107,0.0,0.004371327039317863,-0.014819185011471614,-0.010626577712167795,0.01995038620946632,-0.010933508480489296,0.015001233712193307,-0.011842045038632565,0.013287348908289864,-0.0018670831396416232,0.009853606177390228,-0.006548724210340973,0.0052922659840233255,-0.007664129301431399,0.03619262595864631,-0.0057060340869490855,0.002351561287061932,-0.0012375005943184858,-0.00880321820682367,-0.0036509186444814157,-0.005861133317781819,-0.00697469830523223,0.0038308229332897348,0.004469487783867687,-0.05656517918049819,0.0006111165379888428,0.004978631383157628,-0.0029347728032024234,-0.00849033572981861,-0.013903455865761971,0.0,0.0,-0.0029836784425473772,-0.00734736114410145,-0.004108996144968846,-0.007864779079244877,-0.00012326463444739533,0.0,-0.0021975225288303757,-0.007036981372279705,0.0,0.006406355465351399,0.004310597206558298,-0.00012920238876390489,0.008669838608076463,0.0,0.0027186565973592036,-0.007280992108099182,0.012123157834583231,0.00695049794278052,-0.013976182579549135,-0.005233697494009815,0.004524593601271443,0.004621119035921162,-0.0063573440618244215,-0.001059297374837509,-0.025746401665899088,0.004002661729205215
0.01850857133527961,-0.010547186650224694,0.004314848922135628,0.0,-0.023643948310299145,-0.010698890060442723,0.0023441585257726327,-0.005338947916953551,-0.030554502010017803,0.011498175935446775,1.9320299292080456e-05,-0.006992520653825218,0.011002859539245735,0.0,0.017600439067298912,0.0,0.00596054560410586,0.008764682618337905,-0.0006085527587305628,-0.016791193105997415,0.008407188439571278,-0.014805406425584977,-0.002686744401764196,0.005004239757513018,0.0008509341226788925,-0.00917892221662664,-0.01585920327996082,0.013031277106709926,-0.005671384614014341,0.01966287534380856,-0.0030422460858535727,-0.036609054146577835,-0.02281659126675112,-0.01594860924020136,-0.034154036500577634,-0.0210045393129073,-0.006826102075418006,-0.008930063826580292,0.0038692383356774274,0.014421957890980108,0.00677050971011256,-0.01300781913562471,-0.01176832728862276,0.0,0.0,0.019120432873847848,0.015472171565552473,0.0,0.0,0.0,0.02352390659333059,0.005351715952837732,-0.025227465783093594,0.0,0.06286348922900131,0.0,0.018140131974016815,0.008663302283347663,0.0,0.017686099210880823,0.021709357987536537,0.043707240634388134,0.012630501736221433,0.0,0.005620086741764008,0.002932572747057549,0.012522943807736053,0.01653910443751211,0.010964765622471284,0.01728792981022448,0.020341086693943466,0.017220134241164253,0.0074366877942824705,0.023548679518181737,-0.0001100592596868788,0.011056807497013765
-0.013045833680426389,-0.011715624652261447,-0.008706524804490523,-0.0003174781589903586,0.004700403448941126,0.007087142780565436,0.004324207563210503,-0.006750490696626921,0.0015213032722849462,-0.008478963151067276,0.008161163086057688,4.0501375756507585e-06,0.009986993377484044,0.0,0.016470805827332846,0.00596054560410586,0.0,0.0034110781829096992,-0.0036575663080282705,-0.02302481104888665,0.004718855433533342,-0.006707629241394064,0.0006704812397868576,-0.005153716180224033,0.01647723824482117,-0.00010059206410750754,0.01169288575403954,0.021657439378372112,-0.01938334042255563,-0.0055295769433466035,-0.00313716209457221,-3.733165974117991e-05,0.009453784590045089,-0.00045240988199257703,-0.03659477383189397,0.014029949383273899,0.013688914856644752,0.006527446298275785,0.0360393044645308,0.05843437287761172,0.0075276120947624925,-0.00676545974917081,0.0,0.0,0.03128551698043558,-0.018306486620097984,0.01559896914448683,0.0,0.0,1.6653345369377348e-16,-1.4939543312997294e-05,-0.0002302826631672139,0.0,0.0,0.017965964261346723,0.000408689910697313,0.008955605699886293,-0.0015998222232860848,0.0,0.0,0.011246862110313227,0.020517954014304507,0.011116216064761653,0.0,-0.00024820243381062923,-5.551115123125783e-17,0.014327611508876514,0.001799328093500363,-0.019929243079714387,0.01803412899710244,0.008363242200984555,0.0,0.0015768655468906823,0.0008445873529845938,0.0,0.030577283056991866
0.02726045641433622,0.006002512997541565,-0.0012816025987770208,0.0,-0.006807434313728822,-0.006331998361454039,-0.0003997360845092168,-0.00225502810829592,-0.02037059738637592,0.010394288647932015,0.017290955706544098,0.00660782583672781,0.012248806069471208,0.0,0.02763752802772107,0.008764682618337905,0.0034110781829096992,0.0,-0.004676377232555207,-0.006154813590620201,0.005855020951068601,-0.0015343253605566431,0.0015050794489179786,0.005813112961785716,0.013003764377266303,0.00980302860269322,-0.011791535792319063,0.022942061030428396,0.0043538119416678955,0.01872508783979404,0.0040516530336272005,-0.005787729100621475,0.002657722909146787,-0.0009991344847738448,-0.02534498276481645,-0.004762749012587608,0.0,-0.0017254205076639995,0.014588956811983522,0.03635750434672863,0.011786478397690148,-0.002681213149332562,5.551115123125783e-17,0.0,0.006180715885420962,0.014422281878547105,0.03257712098497034,0.0,0.0,0.0,-0.005385518268236855,-0.00021625918117545995,-0.013576634035771862,0.0,0.027414469330204916,0.0,0.017394826969518717,0.0005811831076371621,0.0,0.02046396497320252,0.027665500143167432,0.021828729158364313,0.015433806031411867,0.0,0.024033855083340605,0.015121115619027847,0.024917515642488397,0.02471679558501899,-0.0001661873253145929,0.01988921545058181,0.02227377936038949,0.018194767589283345,0.004605838403689222,0.015444580660716023,0.0,0.020623999038445084
0.0,-0.0024626137616329258,0.0018389928342505968,0.001220840179041005,-0.015280146679548745,-0.01798894285366398,-0.01209726500206837,0.0029608263645163335,-0.006147591110787609,0.008876959027966813,-0.006191103384607544,0.022591769211465718,-0.008691170555373218,-0.015763279010562736,0.0,-0.0006085527587305628,-0.0036575663080282705,-0.004676377232555207,0.0,0.00836435939134883,-0.004166113693662432,-0.020385490326565003,0.045778680312804854,-0.02038361427379609,0.007350002496358865,-0.015169359482232303,-0.014598572148194988,-0.0001863462469271493,-0.02074219014099765,-0.013118531732057293,0.004505699679524966,0.005682177162585789,0.0005275127691179438,0.0017726844539536768,-0.008730685453284204,-0.003984484346313266,0.02418522517751881,-0.006331530414886932,-0.029015952771913933,-0.00734956668884823,-0.0014233232227636172,-0.0002234731377915855,-0.0036181835320603373,5.551115123125783e-17,-1.6653345369377348e-16,0.0,5.551115123125783e-17,0.08020005475970554,0.0,0.024324224354339896,-0.011778002033655977,0.0026014735360680996,-0.017954352340182167,-0.001919553634025295,0.00010228490705621596,0.0916946184309963,0.0014819066209590392,-0.009682936569084588,-0.01515403000174731,0.0003366145908127449,0.0,0.0,0.0,0.0048775397436090495,-0.007804947513494365,0.0,-0.006977213124167825,-0.005473432878682738,0.0,0.0,-0.09020825152443818,-0.007018958335033965,-0.010111780350197663,-0.007102952435679433,0.0014601202077130226,0.016595669687189285
0.013683523141960585,-0.0032105371751131595,-0.05339463646960324,0.01018234821108005,-0.006549703098866377,-0.004270571046454397,-0.002587292384305051,-0.0015860781248608902,-0.0008161346944787762,-0.02956740474407199,-8.87935602511547e-05,-0.006623395900714146,0.008255731825855817,0.0006638713049387235,0.004371327039317863,-0.016791193105997415,-0.02302481104888665,-0.006154813590620201,0.00836435939134883,0.0,0.003740274608203531,-0.01450195376655139,-0.024099532961016357,-4.882371053799295e-05,0.003763982662105869,-0.003307338398533144,-0.0357642760649689,0.013621640900224274,-0.010519538358611136,0.04148038714651281,-0.014458041271452227,-0.024692013315181338,-0.004517942602944247,-0.028728366592654764,-0.022487657162710506,-0.00866575489825816,-0.13675495533653964,-0.01815925763400794,-0.004253711354053613,-0.007178638175600327,0.003230646539370219,-0.000768828527122456,0.029181615666620364,0.000837349765490436,-0.0017901429420595916,0.0410549228539997,-0.005277148747190985,-0.005361397443536142,0.0,-0.009038725382255919,0.013240216913980474,-0.012400481788726103,-0.005538572060216684,-0.004772978672045847,0.0019565503651297056,-0.019591535453487963,0.0010018209045733473,0.004168050360977338,0.0,-0.001017735202632819,0.00334386025468153,-0.002704875068679391,-0.0026391424433972466,-0.006641355305165908,-0.00968760966531279,-0.004046859166974892,0.0013653545779943044,0.010530991151381897,-0.0016479180533778282,-0.009014090354006576,0.008589043295586352,0.004158166916411299,0.0029429388047785277,-0.0071232442891533965,-0.002524872674356027,0.004871734332148214
-0.021233041691975985,-0.0065789397977325526,-0.01453133364817244,4.96153448382719e-05,-0.010478755867930789,0.005351032699357106,-0.007001820044205187,-0.005400087613312066,-0.029192392354350893,-0.006031554080570156,-0.031771570321311116,-0.02944668528189892,0.007360981937232114,-0.02245022444694522,-0.014819185011471614,0.008407188439571278,0.004718855433533342,0.005855020951068601,-0.004166113693662432,0.003740274608203531,0.0,0.0018569745703831408,-0.016039063461584457,-0.03038152277820988,0.0023104942936039152,-0.012699319288684063,-0.0016566456325239898,0.005278233370551111,0.0075600143054082025,0.004941288022523138,0.0020219217987932914,-0.0012894276906830204,0.01938388612482006,-0.009342165138239544,0.002479554776456061,0.006149132792094614,-0.022344910452083422,0.005458333871953713,-0.01773129411392549,-0.0216576087104276,-0.008461842328693014,-0.000556599146277037,-0.01393610828731967,0.0,-0.00021535143087780817,-0.04092772236545361,-0.0026927946592329444,0.0014535892821966323,0.0,-0.0002784937938776766,0.007914224444502738,-0.007266858186494751,-0.026610590237801712,0.011450505795992105,-0.00010283702345881274,0.0,0.0005464990142727277,-0.004569042153429181,0.0,-0.013076961009988675,0.00539963814080191,0.0,0.013666689470890891,0.0,-0.010041666753446976,-0.008347264954007227,0.0036943866523154734,-0.006891874337638604,-0.004938365239648079,0.0035878953152533866,0.007557402387117218,0.006740561005169676,-0.008626933005978221,-0.011087840502391644,-0.001087200220022455,-0.007948790262032157
0.020996118727293345,-0.005399163612934299,0.012630758024382072,-0.007717662328710406,0.014423395533076255,0.010124661204920782,0.0187218028458655,0.0016370744270809978,0.010494626310622812,-0.022700892488040747,0.004620551785533056,-0.03590649739146945,0.026072118025858737,-0.0013057920339529794,-0.010626577712167795,-0.014805406425584977,-0.006707629241394064,-0.0015343253605566431,-0.020385490326565003,-0.01450195376655139,0.0018569745703831408,0.0,-0.003027635408714535,-0.009236498422169725,0.004336818475565163,-0.012046170038644832,-0.015374547751955792,0.020179235430758335,0.0019287100287305181,0.010281486182106447,-0.005238468925174544,-0.006524750554872949,0.00430803778813188,-0.017363385960520283,-0.015121093881216352,0.000965706356160001,-0.005585741233625874,-0.03473767187618915,0.002536033278302763,-0.005677698133883802,0.0006256668749587968,0.006296177670536307,-0.029484658876659298,0.0,-0.006964081368314834,0.017918101370938633,-0.002739159627830501,-0.022073632938287457,0.0,-0.0004915444357730392,0.00045759564772229755,-0.02102577758319535,0.023635098019659906,-0.0022979814396653087,0.001669311279488217,0.0,-0.013194279078088733,-0.009322056350070829,0.0,0.006375636726042133,0.00724685431186467,0.01389813785702454,0.011291050008100323,-1.1102230246251565e-16,-0.0034999603249423195,0.012836330303067467,-0.00461138291663743,0.011988307465203296,0.001995961381120015,0.004414432445770555,0.013952996001105666,0.006021031117345532,-0.0012483652078735252,-0.0052684970348504945,0.0009470940277676587,0.0033062929558797527
-0.02171532067590054,-0.006287801809317373,0.017433165447020227,0.0010112693853793764,-0.0025461198556062103,-0.025773145196589187,-0.008251223572064537,-0.01897546645449777,-0.0027098614789340947,0.0006365977504892983,-0.030320240054494463,-0.020487653263406236,-0.005062507317515896,-0.00938145097639237,0.01995038620946632,-0.002686744401764196,0.0006704812397868576,0.0015050794489179786,0.045778680312804854,-0.024099532961016357,-0.016039063461584457,-0.003027635408714535,0.0,-0.028349515237629297,-0.0026718135463390524,-0.009587546515635648,-0.05303972295590048,-0.001501680148306761,0.0006842214803710611,0.007952280015162516,-0.00036222966571614057,-0.004686576421023547,0.007148096339084531,-0.012145630702707577,-0.012006212103993663,0.008078838528517929,-0.009356021801383452,-0.016198718110886468,-0.020402556715728104,-0.03205959065814923,-0.017998663701352835,-0.003146403269004505,-0.006186293870740489,-0.011260479034625848,-0.015024209442345948,-0.04092222158717901,-0.005101375121818297,-0.0019199563797485109,-8.670917569925107e-05,-0.01779453784578544,-0.02779636541986058,-0.023214437427067858,-0.04308246321436304,-0.02528584512962473,-0.008511816264224203,-0.00587465604909021,-0.025812159918760624,-0.0254803641548616,-0.009301983407454806,0.0034972403139655883,-0.016791452667873852,-0.0046509431562105075,-0.010859215627598007,-0.009365530262969157,-0.0015544608397551896,-0.012425932625693081,0.00938087101032109,-0.018779822608486985,-0.0009263453637828878,-0.03550148936672326,-0.0057067691852450975,-0.01796804643214417,-0.0208453656304064,-0.009407456597732011,-0.023886405576231062,-0.017015146336613107
-0.027110588144650283,0.00021045068378783283,-0.017268001399606492,0.0017811814050415764,-0.008435513270726225,0.003930579003883494,0.01969167403443134,-0.030373604004040322,-0.010000417537988082,-0.013171436810372972,0.011147114000941871,-0.023812992163416202,0.00835775330098859,-0.043843545812327134,-0.010933508480489296,0.005004239757513018,-0.005153716180224033,0.005813112961785716,-0.02038361427379609,-4.882371053799295e-05,-0.03038152277820988,-0.009236498422169725,-0.028349515237629297,0.0,-0.014409494141427559,-0.009818726623816387,-0.004104910554940444,-0.000966217329722352,-0.062041272575439455,-0.023208295228192177,0.0019786789064094035,-0.018829954363280943,-0.004728487965909467,-0.013532285521879461,-0.014388795435814783,-0.06943092179711816,-0.05644650207204613,-0.032092858119391277,0.01571235404032184,0.01949970240466753,-0.01580258692948394,-0.04129644681356209,-0.006461455916472458,-0.002979962670108527,-0.03080178585211729,-0.03415291222601846,0.010666125436367246,0.00018599395703078336,0.0,0.0,0.017569313319228563,0.011440764412811666,-3.774515171883763e-05,0.002281343400511615,-0.036086976992276476,-0.000843147124211685,-0.04387297731968742,0.0014211878718078386,0.0,0.003550884759690065,0.0028068897346180677,-0.033257507171002676,-0.002741042622292633,0.0,0.002049441854393652,-0.022565067644796988,-0.04182868932261041,-0.02035825889185966,-0.08756270083405412,3.7321354337260804e-05,-0.017719312366055673,-0.004821502166334146,-0.042189815384579,0.004690619427202836,0.0,-0.0002813595446624628
0.016845435301903022,-0.00011763728588870537,-0.022313527170395864,0.0,-0.02071730625480822,-0.003104651991950924,-0.001908268437794347,-0.015373390967536926,-0.03776854712487515,-0.0014052459432860598,0.00683755796072022,-0.011601608050330336,0.010243123157547829,-0.00015212505663286802,0.015001233712193307,0.0008509341226788925,0.01647723824482117,0.013003764377266303,0.007350002496358865,0.003763982662105869,0.0023104942936039152,0.004336818475565163,-0.0026718135463390524,-0.014409494141427559,0.0,-0.011008394190394233,-0.0104877273542891,0.016686510933449084,-0.002855835997397138,0.018085670140612964,7.82606681910547e-05,0.0013185203514293753,0.016274656755633443,-0.003767453898665174,-0.02011635976563486,-0.007028661058802732,-0.0002205383008573314,-0.012338869720077361,0.015489290491583652,0.03314130458028963,0.018446091007593313,0.016200104559902673,0.0015770533834174594,0.0,-0.005270458448329962,0.03408930685712991,0.0329657189164449,0.0,0.0,0.0,0.02468569744029775,0.0057405425109071095,-0.005618392147471174,-0.0001834886187042084,0.011602462245108691,0.0,-0.00198244671964104,0.0127318801686504,0.0,0.017921048180478405,0.03342470588607516,0.0076106926058038815,0.016353193355989448,0.0,0.026607173229993508,0.008563571596828856,0.02205110704130475,0.0018082585670015638,-0.005439325680697826,0.02421028807285558,0.03001748116292763,-0.0049951804568761915,0.02065129493328577,0.02550630853065594,0.0,0.015621319311130644
-0.0022404746049974333,-0.013975738590895181,-0.005544542818453568,0.0026564712365954035,-0.002858484239990522,-0.018248282550846873,-0.012065292163625674,-0.025796640918663127,-0.044134950402134665,-0.003009175406537723,0.01298941465940584,-0.00403369647374463,-0.0053510233491675385,-0.005737521322494277,-0.011842045038632565,-0.00917892221662664,-0.00010059206410750754,0.00980302860269322,-0.015169359482232303,-0.003307338398533144,-0.012699319288684063,-0.012046170038644832,-0.009587546515635648,-0.009818726623816387,-0.011008394190394233,0.0,-0.008135151754780579,0.0023014727483152697,-0.019985644566070992,-0.006074959512036071,-0.008083495749885816,-0.008308497591630548,0.007136833835788503,-0.015913204432503103,-0.0291990474038471,-0.021259367426788578,-0.04509079659153209,-0.01984010685242832,0.00038023014177396286,0.03090283264128757,0.008609110069221604,0.011055344176643112,-0.07457094977714435,0.0,-0.02494897225924858,-0.003190169880117777,0.011691404485276946,-0.024457854338593876,0.0,-0.016471480038172115,0.0017766050374884435,5.519347898086391e-05,-0.003827447151267205,-0.00635451739273174,0.006929417862507781,-0.00018845416527035752,-0.008855381668964546,0.009169029208879076,0.0,0.013685219567930784,0.017241403937723665,0.011344748649767367,0.013871168328553285,-5.551115123125783e-17,0.01810147314361238,0.005661140637639894,0.00785912453523624,0.013753047991091838,-0.022366624593956663,0.016114712942597864,0.019986204488228687,0.017560132344096924,-0.0019467624961951868,0.006247942325191103,-0.00020162620998431802,0.013028105585792149
