0.0,0.022096237296632182,-0.025251363909911118,0.0,0.00042320713216476014,-0.0028963598716719163,-0.016888219838966434,-0.010534826806581576,-0.017842299550852314,-0.00541022843347172,-0.0008326347619150853,0.006862089199987043,0.007583850442531848,0.0077656242060683,0.01408725059377336,0.05440799456386086,0.01890877131212787,0.03676303543515025,0.0,-0.002619729064686327,-0.010229809992591654,0.02497234923378444,0.004998239365401336,0.025645397904855205,0.02221354189192154,0.023170463900463567,0.02223133968024016,-0.0058000036308433756,-0.010643490654796472,0.0530230135983199,0.02807877931888403,0.013905248904970136,0.04674096697837099,0.024272597503511073,0.014022422827106862,-0.003193160803941608,0.0,0.01026724790564515,-0.00587917939386301,-0.008749078864423054,-0.0027691479062222912,0.013369566441897962,0.0,0.0,-0.010783537319688341,-0.00567079013121824,-0.008880386568525023,0.0,0.0,0.0,0.008110824371039715,0.0,0.0024271816295449167,0.0,-0.000643136405181377,0.0,-0.0038127277185603936,9.165271847544343e-05,0.0,-0.015984519386936735,0.013206945238076917,0.0027883431426521943,0.005877035876912573,0.0,-0.031817995428368384,-0.08434032759832238,-0.023707499829601297,-0.004714107918878219,0.009857177919209481,0.008029325057111902,-0.003681110841714408,0.0021535524133042827,-0.0008948016688303251,0.029413830772855476,0.0,0.01801680379365711
0.022096237296632182,0.0,-0.00495434279716539,0.0,-0.014673752862465805,-0.009679652134725325,-0.012645841992215412,-0.008752898318233782,-0.006815729553469596,0.0054023435630021766,0.0015178730902857263,-0.0016712714582357013,0.0008677604672518435,0.0,0.001581446094762129,0.02218748599030118,-0.013679981975112554,0.019347047195414746,-0.016707013679781668,0.005609663915267182,-0.008027378818002251,0.0012702708484052527,0.0012040673963997217,0.013050275897834862,0.006568093040316081,0.0140943369353983,0.01228050931645025,0.0007741636856043455,-0.0009998111065542825,-0.04418229082277525,0.01809733841679273,0.0026153140526581353,0.012150936972597282,0.005406671070104285,-0.0016246824029610973,0.048197746741491854,0.003448661645276352,-0.00038541121277868573,0.00023089183127517066,-0.001407119574498572,0.005227408242621467,0.006134617950916577,-0.003978014464143642,0.0,0.00012706160938319444,0.009330084747359468,0.0003158976467713681,0.00080694436199924,0.0,-5.551115123125783e-17,0.004386445034897324,0.0005746166472436753,-0.00936524707303027,0.0043132752901502425,-0.006830591409267728,0.0,-0.016417626518392348,0.0016490866513889646,0.0,-0.027939225578893223,0.01055898959703011,-0.004931984124596112,0.001156588058033814,0.0,-0.009985311760684734,-0.01584200610429909,0.003142008818632469,-0.014886954984932255,-0.0009495625058884571,0.006635757498244743,5.108947260151764e-05,-0.0026052890703884835,-0.020299487479872425,0.0005627539869424991,0.005017390938908017,0.010422036473607788
-0.025251363909911118,-0.00495434279716539,0.0,-0.0027527008482133297,0.0023804205400224654,-0.01112775033654062,-0.005355838380554756,0.0017241809275524433,-0.01465513810738106,-0.01376950579820424,0.0056080374274529166,-0.0017119229274047965,-0.0013236650948785789,0.02101375890700652,-0.017458974596065935,0.009977637807278006,-0.010214612261550848,-0.011697168738918184,0.011916696017281625,0.009375456536307059,-0.015448752634285134,-0.0035845210308453335,0.014364461404753393,-0.017992788772897506,-0.006294341754909727,-0.015258724626157627,0.007039044305718611,-0.010586859875514831,0.0012543719467504877,-0.02057332154204561,-0.0057208197587805265,-0.0227000444314564,-0.0026792138198246662,-0.0060926383035471154,-0.002541108351039212,0.008820262674870183,-0.0003687501861361908,0.00139341148714478,-0.010674152686896754,-0.008523400200495468,-0.0027058529905442663,-0.008380521024475285,9.986458534028131e-05,-0.0017084408868560663,0.00029023809219019814,0.0,0.004235162934931258,-3.0409016268717615e-05,-0.0005511671955425457,0.006452844870580843,-0.000889636634753499,0.012820072004302796,0.020570378043059723,-0.04376839766411578,-0.002368372204272551,0.045006837788343024,-0.0027945400654681984,0.007100224114487852,-0.0008287967516310557,-0.024085584486230494,0.0009665156720984336,0.0,0.0,-0.05604189774634405,-0.030541363738259553,0.0005708476916493899,-0.0134435726604904,-0.009026034437037977,0.0,0.0,-0.020231182151552562,-0.02200697515130884,-0.001960046719310715,-0.004163794477746563,0.002481812158459884,0.011226207467540772
0.0,0.0,-0.0027527008482133297,0.0,-9.040523145309454e-05,-0.004535163085469085,0.002049020482193742,-0.0009728043081517201,0.015765477723194754,0.00670389144296063,0.019711220239879867,-0.009343540816584728,0.013139637265374815,0.003178916201500348,-0.0031349229683690916,0.0,-0.0005093573122973982,0.0,0.017249563037738447,0.0052479181320044255,-8.965184588782815e-05,-0.011712451010804814,-0.012051885045095578,0.0025714637841277033,0.0,0.003998082142788129,0.012221433078990152,0.008202114064339239,0.007795025431268976,0.00039082271420515236,-0.05742982719067141,-0.04695011362231383,0.07252659685711615,0.019469684061540093,-0.04383105074786614,-0.03432282359857214,-0.014963150332118008,-0.00926901901413979,0.0018733748256001825,0.0,-0.0015208215029161032,0.0,0.00015833658387809368,0.0,0.0,0.0,0.0,0.00010894896039570501,0.0,0.0,0.00010744880945079416,0.0,0.0,-0.00025506354500726136,0.0,-0.00026112068429523516,0.0,0.00019201191751250235,0.0,0.0,0.0,0.0,0.0,0.0,0.0,0.0,0.0,-0.004524898562809021,0.0,0.0,0.0,-0.003892963031535912,-0.0002500068793727661,-0.0009833087606929136,0.0,0.0
0.00042320713216476014,-0.014673752862465805,0.0023804205400224654,-9.040523145309454e-05,0.0,0.022146568497079522,-0.004835798191452023,-0.003843536064390085,0.00776259496624343,0.007745413521895839,0.01800340822729407,-0.0054018584171506845,-0.0014751954322017036,0.003173935749871959,-0.009023501949486978,-0.0055811276532364285,-0.001487675337952299,-0.013356008309389211,0.01223022083920211,-0.00424742596162303,-0.0030257674746346774,-0.006355705683564861,-0.006350572427465284,-0.005880321211135853,-0.0001713854191138231,0.007861449358966155,0.009748988811668302,0.004403657437899389,0.0009154594724252729,0.0008037782374799018,-0.035765089256499905,-0.00821033352205136,-0.013054400907989872,0.0011476504377800345,-0.0048497625687833334,0.0185478648997231,-0.014870884728643952,-0.016767524299752867,-0.01204572977804369,-0.013329825872023582,-0.015606012281196902,-0.022866253567188688,-0.014825014910410161,-0.0002681784045789337,-0.007950520061214661,0.0,-0.0093505256439268,0.0037476665260804953,0.0,-0.0038596563108598825,-0.011546989099328275,-0.008769512453079553,-0.007897641343819262,0.0005265172700048559,-0.0006180619332571968,0.0179598831445395,-0.0012915247273157515,-0.011630036507442987,-0.010768248419087745,6.553243954338095e-05,0.0010107778893173047,0.0,0.0,-0.014709770142437295,-0.039622956746394544,0.0,-0.00627936585381389,-0.00457868924142224,0.0,0.00016443140804905942,-0.007187757459824307,-0.004036986462317871,-0.012983541685678335,-0.018245742714486146,0.006192028991596321,-0.0013190803863871725
-0.0028963598716719163,-0.009679652134725325,-0.01112775033654062,-0.004535163085469085,0.022146568497079522,0.0,0.006677404548290633,0.004675973315411086,0.02112384201897205,-0.0021923697346000748,0.0025041383416573026,-0.02783401344249331,0.003475621176509458,0.0062612385914826985,0.013095041378517025,0.013849269170004452,-0.004496751513537567,-0.011353832528738894,-0.02140510209332891,0.012686125814445448,0.009780246001395432,0.007340376077561939,0.014745616192024913,0.040677588198924586,-0.0047515085703012105,0.011499185722482763,0.021310806204450028,0.007151155776292384,0.002639965830108393,-0.0010192666740282408,0.005058698135409989,-0.014939100663442173,-0.03104684483098058,0.001348329487097899,-8.557584027840681e-05,-0.0025936019273207767,-0.0046780278117644625,-0.022254553123281617,-0.008733055331163475,0.006574718341217312,-0.004383658902959331,-0.024055330721779844,0.007346263088200744,0.000814289127372414,-0.0019245573857958886,0.008929042650900776,-0.0065248527630872855,-0.05878937067053924,0.0,0.0006068006087376343,-0.009176179108161597,-0.0071463886033069635,0.023523841739445384,0.002111916787060575,-0.020076374183738532,0.0033551075889072246,-0.00555336139666146,-0.005560717971223039,0.015803010450960386,-0.0074831766439117375,0.006284733556190247,5.551115123125783e-17,-0.0046806577005060745,-0.0035166061941301896,-0.008340810026248813,-0.009342567717112726,-0.014559660284903131,-0.0005801861307884737,0.0,-0.014738391745227786,0.0031736570776070283,0.002636127103832875,-0.004150084272424748,0.0011440620949934033,-0.0012236476676845132,0.0048687527830729715
-0.016888219838966434,-0.012645841992215412,-0.005355838380554756,0.002049020482193742,-0.004835798191452023,0.006677404548290633,0.0,-0.017463452279709024,-0.005668714868222069,0.006614815541523877,0.022872136191732784,-0.0011949889983832174,-0.009691499333635334,-0.002508705451941984,0.010347458963168521,0.009061745783943309,0.004870119951778551,0.017463606313183444,-0.014406263434614042,0.005473746225677201,-0.012531531551649044,0.00016874233855362908,-0.008938116100756788,-0.029833758660193166,0.00030743796544718816,0.00888489443503887,0.0058961414668251555,0.017950072070047063,0.005904451482437734,-0.00689430828712384,-0.010494272753531764,0.0010452524694011256,-0.018889587811059372,-0.0003523089432270754,-0.0056707521661023,0.015518903324361122,0.02020856358983475,-0.01553779894973173,-0.009894584269227069,0.0005856801618708829,-0.010164410297693105,-0.02005907913333932,-0.014300014840677056,-0.0013732495061158367,0.006557750510633953,0.0002876187364765914,-0.006121156763757796,-0.009519457521091956,0.0,0.0042090248265060914,-0.015819476282857292,-0.015664718024734126,0.007652612480050669,-0.004312257738676828,0.010153018152371407,0.003641944315124157,0.017615744462093852,-0.012031527541583209,-0.04745792378135194,-0.010055446785366406,0.0004963240124933321,1.1102230246251565e-16,0.0009524603601721027,-0.013317701585521813,-0.019505872394621315,-0.04089418483996404,-0.023273879809560027,-0.012226034207707848,-0.0043497564990325754,-0.0017608959392846901,0.003264431360249953,-0.009862951739335046,-0.011862476555600021,-0.011291535316983181,-0.01757017864235716,-0.01540514439184959
-0.010534826806581576,-0.008752898318233782,0.0017241809275524433,-0.0009728043081517201,-0.003843536064390085,0.004675973315411086,-0.017463452279709024,0.0,-0.021257441423470913,0.007234520011949019,0.0006642093257775983,-0.004801387267894752,-0.007936526797159338,0.0002928447363594877,0.003829766971080284,0.012699519933331516,0.015523428906267511,0.010110511301540892,-0.02127039505551176,0.008847262803305833,-0.028841181669594818,0.003477093699325695,-0.022468787912466037,0.005717795069108855,0.02141385726815248,0.011308646335704275,0.002990459269055612,-0.01595327062967017,-0.006654157836189389,-0.0150733866867786,-0.006296031061161167,-0.01723160902950771,-0.06582392390713304,-0.012211725062230727,-0.013649156916121619,-0.0011445525053196959,-0.09940066609172132,0.010834779161898789,-0.019127028593354967,0.0016655990053449088,-0.012736586658086357,-0.027340769345899185,0.009111423092665105,2.4911387670023544e-05,-0.0003006127264547076,-0.02690503662994098,0.0042859549549638665,0.01642752353157173,0.0,0.001693893605572372,-0.006752546124276282,-0.007916759319161915,0.03652665720401066,0.00046108724412785573,-0.005156846868604015,0.02795884430307438,-1.1102230246251565e-16,-0.0026314512581563365,-0.01641698353417298,-0.0011341571569889464,-0.012776030178366926,0.0,-4.395909785182006e-06,0.010113661749093561,-0.010783670382858046,-0.020526269292539645,-0.026101702185748865,-0.0034537766335049347,-0.0018661768801548906,0.0014646150134403069,-0.0027037341781499524,0.002318894323265819,0.00042793352064796064,-0.0039238549334928985,0.0021696187724642435,-0.004428856035780526
-0.017842299550852314,-0.006815729553469596,-0.01465513810738106,0.015765477723194754,0.00776259496624343,0.02112384201897205,-0.005668714868222069,-0.021257441423470913,0.0,-0.011432280672117434,0.00659459540203855,-0.012810978278925023,0.009176403146669954,0.0036446866790412757,0.0019268578766368782,0.026352774919764954,-0.0037031703928460113,-0.01158205645818633,-0.0013936560572243573,0.006529249805300397,-0.004608497913601961,0.0014698537743940698,0.001680891412994212,-0.004860687117572482,-0.0034085748233446678,0.0036810981193409753,-0.006368231775943256,-0.008685421873082133,0.009258668954254812,-0.009496675111562825,-0.006595640439436279,-0.02087796682868054,-0.0608307909121536,-0.006745427701383033,-0.0026524295995023484,0.003926012302951087,0.0008988009605305214,-0.017212887029514234,-0.015319593269375986,-0.0064510861577823375,-0.0030168704407042,-0.07310315092541192,-0.016405901594001848,-0.011322700421049658,0.00028826238064422194,0.0,-0.014575702191907514,-0.05389804710186091,-0.0023863655175638265,0.0033239379992929807,-0.014521145445514305,-0.008464901344478415,0.003061270944363259,-0.008863098371839628,0.007459935196501344,0.00756052411495306,0.002771172297131863,-0.013208298435283927,-0.028609833657746442,-0.005800773680307625,-0.00751543960129647,5.551115123125783e-17,0.0,-0.018738167887708213,-0.01613001468263292,-0.00500767633149396,0.0004957517054874905,-0.007949998358302013,0.0016520911515480186,-0.0017690017085579823,-0.0036788598623422875,-0.006289418222410692,-0.009067071191431908,-0.012926802247510416,-0.02105188655013368,-0.008307753355749181
-0.00541022843347172,0.0054023435630021766,-0.01376950579820424,0.00670389144296063,0.007745413521895839,-0.0021923697346000748,0.006614815541523877,0.007234520011949019,-0.011432280672117434,0.0,0.012246761643668003,-0.03022564334682748,0.00302121096008634,-0.16321756676664295,0.017017089519208994,0.030359578043274882,0.010018118643511542,0.015198931348901601,-0.010082461424231637,0.026322769470869034,-0.032409461894396696,0.014109577555210029,-0.007521633025421581,-0.009966859736668443,-0.006815457546789361,-0.003602485349395168,-0.0027667466381182115,-0.00027700158637361527,0.012461426224412098,-0.0023171416737011175,-0.0040108490747221,0.012245224196698712,-0.0015633702328497479,0.009036952513623298,-0.005744971818675115,-0.01789173515739062,0.026713080477810625,-0.0007698424765740786,-0.010418519663317194,-0.03483552603058193,0.01763975053609884,0.03500822078053217,0.007994671158653432,-0.002228270910862473,-0.024005375699250653,0.02010900078458394,-0.0029354888552333702,0.0028667891571878545,-1.1102230246251565e-16,1.6653345369377348e-16,-0.0014095901937402067,0.00760595029260297,0.001152415370557991,-0.0047243798448546315,-0.00908056271332941,0.00290726070032421,0.002565186680179854,-0.03060363208150163,0.0,-0.0004790937833818454,-3.172493655162478e-05,-0.01041298531884649,-0.002831436706820234,3.940410438402209e-05,-0.02108593094098138,0.030619402725047762,0.014126971980422287,-0.0007780496642363355,0.025059840027114033,-0.0057599759955521135,0.012078903023221177,-0.0028279743224015053,-0.05282158604320364,-0.02066951588784466,-1.1102230246251565e-16,-0.003957647757180827
-0.0008326347619150853,0.0015178730902857263,0.0056080374274529166,0.019711220239879867,0.01800340822729407,0.0025041383416573026,0.022872136191732784,0.0006642093257775983,0.00659459540203855,0.012246761643668003,0.0,-0.0020541335312755926,0.012717184969333606,0.01423221038639727,0.0,2.9596760378780562e-05,-0.0001956335460266967,0.010389724380921339,-0.012968637061054195,-0.00013602282688351952,-0.005761926628108316,-0.01722846118569399,0.010652324476032649,-0.008614942886143229,0.005918892738390247,0.009063701640960542,-0.007448282105255666,0.016616685428140654,0.004692643949463338,0.0010136656819695333,0.0068421647716319645,0.02733746207659632,-0.0073396798219875214,0.011595364919055329,0.026779523859070453,0.09105017196450416,0.09319191839009561,0.011949174119857686,0.006007883252787671,-0.011887030834974832,0.0007772212736530948,-0.007570936305508369,0.010641086219919604,-0.0023318598638539245,-0.0038842756574558046,0.0,5.551115123125783e-17,0.02876996167283119,0.00023872198322982818,-0.01053591311950014,0.0001330149349446641,0.013844225217934603,0.009014297997312626,0.032029550817358976,-0.0006250637231905998,-0.009202328386790137,0.011701744077550258,0.008017200518161627,0.03032749054752476,0.0013498104992408777,0.0,0.0,0.0,-0.07243515989670984,-0.005826931683910352,0.0,-0.010854518256380008,0.00135555895793249,0.0,0.0,-0.0016290597155663167,-0.003774178049023136,0.012644071731926054,-0.0120826859979839,0.00093749276483579,0.009616564370194647
0.006862089199987043,-0.0016712714582357013,-0.0017119229274047965,-0.009343540816584728,-0.0054018584171506845,-0.02783401344249331,-0.0011949889983832174,-0.004801387267894752,-0.012810978278925023,-0.03022564334682748,-0.0020541335312755926,0.0,-0.014779953622231778,-0.018979552917497533,-0.002667469478797202,0.03617503254730031,0.00364942711510452,0.012002629051050373,-0.012756888480366213,0.012740443843808125,-0.032560290221370636,-0.046115271979353,-0.00404278898689181,-0.009128925793211728,-0.02485879587428419,0.001593660309701761,0.05679199012657887,-0.014226954951947646,0.02858228971567217,-0.005096868812504984,-0.002597884897595215,0.010526932304036563,5.0872611323360406e-05,0.003817410034163693,-0.026015348463393484,-0.022709778430307914,-0.014335048159097197,0.00512796575271024,0.12278025038798457,-0.047038564881890454,0.027879323840951653,0.06080156086987426,0.020279900951953145,-0.00043204289488554815,-0.036697188203606235,0.030796632445869665,-0.008621283932007728,-0.0023874088960822437,0.0,-0.0002513377023938834,-0.0008655331805584865,0.0009866364879774214,0.0,-0.005384797287453169,-0.017190029730368928,-0.00838591482065193,0.0036789765623367887,-0.017926964237051535,0.0,0.0008899803726837852,0.006479128123799915,-0.01394476672164413,-0.0007484526095815069,0.0,0.004657555016762849,-0.00030102284255090206,-5.170693228473411e-06,0.00792839683392027,0.027278789938810333,-0.00461440782096767,0.010360400142618742,0.003979964369054012,-0.0443915941009414,0.009779455395609427,0.0,-0.003705533107159875
0.007583850442531848,0.0008677604672518435,-0.0013236650948785789,0.013139637265374815,-0.0014751954322017036,0.003475621176509458,-0.009691499333635334,-0.007936526797159338,0.009176403146669954,0.00302121096008634,0.012717184969333606,-0.014779953622231778,0.0,-0.01565404264037612,0.0035984414333525283,0.028177377419837724,0.008130222004036458,0.007627223192442523,-0.015163940314359747,0.01850390902234572,-0.013043154086060882,0.014706222385123757,-0.0001945501906603364,-0.034842918865663985,0.006856348617945318,0.013528654352838565,0.014883161420083002,-0.002842540916458247,0.010125300232109613,-0.0001988085092236025,-0.00997736440652569,-0.0010444895696569145,-0.008933273211692683,-0.0032062383929972738,-0.010214461590267121,0.008074952121184475,0.008345793180489558,-0.019708546727310927,-0.008815810273648195,-0.01676351184199859,-0.017893749550371874,-0.03529637865250135,-0.015637647940210664,0.02588716943266306,0.0017007570712626596,-0.010458322844116075,0.00045899811233324206,-0.03458993032944363,0.0,-0.017216280606878465,-0.01908936393049354,-0.022390911417506154,0.005645809050015438,-0.02613445471932252,0.0020813066446543904,-0.009530936222407194,-0.004539901146757119,-0.01744256140264938,-0.013721810325671269,-0.004083745436472053,0.017085689724694153,0.001846974440810667,0.00513785455450011,-0.013679262853506402,-0.013722613430586672,-0.020870072774329784,-0.016640401909463698,-0.012728672917932726,0.002661658922435084,0.0015791641954281954,-0.0003984325561233737,-0.0016058933813195564,-0.014213544287825453,-0.010140334235541337,-0.00986791341301757,-0.012676850043005172
0.0077656242060683,0.0,0.02101375890700652,0.003178916201500348,0.003173935749871959,0.0062612385914826985,-0.002508705451941984,0.0002928447363594877,0.0036446866790412757,-0.16321756676664295,0.01423221038639727,-0.018979552917497533,-0.01565404264037612,0.0,-0.0010254602030433935,0.0,0.0,0.0,0.006001651209938785,0.002029798426093632,-0.0017025917989874628,0.0003662623346520899,0.0035711479128767154,-0.021374467653811735,-0.00023304032617338377,-0.030000097643235746,-0.0019205349030985697,-0.0057737380038641595,0.004682113185944026,3.697351911963187e-05,-0.026477580896530073,-0.03855902857564908,-0.0006750462768932985,-0.0020373156269742343,-0.04416513717800491,0.001386447559092563,0.008770332581305662,-0.011333225406054581,-0.01765442922273297,0.0,-0.0016342907778824078,0.0,0.0006767075429801594,0.0,0.0,0.0,0.0,0.010816637591868017,0.0,-0.019654561776873747,0.011590694283060976,0.002451433436865269,0.020578196626059253,0.008185537478249627,0.0,0.01505193791828946,-0.00045184828810945765,-1.4159514806544315e-05,-0.024949212213703886,-5.551115123125783e-17,0.0,0.0,0.0,0.012749574527311291,0.00012908837357406,0.0,0.0,0.02314814752142591,0.0008685513368250075,0.0,0.0,-0.005474799227421834,-0.018568691244366164,0.006921564822566617,0.0,-5.551115123125783e-17
0.01408725059377336,0.001581446094762129,-0.017458974596065935,-0.0031349229683690916,-0.009023501949486978,0.013095041378517025,0.010347458963168521,0.003829766971080284,0.0019268578766368782,0.017017089519208994,0.0,-0.002667469478797202,0.0035984414333525283,-0.0010254602030433935,0.0,0.022398944844014057,0.05818662737319724,-0.01302211204699616,0.0,0.004030501122476882,0.006004965398295925,-0.036737043881805875,0.017404474455767427,-0.008441410817468131,0.0019865301298371274,-0.006674734753819023,0.051690392791212736,0.008319268473123309,0.015589955267018507,0.0006580393731490108,0.014441724735345773,-0.004712062713966847,0.00036523303425095577,0.002132373473423488,-0.004975122885854999,-0.014723851050379266,0.009757762359603572,-0.01789064980733146,-0.03885088938473524,-0.02596452371648661,-0.0387443201403781,-0.0376215566421893,-0.029081002629237795,0.0010168684686776563,0.09233946098795043,-0.011534632632040243,-0.02790024525432183,-0.0450094899318515,0.0,0.0,-0.026589489511237463,-0.005489370607117683,-0.02027567610831965,-0.017285091806061137,-0.0001518682380775016,0.0,-0.0009466010499256661,-0.003980238228790678,0.0,-0.061273790040612786,-0.010863525960039477,-8.761933136258726e-06,0.002116471952587351,0.0,-0.030923842605834417,-0.011955915545614648,-0.03434815538146091,-0.022442147650886646,-0.014076640691099984,-0.03300402979963363,-0.013653413870602316,-0.012353917875005782,0.017318169161751662,-0.022911339486895332,-0.010532540189766904,-0.02964841750248831
0.05440799456386086,0.02218748599030118,0.009977637807278006,0.0,-0.0055811276532364285,0.013849269170004452,0.009061745783943309,0.012699519933331516,0.026352774919764954,0.030359578043274882,2.9596760378780562e-05,0.03617503254730031,0.028177377419837724,0.0,0.022398944844014057,0.0,0.043329782654342563,0.03611807909768533,-0.00046418350550525567,0.043219371648416105,0.021182411428524506,0.03606626180453398,0.010322237417080271,0.058008054785110064,0.02619134735525197,0.02678183046093019,0.03283272169678242,0.020856485690747995,0.04820087384255339,0.013905484537969137,0.030387534126766702,0.026157422815761888,0.046735081418577185,0.022339154705378506,0.015839972794709056,-0.05178461462969036,-0.007224642471833409,0.010292581101237652,0.01213560855705742,0.01991558349210726,0.019420702709214976,0.021491479586712103,-0.00977378260328221,0.0,0.0,0.03002150236865958,0.016457130201851355,0.0,0.0,0.0,0.023125767193642066,0.012028537106737625,-0.014338407849309842,0.0,0.03840899640472911,0.0,0.0509351843555052,0.01934882421444606,0.0,-0.012912514605909697,0.027883413195162132,-0.005890832188615525,0.031591501764288044,0.0,-0.011248564115396542,0.0072260354744757005,0.012761629477646141,0.01327594475365379,0.006937667898808619,0.03065361559801072,0.01915581160510177,0.007667956193015857,0.014886108989934976,0.012192705635153012,-9.774018663744055e-05,0.0240715453103299
0.01890877131212787,-0.013679981975112554,-0.010214612261550848,-0.0005093573122973982,-0.001487675337952299,-0.004496751513537567,0.004870119951778551,0.015523428906267511,-0.0037031703928460113,0.010018118643511542,-0.0001956335460266967,0.00364942711510452,0.008130222004036458,0.0,0.05818662737319724,0.043329782654342563,0.0,0.01669381876612619,-0.005634276668435689,0.026587557943858864,0.014318605779398863,0.02098007066263169,0.007544718181711874,0.017302318401438588,0.026739497925754363,0.007610269549150117,0.004188101754742768,0.01246121612882406,0.009682843876562486,0.0002656954459271943,0.017645008198839573,0.045587427607012676,0.0276721969311593,0.03375572992531173,0.0303206727088432,0.003448307006903073,0.005065255530521118,0.004901947155065867,0.00045726139276669464,0.008865644115137516,0.016468759810118527,0.0015729386759689157,0.0,0.0,0.005022955851335054,0.025222227034124356,0.00010408368994213602,0.0,0.0,1.6653345369377348e-16,0.00013084062994317414,-0.0003527699389198613,0.0,0.0,0.019530697857147172,0.0006260719450216778,0.020107386926672632,-0.004386406381490904,0.0,0.0,0.014822950088157871,0.012430543020916729,0.012228699357585804,0.0,-0.0003244211173481504,-5.551115123125783e-17,0.01004400534454819,0.00253244317390644,0.041713873541868285,0.0072886913713196,0.02181059315121414,0.0,-0.00040644293947250665,-0.014084093939245867,0.0,0.028329824619321375
0.03676303543515025,0.019347047195414746,-0.011697168738918184,0.0,-0.013356008309389211,-0.011353832528738894,0.017463606313183444,0.010110511301540892,-0.01158205645818633,0.015198931348901601,0.010389724380921339,0.012002629051050373,0.007627223192442523,0.0,-0.01302211204699616,0.03611807909768533,0.01669381876612619,0.0,-0.012654614167794398,0.01454355848652722,-0.00034283886314889767,0.032488381087634965,-0.01304973815167626,0.028939077624208165,0.012200725036154214,0.019928821971268662,0.006122817610625719,0.018902382419958563,0.027192236229334976,0.012977150108771984,0.04208990375039562,0.0407082285704321,0.029612563595372565,0.03877876824221227,0.030676835789747725,-0.002382803538658773,0.0,0.017707246460938075,0.015141717027728985,0.013202573102465143,0.02100650617905364,0.014494452499393684,5.551115123125783e-17,0.0,0.014072234479056422,0.024763308329272316,0.01080682829378371,0.0,0.0,0.0,0.0211005068357063,-0.0003312873712890685,-0.011012301408598324,0.0,0.023973688684560623,0.0,0.025842530869055358,-0.0019944077553415984,0.0,-0.015207375809911439,0.019841203869118473,0.014487698492283319,0.014891825503162759,0.0,-0.002924574390494483,0.018517945251032286,0.009490347759754325,0.005336421795601454,0.02812520334699692,0.013946331334667827,0.01947967610195428,-0.006833500154619643,-2.486775391385976e-06,0.01305432811374796,0.0,0.02656075979172723
0.0,-0.016707013679781668,0.011916696017281625,0.017249563037738447,0.01223022083920211,-0.02140510209332891,-0.014406263434614042,-0.02127039505551176,-0.0013936560572243573,-0.010082461424231637,-0.012968637061054195,-0.012756888480366213,-0.015163940314359747,0.006001651209938785,0.0,-0.00046418350550525567,-0.005634276668435689,-0.012654614167794398,0.0,0.009026543309259893,0.010601344604221852,-0.0144274588004491,0.025161649697431787,-0.01394092717348333,-0.0023259803327403406,-0.001099836019378131,-0.01601688196476264,-0.014938808071467635,-0.005612121774798862,-0.03374955430245946,-0.0169171227911315,-0.029349620232556273,-0.009952848090402588,-0.013459812066397403,-0.0041432269095663665,0.015159229423401477,0.01802837393942297,-0.006682208186336358,-0.012098866486766391,-0.004244085530402231,-0.0145146021315401,-0.07286105995975867,-0.013065058415787256,5.551115123125783e-17,-1.6653345369377348e-16,0.0,5.551115123125783e-17,-0.007631762636615302,0.0,-0.008668995151295433,-0.005844358086357193,-0.0029052785172503093,-0.0009166545509429191,-0.001968576370019015,-0.00026194451049144085,0.07483710051015019,0.00227013228425732,-0.008785702235310722,-0.017300385236911853,0.0008043392828985807,0.0,0.0,0.0,0.01683069328884701,-0.0074574860491721795,0.0,-0.006516805446450558,-0.00734430214974402,0.0,0.0,0.0021269432196202587,-0.00610490920304152,0.004587618514425906,-0.01674518091522148,-0.02676625979107461,-0.005182724274621409
-0.002619729064686327,0.005609663915267182,0.009375456536307059,0.0052479181320044255,-0.00424742596162303,0.012686125814445448,0.005473746225677201,0.008847262803305833,0.006529249805300397,0.026322769470869034,-0.00013602282688351952,0.012740443843808125,0.01850390902234572,0.002029798426093632,0.004030501122476882,0.043219371648416105,0.026587557943858864,0.01454355848652722,0.009026543309259893,0.0,0.010711135863838539,0.019443362069294146,0.019250563737982007,-0.029066713468212435,0.005959806032135806,0.023919384816048717,0.040786048031435984,0.009300709995108791,0.0316662730438626,-0.08259373744628207,0.032154704508711274,0.00227205131008712,0.014022910131121835,0.01738098349971351,0.006861350502558761,0.00853620354890805,-0.026132521035062917,0.0023301507189022463,-0.034841931541632065,-0.026827817252253916,-0.04352142965355249,-0.026086267519966677,0.0019279834485201874,0.0011646287718320436,1.907123140071354e-05,-0.015914436857100478,-0.012926106863600184,-0.004152514099223514,0.0,-0.006143708116854718,-0.02191311634406856,-0.014655649412860239,-0.0207215853831747,-0.02020655083969647,0.0024585227681614974,-0.015412506988955632,-0.010362642823164958,-0.010288519260718831,0.0,-0.030464934406974398,-0.013448455728027997,-0.0017049128448980988,-0.01210654810148254,-0.004032649669865829,-0.03217964300363163,-0.012436731888319674,-0.02889014625163311,-0.024517348585886167,-0.001771497179580639,-0.010197398256541756,-0.010833580168416845,-0.004995317034172997,-0.012789075457280197,-0.009540913994929567,-0.019372340267377886,-0.03200970721221125
-0.010229809992591654,-0.008027378818002251,-0.015448752634285134,-8.965184588782815e-05,-0.0030257674746346774,0.009780246001395432,-0.012531531551649044,-0.028841181669594818,-0.004608497913601961,-0.032409461894396696,-0.005761926628108316,-0.032560290221370636,-0.013043154086060882,-0.0017025917989874628,0.006004965398295925,0.021182411428524506,0.014318605779398863,-0.00034283886314889767,0.010601344604221852,0.010711135863838539,0.0,0.017254058165665442,-0.008588538238846699,0.013580420355932876,-0.004921142467422146,0.012728330268851673,0.0352442837091862,-0.02451510090673875,-0.013650917336248236,-0.018413468499091146,0.009268515795557819,-0.005695120566499068,-0.0014830083567182184,0.0013675949352329742,-0.001800831749876275,-0.00020967735666266307,-0.006683637309603474,0.014393151847038932,-0.024830005944652567,-0.017180943843526808,-0.026299191435341984,-0.024816328515319674,-0.01159077517123508,0.0,-4.2408644870040035e-05,-0.09262155774272812,-0.026589951909407827,0.002226752961957512,0.0,-0.0004266245548170122,-0.035272124432459306,-0.05834412744649675,-0.02671967350918436,-0.013212825198893996,-0.00015753600373263899,0.0,0.0012277586141972163,-0.021857514050734217,0.0,-0.029595146418595453,-0.002820056114185898,0.0,-0.008851004352862846,0.0,-0.0312131402790905,0.0011332987727014632,-0.029795607856185458,-0.006124852497616795,0.019874987601815386,-0.010220083242726052,-0.0021902409710893855,0.002585738185737596,-0.0003864042274465129,-0.012929660451365121,-0.04044186251557974,-0.01776800128372147
0.02497234923378444,0.0012702708484052527,-0.0035845210308453335,-0.011712451010804814,-0.006355705683564861,0.007340376077561939,0.00016874233855362908,0.003477093699325695,0.0014698537743940698,0.014109577555210029,-0.01722846118569399,-0.046115271979353,0.014706222385123757,0.0003662623346520899,-0.036737043881805875,0.03606626180453398,0.02098007066263169,0.032488381087634965,-0.0144274588004491,0.019443362069294146,0.017254058165665442,0.0,0.01998137200645328,0.0004149648042068854,0.015458428520371659,0.013164408456686871,0.03731710547215533,0.023314249523108066,0.04037894484926535,0.013871432814918538,0.02390262682471489,0.002270791152528595,0.02660938272773261,0.002570241870631207,-0.0009788755351412548,0.01317628301517726,0.012306393294347462,-0.012234727753153818,-0.01042003914925177,0.006387784414404074,-0.009400550296652543,-0.013566979422734327,-0.05980302866099296,0.0,-0.007246473201742987,0.000803343702305559,0.005275303363606154,-0.021618687893596278,0.0,-0.0005571209571982871,-0.007559692092311776,-0.009893416043458225,-0.017167438839389537,-0.02842780742484735,-0.0036819741309717102,0.0,-0.012241840086695654,-0.00925354102847259,0.0,-0.01873370322240786,0.014956951611146574,-0.005342166532862236,0.0036228585746049813,-1.1102230246251565e-16,-0.026181133623417452,-0.0005407517164863207,-0.012464764437248144,-0.009060097322441951,0.0027302667404803804,0.015072185544919459,0.0004308897978349546,-0.004557976417367715,-0.0028853895671244745,-0.008341351559094878,0.009938479169892933,-0.0012864315101936419
0.004998239365401336,0.0012040673963997217,0.014364461404753393,-0.012051885045095578,-0.006350572427465284,0.014745616192024913,-0.008938116100756788,-0.022468787912466037,0.001680891412994212,-0.007521633025421581,0.010652324476032649,-0.00404278898689181,-0.0001945501906603364,0.0035711479128767154,0.017404474455767427,0.010322237417080271,0.007544718181711874,-0.01304973815167626,0.025161649697431787,0.019250563737982007,-0.008588538238846699,0.01998137200645328,0.0,0.018268401686536206,0.00805777530800339,0.017676367966876383,0.02276054115029802,-0.011863999467126074,0.00482344697756687,-0.008896197175582987,0.004731029686081523,-0.013214408431152347,-0.01350202063061856,0.0013093579167727243,-0.000862642856427065,0.0010020311942046112,-0.0060859617720172565,-0.016293606174815956,-0.022627596272092654,-0.02222437918374026,-0.02796359961321243,-0.025765818254371853,-0.006960822493266516,-0.016466724894000584,0.001924750237573991,0.0018761693939278734,-0.028339585460276207,0.01730023703270045,-0.0001328297588473748,0.0026751700531332245,-0.01721515396865725,-0.010948332767280244,0.008507345920511222,0.00414356918962544,-0.015648226656390762,0.018795947601110752,-0.011236285766655196,-0.00680062167501283,0.0057520021001586374,-0.01328563224058893,-0.01643831222614439,-0.007359810587234505,-0.017050310681397285,0.028766076056719547,-0.017712461312829886,-0.007110474933102906,-0.023726359262667363,-0.004507670065703073,0.003014227517103174,-0.025735595001949163,-0.006395239375402095,-0.0004557166304771654,-0.0073660958502377305,-0.005741605879003242,-0.008723308809031272,-0.015015438629315647
0.025645397904855205,0.013050275897834862,-0.017992788772897506,0.0025714637841277033,-0.005880321211135853,0.040677588198924586,-0.029833758660193166,0.005717795069108855,-0.004860687117572482,-0.009966859736668443,-0.008614942886143229,-0.009128925793211728,-0.034842918865663985,-0.021374467653811735,-0.008441410817468131,0.058008054785110064,0.017302318401438588,0.028939077624208165,-0.01394092717348333,-0.029066713468212435,0.013580420355932876,0.0004149648042068854,0.018268401686536206,0.0,0.010157032169698932,0.002467807614667028,0.01033952887602746,-0.01938451750307446,-0.021568218612853296,-0.018373299463119552,0.016693882658886106,0.008124081595174915,0.00041909923953187267,-0.007307473460901548,-0.01829794111036054,-0.029837190208654163,-0.004912810110006549,0.01924487699385502,0.09763097179846525,-0.0062183830310306165,0.042063406261906244,0.0646224634776657,0.006729484309397571,0.005199102314383253,-0.04181995750646672,0.045390526622821004,0.02376063553738239,0.0002849240839877809,0.0,0.0,-0.01234136690788401,0.00887837678840675,-0.0002070568583895649,0.002993622155752551,-0.004300805103548577,-0.001291616813084262,0.022620209294129612,0.017170087134264933,0.0,-0.005241824106784754,0.012327218415549623,-0.0031011892077086323,0.004759661192204501,0.0,0.00267598719007206,-0.010919447615298505,-0.014585592178778195,-0.010850800278546124,0.014461839692920031,-0.0024123214613272492,0.01606863085060689,-0.012267252014963925,0.0034544581251962914,-0.004365176260999748,0.0,0.013653168843592911
0.02221354189192154,0.006568093040316081,-0.006294341754909727,0.0,-0.0001713854191138231,-0.0047515085703012105,0.00030743796544718816,0.02141385726815248,-0.0034085748233446678,-0.006815457546789361,0.005918892738390247,-0.02485879587428419,0.006856348617945318,-0.00023304032617338377,0.0019865301298371274,0.02619134735525197,0.026739497925754363,0.012200725036154214,-0.0023259803327403406,0.005959806032135806,-0.004921142467422146,0.015458428520371659,0.00805777530800339,0.010157032169698932,0.0,0.006736075970675548,0.005936334231965212,0.007084978042561141,0.007877998757237326,0.001735509513107636,0.020913907743158044,0.02544640998139308,0.016513369836231917,0.02173605436434911,0.021319064845594315,0.0007340736835931283,-8.26606981990663e-05,-0.0010651707920144582,0.0014594314244063544,0.008236834276671212,0.010389240739966887,0.007498384198416419,-0.0015624870949851322,0.0,0.003719325758414882,0.003912405605116465,0.0005828679598872122,0.0,0.0,0.0,0.02106606009649714,-0.0010128159437349238,-0.04326471829100598,-0.00028108615699729,0.020488698651463744,0.0,0.021272854718579093,0.019610827829165123,0.0,-0.02385943812123087,0.00984194406908584,0.016127714275871452,0.0095824601045853,0.0,-0.021737726360061937,0.01706798697459949,0.0030626680900182612,0.006929071002020559,0.014436909931568931,0.004993529749043157,0.009854228056797643,-0.03849895307097034,0.008515265575017028,0.013387622110616393,0.0,0.014993363027026252
0.023170463900463567,0.0140943369353983,-0.015258724626157627,0.003998082142788129,0.007861449358966155,0.011499185722482763,0.00888489443503887,0.011308646335704275,0.0036810981193409753,-0.003602485349395168,0.009063701640960542,0.001593660309701761,0.013528654352838565,-0.030000097643235746,-0.006674734753819023,0.02678183046093019,0.007610269549150117,0.019928821971268662,-0.001099836019378131,0.023919384816048717,0.012728330268851673,0.013164408456686871,0.017676367966876383,0.002467807614667028,0.006736075970675548,0.0,0.044490440660883646,0.010656760449637481,0.010319484594874806,-0.006556542709621915,0.020252183013790337,0.008899758379665335,0.0189022371882277,0.01218770027596694,0.003024856948768695,0.01352604976438454,-0.025620254487844052,-0.00039222519765935715,0.0008874076259935415,0.00965846574350332,0.009977314640360002,0.006402585970156138,-0.03277632599481323,0.0,0.03588722396448191,0.007874779142770238,-0.004992250006203902,-0.004034885696300672,0.0,0.0009434027877878726,0.006025478521539784,0.007959425396482256,0.003575157721767974,0.005360684894820444,0.01532897974278169,-0.00028869287621241524,0.0181951882095005,0.007555659407075588,0.0,-0.018739931082045747,0.007318439133170651,0.01331165095720327,0.011280606458547171,-5.551115123125783e-17,-0.013419527184882818,0.0033395098906953136,-0.007307918872692609,-0.013135575497594587,0.018092542026384495,0.009170987870000813,0.0016271719680749919,-0.011985343544917648,0.0122684253332907,0.0018531039564937402,-0.0003088711273465661,0.013237334325531924
