0.0,0.0020723329455575867,0.06032016467819734,0.0,-0.00020726454110009396,0.02393995653500458,-0.016804671204699306,0.05056752037565815,0.014753014476365678,0.013654426618199766,0.0007475858465927354,0.013752778951260258,-0.015339985704830972,0.023110546660563003,0.02407132189197303,0.004913803548036333,-0.01624513908594455,-0.00954391027034579,0.0,0.01871884447144395,0.04481975348731981,-0.006634781979247328,0.05211123637118409,0.015305260362181106,0.0012947001060353291,0.010766739808852233,0.040794432482842924,-0.002473275550891052,0.012364336506156426,0.012352483435896677,0.00589198812505598,0.00883703732107255,-0.00042709638493543256,0.004978842285923435,0.0032670874787490978,0.022353223665639244,0.0,0.04336993513443471,0.019715183468965836,0.0011965357382929254,0.03206528352737842,0.0062705131370870415,0.0,0.0,0.003910134530565046,0.007188938604904382,0.005127510007937319,0.0,0.0,0.0,0.026566301294835226,0.0,0.021704358073359076,0.0,0.03721751161317144,0.0,-0.011375609590313751,0.017227302875149453,0.0,0.0042008933400252135,0.022770669204751348,-0.039696087000148816,0.009970306606094659,0.0,0.018181963712172733,0.017000052952765132,0.0068678128954771656,0.015292913293583732,0.005646270886939531,0.010767790673891608,0.0039863491819264185,-4.545108886422344e-06,0.00043822668185422575,0.017884656649242936,0.0,-0.026167263652805417
0.0020723329455575867,0.0,0.022275497054087212,0.0,0.0019483169358358032,0.0060106428851406934,-0.0033775948413828916,0.023916192907106615,0.003024146961077001,-0.0006461876807161704,-0.000810048341345404,-0.003948763971843683,-0.007364351505916522,0.0,0.014131951881450444,-0.002566787729628872,0.0025307325744680087,-0.0005941562275810774,0.01557845948404546,-0.0096588882295644,0.006365513084216179,0.012559004525273754,0.022337278569499464,-0.012002469567859164,0.009792606724898567,0.0010752541271671356,0.0016587491419921552,0.0011487391203769404,-0.006347656638431176,-0.0028625608857037466,-0.0029972658261697704,0.011796810449893114,-0.010317901156919052,-0.0004007273170499315,-0.00625853819316885,0.0010985273689363972,0.004872204062816077,0.000611493948500963,0.01129137019921439,-0.012239153578451512,0.008911920849796306,-0.0007090342719650589,0.02774238814409108,0.0,-6.222807736122604e-05,0.025422449192406882,0.006701041876928049,0.009845032650499908,0.0,-5.551115123125783e-17,0.02884278994713202,0.02912498423430665,-0.005340641185441031,0.012450405479482451,0.01928425849149562,0.0,0.014824016925014782,0.011155855721560137,0.0,0.012787636824345694,0.013290402647570032,0.01277197585991452,0.009930436884495908,0.0,0.03142590214146923,0.009426123076614445,0.009171515039858524,0.02884691060986272,0.03426858193131227,0.001183330882592537,0.006522284788563759,0.03117796927336708,0.05078207117638567,0.035191959391150274,-0.006943480315421857,0.01820147539652872
0.06032016467819734,0.022275497054087212,0.0,0.0018562607864386904,0.00902735082996936,0.00830250071019456,0.021448747061396267,0.046943213836626696,-0.006306382789109721,0.030207000077297153,0.0020404162668963277,0.029997931645979248,0.02508412087788675,0.028621996477112444,0.017815299385004535,0.009450757826857892,0.03013242926282722,0.012245257889475059,0.0034102030303407305,0.02662364689901947,0.03976560429155446,0.01922570793417666,0.03341116662219984,-0.008191747554641526,-0.009327316559962884,0.022571258919485637,0.0016563046887339006,0.021477725975330653,0.020774364713426363,0.024864818504078123,0.02935261223726565,0.01713988914099429,0.03609655195560463,0.023323791054277565,0.023305449273252288,0.002299327055200917,0.018122958023552183,0.03247453410848433,0.019224303312936453,0.04150837052024453,0.008449044786693727,-0.07075780242087848,0.02236881794816936,0.0019669302317467663,-0.00022534868079310266,0.0,-0.0006233080997319895,0.09260493781700019,0.0002699326338595487,0.06143830632552216,0.03513936781660032,0.0399946998186117,0.01828272665172115,0.0454682998864514,0.01269414933592472,0.11742852368497142,0.004388827690391395,0.02882674659526685,0.00435305739551739,0.02470072087908176,-0.0004733484197649851,0.0,0.0,0.016475782879614265,0.02933928722417678,-0.001261822090779463,0.02573802520029217,0.03500736263100901,0.0,0.0,0.004270165011973803,0.04144547854675984,0.050711562937426735,0.03334246078797376,0.03470261407659758,0.038508604881891895
0.0,0.0,0.0018562607864386904,0.0,0.014319993356962102,0.03984969831484664,0.04108698646809478,0.03688936800736281,0.03978746903142211,-0.10675285720479469,0.025085109235459424,0.038865636359718625,0.05878116951281637,0.046722192719792055,0.004540490279754339,0.0,0.00019113126727637875,0.0,-0.01245801105803368,0.0219010998284358,-0.00037594951934227794,0.008490459674074802,0.0385401279860873,0.007364950310779772,0.0,-0.0021389239798947357,0.02909614788246273,0.036208339270927925,0.009314108844379831,-0.0001914043605475424,0.011856149700973095,-0.0016202040942608908,-0.0657452895605316,0.03219912627384092,0.0070341603121126806,0.021706622303623357,0.05034328072398092,0.026122508290459256,-0.0009174802219191758,0.0,0.0007448181917080188,0.0,-0.0004638680005217277,0.0,0.0,0.0,0.0,-5.33574568181705e-05,0.0,0.0,-5.262276197642857e-05,0.0,0.0,0.00012491667693986797,0.0,0.00012788314441991577,0.0,-9.403731398693882e-05,0.0,0.0,0.0,0.0,0.0,0.0,0.0,0.0,0.0,0.015204496109884169,0.0,0.0,0.0,0.001933113742816961,0.0001224401887083837,0.00048157278919713775,0.0,0.0
-0.00020726454110009396,0.0019483169358358032,0.00902735082996936,0.014319993356962102,0.0,0.027686331072646564,0.036716116216105654,0.06646575330547838,0.022008993728688808,0.061429397025490995,0.01861761506124876,0.0534413484179333,0.03328226145951457,0.02849461472108017,0.010069250544154362,-0.00275208338543953,0.03566173505808867,0.03873273613090639,-0.0030101111829641813,0.0008813450891433927,-0.009748771569274284,0.003153580093657793,0.03317551565951865,0.03056282194263643,0.0172796277694387,0.0257762422907567,0.014918488909266059,0.024056240831693443,-0.0017072936751047485,0.03117582253197987,0.04457467858015651,0.03681591865297945,0.04067996715700056,0.038952307475354164,0.05194653873954802,0.01867508011190183,0.003298500403045024,0.0652436756592008,0.038808993800075575,0.020294998589563573,-0.0020554675554943502,-0.00866520856319375,0.0520943849147501,0.00013133964371925266,0.0014421099912519386,0.0,0.008527260945512205,0.044494604397665505,0.0,0.060213175688563325,0.03877251267798598,0.0404233997464285,0.028102604276797505,0.04000648430571996,-0.0004315530178286009,0.05538357251196563,0.012924869136041961,0.03960783268681034,-0.05387942722405109,0.007606011027935566,-0.0004950257201758457,0.0,0.0,0.03721567211706511,0.04551630781811811,0.0,0.027314601452697596,0.03876195609033395,0.0,-0.00026507318322283036,0.028297115386759386,0.045821655283884155,0.043857126651805634,0.03736616477085253,0.01180289967172532,0.03606933408166402
0.02393995653500458,0.0060106428851406934,0.00830250071019456,0.03984969831484664,0.027686331072646564,0.0,0.02027152263174098,0.04605645929719071,0.02333869479186995,0.04505256793045215,0.04304307178638961,0.03864779859602285,0.015252816083658138,0.055635376358642186,0.020299466949116884,0.010800212306038115,0.018052213545623252,0.005014865797954404,0.06496455718433963,-0.0017305390257719155,0.044391382606903784,0.01003319791735996,-0.017027558636815376,0.00338676492233958,0.010700047462693096,0.019045353698412093,-0.017584029574561788,0.008054422754846524,0.002656574651344945,0.013988606113134627,0.02365352526668696,0.029575251454189655,0.018519636333693357,0.022415442587192635,0.01182765490371046,0.05927052430869861,0.037448574107063315,0.053663270560134035,0.04450866439798612,0.01084316992719947,0.018455151237060874,-0.006745862422884108,0.03375804136646071,0.03617014847496225,-0.0015365705803435659,0.004056521187211726,0.009137354461410174,0.04153726916760769,0.0,0.042623896749839796,0.03726802705417598,0.04206872544670304,0.023273941115217467,0.03945182171106254,0.016254532071727223,0.036794733978246064,-4.43129805496878e-05,0.03964710783494274,0.02086698727458519,0.0425482549884687,0.019495175620904526,5.551115123125783e-17,-0.007701809258655545,0.04651355788764566,0.032818216636718134,0.05523938017065799,0.02959590179475502,0.032576431508695824,0.0,0.008105502285060795,0.01020643640772767,0.030513675845214583,0.031039746746453933,0.026233943213308575,0.07276183441836648,0.03554920310203502
-0.016804671204699306,-0.0033775948413828916,0.021448747061396267,0.04108698646809478,0.036716116216105654,0.02027152263174098,0.0,0.036115838772270925,0.025820534347301916,0.01841739939580045,0.03581084736310902,0.03327432288140725,0.016459748428879817,0.02198898461650406,0.027194275843946736,0.0022456240685388984,0.0048263729932180865,-0.0035251584836931693,0.03191960846189451,0.0030731611616707233,0.027632297442737652,0.003346099903329458,0.020522122701697898,0.002346947118305076,1.8211960887137835e-06,0.01416450218330606,0.013627749569335212,0.023627278959721054,0.0032407912560346586,0.023567463909397457,0.0010630529509849662,0.0397376137620154,0.017502966498384398,0.0159966456507199,0.02517433084987547,0.026120313480540724,-0.0051058749573835716,0.029851586398116303,0.049234078800483416,-0.005760326410090777,-0.04538831938455362,-0.052315608824527404,0.0409962340044302,0.0013866310328217724,0.013045263826135522,9.316535280312621e-05,0.003234014727330481,0.047370180551581376,0.0,0.043292087723018846,0.036530034984850523,0.04448324450257557,0.023958844926657785,0.04751809687622177,0.007942472312677529,0.0552833256828934,0.02667868727738043,0.03813370584119091,-0.0023221777145381317,0.026084568498330685,-0.004836145679514625,1.1102230246251565e-16,-0.00046646486900436823,0.04518998514117334,0.021463760558488365,0.018427552684693316,0.05404111204670964,0.039008943866047474,0.01515492839775534,0.007672655780024795,0.005011206204107499,0.03817280507849852,0.044091321448425425,0.031718801701211996,0.02823360445270917,0.04240706568266306
0.05056752037565815,0.023916192907106615,0.046943213836626696,0.03688936800736281,0.06646575330547838,0.04605645929719071,0.036115838772270925,0.0,0.043409527572460804,0.03895996204075308,-0.008575580245241188,0.03385599714608711,0.024671624586300345,0.038046649294513624,0.03370224631699176,0.03471156234330053,0.0012796852105844692,0.004937920710385457,-0.0010029868192026337,0.01758265148435678,0.04089635224500959,0.03376306024435993,0.040390117226732136,0.035075865098190606,0.02048182176835478,0.028138142350437434,0.02999827135087063,0.01732339775206465,0.02013841220179935,0.029389544717110305,0.030200809361031422,-0.002325394113145529,0.060111042632496225,0.03009504160921722,0.03041067789264834,0.04424187786723832,0.03978853897056961,0.0158093182893963,0.015113002803128217,0.005785330391735011,0.015960552365065217,0.0370010292223526,0.029657077179119307,-1.220028430798381e-05,0.00033600970811659137,0.014578468792556754,0.027218859290550068,0.015499102165833278,0.0,0.048195951103326085,0.03761640717022913,0.0380570216190359,-0.0326166269307917,0.011120709297146925,0.0017872646161775085,-0.010192894078870363,-1.1102230246251565e-16,0.03760665949644393,0.03214271859626461,0.051846785769923964,0.028655987006537875,0.0,1.262077587854682e-05,0.00015173906261600756,0.04066003349196706,-0.04783517029491574,0.035803582905881814,0.008003647403742264,0.0004904179667850617,0.007214867375592293,0.008224008819356254,0.020287621536150546,0.023475888531885092,0.03056006716497578,0.006022627043310191,0.028558447271061937
0.014753014476365678,0.003024146961077001,-0.006306382789109721,0.03978746903142211,0.022008993728688808,0.02333869479186995,0.025820534347301916,0.043409527572460804,0.0,0.04542039587861996,0.008471294562553966,0.05022506036634028,0.032765733732732616,0.0388997385237278,0.03125723066370362,0.010887629232495588,0.04462810768327563,0.027756585073829665,0.0185526455869241,0.006760702231567328,0.024459438776310127,0.013754119152931565,0.019790146487625115,0.031183793505826063,0.03855434122373663,0.05069978554867294,0.01326500367620026,0.023882316733377762,0.013100934853320867,0.036393782788497364,0.04121885634452438,0.030265644368612288,0.04578837497048277,0.03846119085661426,0.030172124188624194,0.029140753011856646,0.036585125364325566,0.04350700134912422,0.03556105859941905,0.03231539683219026,-0.006676492811705792,-0.029074836224346645,0.01922621831853738,0.01850347396394947,0.03347379914432763,0.0,0.0018899479029753086,0.04828534166207543,0.0021487807440483397,0.03905362039474336,0.03069104879792628,0.031910204655751784,0.015677877964838882,0.029494390117011826,-0.0372402999748504,0.03408622768122038,-0.004391847187446285,0.031138764163475163,0.01462651555534178,0.03056510933605333,0.017291396417473348,5.551115123125783e-17,0.0,0.03137865676684559,0.021137631508608756,0.006698640968342828,0.034682267478660544,0.029732913434792896,-0.001714183260322466,0.006845618146247678,0.0033047434109905738,0.03392687100548741,0.03926839354699807,0.03269961276828026,0.02906419833300089,0.04284495831880242
0.013654426618199766,-0.0006461876807161704,0.030207000077297153,-0.10675285720479469,0.061429397025490995,0.04505256793045215,0.01841739939580045,0.03895996204075308,0.04542039587861996,0.0,0.05141152790175396,-0.01763644921540225,0.02998656205149164,0.0888213063589604,0.02001793281430647,0.008749524545201726,-0.014303008253102267,-0.005729666297235314,0.03752621795978511,0.025208396393704813,0.012499751803101145,0.009060725186852692,0.038146977238519786,0.0017622466372644863,-0.005299416278501778,0.004596769805591205,0.03648251470196734,0.025265565851398553,0.026004844134860428,0.05140615125497677,0.0032175767435725366,0.061889761849456326,0.022082721976650455,0.006314145832426565,-0.013448744552857717,0.07038054803964922,-0.028930840961997162,0.007685839788089954,0.020665285715117776,0.0342689178018582,-0.03583221489481553,-0.03420483047813794,0.012204607162752235,0.0011087549572358912,0.02645068226011449,-0.0022081212765088787,0.018097806223959234,0.02178512971879787,-1.1102230246251565e-16,1.6653345369377348e-16,0.03935925056926837,-0.014583410131466856,-0.0013790830349916794,0.015170277604371507,0.030376464314878893,0.021192024827274003,0.02886127870043098,-0.09304913149246258,0.0,-0.0003628780185725433,0.014489175420860922,0.011794271735437956,0.01991349605606807,-1.9298052872873672e-05,0.005620437843858683,0.00024384771655511228,0.003936954622991873,0.04432739619917703,0.008252071230296976,0.026716021352272468,0.01934938591487101,0.04236099423432449,-0.11108909011962181,0.0590957477866727,-1.1102230246251565e-16,0.043983008015972436
0.0007475858465927354,-0.000810048341345404,0.0020404162668963277,0.025085109235459424,0.01861761506124876,0.04304307178638961,0.03581084736310902,-0.008575580245241188,0.008471294562553966,0.05141152790175396,0.0,0.057057948663819136,0.04395677857070068,0.015625568250301147,0.0,-1.4494932839337338e-05,0.03220538692835523,0.027961849039673803,0.0027331969342132556,6.661680924163749e-05,0.030716676840077117,0.0055648911584968985,0.010768747846956694,-0.016936018767673144,0.04437225331340522,0.03332832301942651,0.01265669070642822,0.04326091234143631,0.01592714986046434,0.03783373274477325,0.048398186312824665,0.03580320253619951,0.038389274296694476,0.04200855108749951,0.035702924256169444,0.028826661101383433,0.033159598941327195,0.039864839193309964,-0.024391459814048777,0.021802293348354873,-0.01587401480893802,0.018049859584868877,-0.011822458559093363,0.0011420220215073162,0.0511926352237877,0.0,5.551115123125783e-17,0.07172603453401355,-0.00011691344153763605,0.05699476521053948,0.015689056871828977,0.025788754824331517,-0.0074852188509981765,0.027501742748168523,0.006152397629841044,-0.02928257105707699,0.010047984282127498,0.016059989292043664,-0.014403716792280086,-0.0006610660181127215,0.0,0.0,0.0,-0.015299932672859562,0.0440345019430996,0.0,0.004761583379568779,0.008687218049862389,0.0,0.0,0.007431774103071387,0.02285041786711839,0.03585117254904052,0.009073687682090104,0.00020519843305671914,0.011465778515582503
0.013752778951260258,-0.003948763971843683,0.029997931645979248,0.038865636359718625,0.0534413484179333,0.03864779859602285,0.03327432288140725,0.03385599714608711,0.05022506036634028,-0.01763644921540225,0.057057948663819136,0.0,0.035026853456575524,0.021049459789567737,-0.0015650584734189787,0.012538301141430896,-0.006103792501630179,0.0019690597472672433,0.049336876107442806,-0.0007546671383819592,0.012752689188093969,-0.029378723074242552,0.03432497898880155,-0.010919107725768762,0.015182923395980097,-0.0008800040721405611,0.03131556677109465,0.037244862829067915,0.015513661433754322,0.023693704035143814,0.021746477014675802,0.010474180121805676,0.014407259563459618,0.0007910989465158558,-0.008237064409418238,0.04979607213974835,-0.010379470784058875,0.0004225882330472497,0.0351228587963604,0.03184696784589186,-0.035233544159450514,-0.04595490466485347,0.04795976384167905,-0.00887192369264897,0.023769543829975537,0.021769702800139734,0.010247084973510234,0.0149770026803272,0.0,0.00041301024825535215,-0.002594987536162774,-0.039898703567403604,0.0,0.0032551909585560312,0.029685703183632672,0.009222089964823321,0.019828159857744443,-0.03544207951347167,0.0,0.007926557888310481,0.023852976071001508,0.018887164358530495,0.015289423340501096,0.0,0.01278929150855529,0.000147425117820843,0.005448839853975873,0.05601413532364352,0.005286635932648109,0.024591432689259285,0.022087991923191108,-0.004702361411946243,-0.0129241640128549,0.0053479705029718105,0.0,0.05805693630314407
-0.015339985704830972,-0.007364351505916522,0.02508412087788675,0.05878116951281637,0.03328226145951457,0.015252816083658138,0.016459748428879817,0.024671624586300345,0.032765733732732616,0.02998656205149164,0.04395677857070068,0.035026853456575524,0.0,0.036082725953547,0.012426767083156098,0.002525784688560573,0.01986097736557435,-0.004613931518413328,0.03159263162469356,-0.00040444929444954925,0.00951725357645855,-0.0024790398052224605,0.02233673647704365,0.017802999604253245,0.0028260529231707854,0.01219761568720329,0.019745330388121374,-0.002503276216222372,0.0046571633830657655,0.013408030206622013,0.015168750409841059,0.02428972653284933,0.018017750940074018,0.016144591453239876,0.010199061818675026,0.04831146980286555,0.02538842303148897,0.03713640047027328,0.010634605358772087,-0.016628243366127837,-0.07811744778833352,-0.05345792835908203,0.037784861878080334,-0.007556046465803212,0.026209375585803107,0.005699661815304569,-0.0005545068701574563,0.038704721135250364,0.0,0.035028584754394854,0.027759833655535693,-0.004331065214859375,0.02301181719811851,0.03030972611353777,-0.03206227100607334,0.047015360272886886,-0.036112199336175044,0.010266070021576201,0.010877656631412436,0.022186156560613624,0.011960537670778704,0.010793109184687955,0.0005217355071499008,0.037506414804420185,0.020806711692334556,0.05165573470949297,0.023833596523039513,0.028841858542317467,-0.02049575620951738,-0.002904100425106859,0.002507785392204309,0.025116272037667864,0.037714758362260015,0.02255322637835311,0.03119281818552755,0.032032260361595566
0.023110546660563003,0.0,0.028621996477112444,0.046722192719792055,0.02849461472108017,0.055635376358642186,0.02198898461650406,0.038046649294513624,0.0388997385237278,0.0888213063589604,0.015625568250301147,0.021049459789567737,0.036082725953547,0.0,0.004778004297128269,0.0,0.0,0.0,-9.336369039697479e-05,0.0006296526343562148,0.01842636216079041,0.00027552614797310415,0.0643348180873744,0.038093559226428764,0.00011413086545836171,0.013256187969742816,0.045141800656028686,0.024741389187195928,0.007954901704892714,0.00019509273046952602,0.11574087943368949,0.07315718979327257,-0.012743459628500875,0.11008275819532753,0.15841200692521418,0.05723694659752443,0.04292470373471641,0.018360923413144825,-0.03039329676489605,0.0,0.0020564708894442174,0.0,0.040166669150683176,0.0,0.0,0.0,0.0,0.008065340611820848,0.0,0.029971984717722333,0.010728651617432639,0.0026890332316222842,0.034608557931369355,-0.0014909336188992928,0.0,-0.0026706538422057724,0.0008357351628679455,0.023062301844055777,-0.04586063502170212,-5.551115123125783e-17,0.0,0.0,0.0,-0.02332458847784874,-0.0011336283281133674,0.0,0.0,0.0036621139473157482,-0.00042537065320236156,0.0,0.0,0.020396296313461182,0.01907392289764176,0.0024974634456507716,0.0,-5.551115123125783e-17
0.02407132189197303,0.014131951881450444,0.017815299385004535,0.004540490279754339,0.010069250544154362,0.020299466949116884,0.027194275843946736,0.03370224631699176,0.03125723066370362,0.02001793281430647,0.0,-0.0015650584734189787,0.012426767083156098,0.004778004297128269,0.0,0.02090143785656895,0.011156956217689085,0.013479424059182676,0.0,0.009854925452527807,0.013822653501734783,0.04214865553745639,0.01653621807242661,0.051979197027806456,0.007985447255552003,-0.022569306325571525,0.0013336225816752423,-0.005782355288415031,0.005282728751131116,0.013677026834753248,0.027310914863594826,0.028469303016360192,0.029251518185587466,0.03042933704519235,0.028940270877017005,0.0395863723800175,-0.017840305551787672,0.015716445031879966,0.03804001577553884,0.029825975397802407,0.031045122057899,0.029333941010720177,-0.005968221547896002,0.020665463942458717,0.007863481057234945,-0.00646711299937075,0.020627414453378512,0.020262623401536617,0.0,0.0,0.0200459633503845,0.020060032914722414,0.0477001731549504,0.02207106282343868,0.00016805360704569283,0.0,-0.03203019504960314,0.03602276839966351,0.0,0.03832376535950377,0.028238799745672227,0.0004837219074930177,0.025953301745764934,0.0,0.053637451805752634,0.03220193420992057,0.040617614656887846,0.03680095174380621,0.013183381582891951,0.04672894657233906,0.0254363129146008,0.03128443007116849,0.04016285083870241,0.027949550939501633,0.02839373604540396,0.02443886771193965
0.004913803548036333,-0.002566787729628872,0.009450757826857892,0.0,-0.00275208338543953,0.010800212306038115,0.0022456240685388984,0.03471156234330053,0.010887629232495588,0.008749524545201726,-1.4494932839337338e-05,0.012538301141430896,0.002525784688560573,0.0,0.02090143785656895,0.0,0.011533718157766715,0.009525036533126863,0.0014136182156134214,0.0034553559588336724,0.009115914890643118,0.014473360173924088,0.031885245955860675,0.0033458446099579042,-0.01369455162551364,0.002519293013136581,0.005360458942270663,0.0008690721982693717,0.0009521009921050205,0.007834181841385846,0.005096050368769478,0.01329745920033576,-0.0011588807464645856,0.003660342823825713,-0.021133205746685313,-0.011417652728445138,0.0036485642455054146,-0.0008078691295854146,0.01128677913881082,-0.00570540294468902,0.01646969042276547,-0.0153436794753683,0.01404963188373276,0.0,0.0,0.012389879975604312,0.004495308842037082,0.0,0.0,0.0,0.05870538380928164,0.008509510483368343,0.07294961920897192,0.0,0.008299163617357552,0.0,0.0028140401272726545,0.010726885050950985,0.0,0.030551773231075607,0.013003321430726189,0.025943959119011928,0.012262150919043424,0.0,0.024587060536317706,0.022577383532380757,0.013522821635479854,0.02608219770127912,0.011199585815409308,0.004190470353294451,0.008026314292526315,0.046071288574794034,0.033553735021711883,0.03753606575653129,0.0002274603171759093,0.02539167732500358
-0.01624513908594455,0.0025307325744680087,0.03013242926282722,0.00019113126727637875,0.03566173505808867,0.018052213545623252,0.0048263729932180865,0.0012796852105844692,0.04462810768327563,-0.014303008253102267,0.03220538692835523,-0.006103792501630179,0.01986097736557435,0.0,0.011156956217689085,0.011533718157766715,0.0,0.011235966123567365,0.01878820234321138,0.0014356890854725912,-0.002530588658993138,0.0061546758194998,0.01179099657749183,-0.004482780237634321,-0.026020687961584577,0.003917364018498459,0.017875966270441968,0.012731140915501094,-0.0005168976274386727,0.02313051165044383,0.0026462662890647803,0.01681721312461515,0.01962588237680668,0.024766432076758993,0.014839120669531025,0.016325324586867362,0.007217158154243453,0.017306733990442358,-0.017135918722231858,0.016770258675558924,0.0536806517691123,0.0059931123652873786,0.0,0.0,-0.017307044053848475,-0.04416785400144707,0.006040790829610454,0.0,0.0,1.6653345369377348e-16,0.00032553834547599525,0.00017276811742300557,0.0,0.0,0.026494028251624835,-0.00030661703104306604,0.03290315401416499,0.008360743559130968,0.0,0.0,-0.0039124540451253575,0.021853151439814478,0.018897774617245733,0.0,0.0003003087804684945,-5.551115123125783e-17,0.00974171361264925,-0.0018078468624447286,-0.01868672166904095,0.025392850119044463,0.022651485594186727,0.0,0.017163414177907677,0.008198907233782304,0.0,0.06809338210581206
-0.00954391027034579,-0.0005941562275810774,0.012245257889475059,0.0,0.03873273613090639,0.005014865797954404,-0.0035251584836931693,0.004937920710385457,0.027756585073829665,-0.005729666297235314,0.027961849039673803,0.0019690597472672433,-0.004613931518413328,0.0,0.013479424059182676,0.009525036533126863,0.011235966123567365,0.0,0.023399419544628264,0.008611086857388872,-0.006896831351583033,0.01607653974741846,0.014108517041262147,-0.006916424021375656,-0.005592006534685612,0.000689727483041469,0.006004050475579281,-0.004034065095023298,-0.0019825887561613076,0.009667873370594215,0.003705040994552322,0.009995573773158906,0.009463803226283207,0.012856362529866328,0.0012278567282076325,-0.0017285529615674866,0.0,-0.007684955104582614,0.014684045135973045,-0.006680414478382246,0.020163829607235895,0.013843966604362434,5.551115123125783e-17,0.0,0.003739796398565809,-0.0018708783761324232,-0.005142200103329664,0.0,0.0,0.0,0.016857247542639286,0.0001622470883965721,0.008263590076614036,0.0,0.024660999509816317,0.0,0.022796853968569175,0.016014171155559753,0.0,0.014028069081593542,0.01121027724943574,0.016550573794128054,0.012704119557985338,0.0,0.016409631865945462,0.00679194632479041,0.030433114404362915,0.02473824796486851,-0.021966450527065473,0.015115629909451478,0.01339341853581627,0.040003264882708056,0.016148131714731062,0.010863908983956339,0.0,0.03500909677056302
0.0,0.01557845948404546,0.0034102030303407305,-0.01245801105803368,-0.0030101111829641813,0.06496455718433963,0.03191960846189451,-0.0010029868192026337,0.0185526455869241,0.03752621795978511,0.0027331969342132556,0.049336876107442806,0.03159263162469356,-9.336369039697479e-05,0.0,0.0014136182156134214,0.01878820234321138,0.023399419544628264,0.0,0.004660926197842863,0.007705031686938424,0.04519322000268666,0.05307022453652682,0.019589145231817595,0.03499413171934229,0.03641087568204043,0.011678548385726517,0.02958721938301906,0.02845953665928891,0.03869732097081274,0.03811091679629974,0.02221002173252784,0.03121447094884361,0.028018093422974177,0.025003963168962473,0.0024430359888974462,0.01552241219918471,0.04852519048740073,0.011735051875292057,0.024271088489579096,-0.007738364077194637,-0.06778776044959023,0.012434571294043406,5.551115123125783e-17,-1.6653345369377348e-16,0.0,5.551115123125783e-17,0.08705062729143392,0.0,0.024197662058204283,0.02419925019541691,0.025845694609041403,0.010389345942985684,0.02940431753350048,-0.0009327358727502233,-0.05726608971387659,-0.0011117911074091102,0.024166564927505352,0.028670703350285487,0.000337730224839794,0.0,0.0,0.0,0.018789412577013387,0.024761129955407635,0.0,0.003760590117030005,0.0276854728427961,0.0,0.0,0.013095771471568873,0.02857315186357623,0.04225519574112635,0.02702164893039477,-0.0019272305964962433,0.026178282089471483
0.01871884447144395,-0.0096588882295644,0.02662364689901947,0.0219010998284358,0.0008813450891433927,-0.0017305390257719155,0.0030731611616707233,0.01758265148435678,0.006760702231567328,0.025208396393704813,6.661680924163749e-05,-0.0007546671383819592,-0.00040444929444954925,0.0006296526343562148,0.009854925452527807,0.0034553559588336724,0.0014356890854725912,0.008611086857388872,0.004660926197842863,0.0,0.012043059817308743,-0.0004862968282121627,-0.030434364550578852,0.04353138890948932,0.00857511513975534,-0.003998971918135086,-0.03418171596970215,-0.0014848190815600626,-0.02158368140872563,0.024273787454397233,0.004580479415372984,0.02213213498276162,0.019595971626283126,0.018391657375627923,0.016069559073906114,0.038813051418736366,0.03573544111558019,0.010892714734431763,0.03917813825603633,0.004769319991045795,0.025892704675952782,0.03119217458093454,-0.020601908038127337,-0.0008697140977161899,0.019623320454787208,0.023986240210114418,0.01365445966667922,0.013698073752819784,0.0,0.00738795392153524,0.028113696496035456,0.017785022122121408,0.03884157307197894,0.024118326185261718,0.005981819808630773,0.027506085448334217,0.013776973354277522,0.024666538202615718,0.0,0.03340065479362325,0.031688293366625375,0.0028501180559747374,0.01601896123081209,0.004142509837889663,0.03548553063612753,0.03048000355449998,0.03960282438445739,0.030734294171974985,0.002775919532493898,0.01404779083386476,0.013860429322631485,0.026833233340126328,0.03282745519130642,0.022272375119217425,0.030015249149589973,0.02661299719481286
0.04481975348731981,0.006365513084216179,0.03976560429155446,-0.00037594951934227794,-0.009748771569274284,0.044391382606903784,0.027632297442737652,0.04089635224500959,0.024459438776310127,0.012499751803101145,0.030716676840077117,0.012752689188093969,0.00951725357645855,0.01842636216079041,0.013822653501734783,0.009115914890643118,-0.002530588658993138,-0.006896831351583033,0.007705031686938424,0.012043059817308743,0.0,-0.004719898201514083,0.029858219499303895,0.031540616105780794,0.021788609865369124,0.018672825506733493,0.027476618757102944,0.017921177698319024,0.019300161066637345,0.027402474157871948,0.0028892433215007007,0.01729528932004254,-0.008904641148309245,-0.0194330928201909,-0.021861737910419343,0.001993694114784783,0.008951408269932626,0.024325398559939204,0.028370933289040057,0.021532328121705413,0.0028695075925986857,0.018902258235480085,0.0069865143676037245,0.0,0.0007494032526786931,0.03457217176110916,0.0048311311046828065,-0.0010905462023818036,0.0,0.00020893821454243122,0.02702013281544846,0.012574859710988262,-0.07276396698679233,0.009716903892167617,7.715282904952048e-05,0.0,-0.004913496251299887,0.03315174055820996,0.0,0.023011878039118805,0.006056887528544774,0.0,0.025526504205172162,0.0,0.050921811136309725,-0.002664558960435881,0.032155992636598074,0.030685106955001262,0.049494175544921026,0.03133860869645094,-0.004235144858149464,0.026461723017015326,0.021004533614156662,0.02883200396599883,0.020295667288068586,0.03286495704040798
-0.006634781979247328,0.012559004525273754,0.01922570793417666,0.008490459674074802,0.003153580093657793,0.01003319791735996,0.003346099903329458,0.03376306024435993,0.013754119152931565,0.009060725186852692,0.0055648911584968985,-0.029378723074242552,-0.0024790398052224605,0.00027552614797310415,0.04214865553745639,0.014473360173924088,0.0061546758194998,0.01607653974741846,0.04519322000268666,-0.0004862968282121627,-0.004719898201514083,0.0,0.014282520697216472,-0.04230012601260419,0.017400934468120466,0.006917560724986005,-0.004329048355629417,-0.0001988639327208941,-0.010201510667389835,0.011642558271621473,0.006192616723359579,0.024479759262853618,0.0072095264135887405,0.011095308697513906,0.008202250577102888,0.04214644424161895,0.027463723069614754,-0.048685903771645445,0.03452331544554582,-0.01174572101428456,0.02964629450083428,0.02227693339598169,0.030691645601307438,0.0,0.0020802855797028563,0.010906277133973408,0.005488292641210535,0.018785612726701484,0.0,0.0007692923252969885,0.02506038721992948,0.005589887267187232,0.018286534903905305,0.10239936363921148,0.022629213280432603,0.0,0.016707703584162348,0.0245690770228304,0.0,0.03991977652491818,0.014679027318178661,0.009918674400107685,0.01650701823407058,-1.1102230246251565e-16,0.05767579472851814,0.057622811471398805,0.03674958285662333,0.03587848345819383,0.001895485394518226,0.009749583282202046,0.013255285059669442,0.030867915861864992,0.03581608325245139,0.03397380287767915,0.020047707231066192,0.026603236614838988
0.05211123637118409,0.022337278569499464,0.03341116662219984,0.0385401279860873,0.03317551565951865,-0.017027558636815376,0.020522122701697898,0.040390117226732136,0.019790146487625115,0.038146977238519786,0.010768747846956694,0.03432497898880155,0.02233673647704365,0.0643348180873744,0.01653621807242661,0.031885245955860675,0.01179099657749183,0.014108517041262147,0.05307022453652682,-0.030434364550578852,0.029858219499303895,0.014282520697216472,0.0,0.03602150855763936,0.0220094282594423,0.02095397619162037,-0.01801538716123302,0.02011866880658253,0.013638238843137862,0.028249834931393825,0.02957522536360535,0.02456598745917249,0.03904106526701184,0.03136603932911042,0.03095519758804194,0.053338384871111366,0.0342147622141149,0.03229675936583759,0.036582015933544154,0.020999492999480673,0.04259010696966026,0.002352666671850301,0.02387676968216179,0.0555797329165616,0.013889804729047273,0.03730542944163123,0.024412709889390483,0.020095585067511745,6.505301286180432e-05,0.03874783335277587,0.03898253174731847,0.041311152598539125,0.029011286488162424,0.03580741329212933,0.04253075944560303,0.05296036519201963,-0.002768932188176476,0.034183145682332494,0.008952733736954377,0.031650363048509655,0.03308865585607773,0.008186807791309314,0.01738221199301515,-0.020665619169557725,0.035828998454567884,0.045123223854745875,0.03784994562942967,0.034498369168668885,0.0036864552895781166,0.027407882280697904,0.020811780759982912,0.03158751349154998,0.03556588421294127,0.027800398547315974,0.026430457558562215,0.03660509736725703
0.015305260362181106,-0.012002469567859164,-0.008191747554641526,0.007364950310779772,0.03056282194263643,0.00338676492233958,0.002346947118305076,0.035075865098190606,0.031183793505826063,0.0017622466372644863,-0.016936018767673144,-0.010919107725768762,0.017802999604253245,0.038093559226428764,0.051979197027806456,0.0033458446099579042,-0.004482780237634321,-0.006916424021375656,0.019589145231817595,0.04353138890948932,0.031540616105780794,-0.04230012601260419,0.03602150855763936,0.0,-0.010477496071802983,0.0124187980587801,0.05036169027884274,0.021899325639842593,0.02565472323055573,0.010836226815424121,0.011626114812198829,-0.004026849707913616,-0.028891666081493128,-0.009029273629701517,0.012780772225738313,0.07399918621283563,-0.001310882904868249,-0.01965231987759064,0.04656448359822696,-0.002438902087528061,-0.010961263298863488,-0.04033609239813063,0.08219414296003519,-0.03940946611953566,-0.011126570740366215,-0.03533802618276627,-0.0027197725036501863,-0.00013954079463140978,0.0,0.0,-0.0007208076106797745,-0.004663048423448557,-0.00027682817992941144,0.06133471376160976,0.033039616080355605,0.0006325658187080752,0.02458643267462235,0.004971600521913255,0.0,0.0028620284453791944,0.029359743755446033,0.03803278276026595,0.026164355951725393,0.0,0.006297163042694731,0.0314224993803075,0.030891347676536784,0.01899746046208073,0.019661936523843515,0.024335711071535315,0.0262121403075824,0.021696589002062616,0.008114988168305304,-0.017267981377357244,0.0,0.08989540976094668
0.0012947001060353291,0.009792606724898567,-0.009327316559962884,0.0,0.0172796277694387,0.010700047462693096,1.8211960887137835e-06,0.02048182176835478,0.03855434122373663,-0.005299416278501778,0.04437225331340522,0.015182923395980097,0.0028260529231707854,0.00011413086545836171,0.007985447255552003,-0.01369455162551364,-0.026020687961584577,-0.005592006534685612,0.03499413171934229,0.00857511513975534,0.021788609865369124,0.017400934468120466,0.0220094282594423,-0.010477496071802983,0.0,0.009404207097297113,0.010684409021198105,0.003023002220979454,0.006823298449086801,-0.023306002660242686,0.00943360872042609,0.014349554433782996,0.005310898234813732,0.016826069068761607,0.00870444610704213,0.021234702882615863,0.0006872368552922614,-0.002050404092315161,0.010724879276886534,-0.009530419863389983,0.028010359987195754,-0.002991858804314851,0.00147264009120468,0.0,-0.0071604400376631405,-0.010608898439623538,0.0032232884392655037,0.0,0.0,0.0,0.018118472943687736,0.004011496724865504,0.01986596844707783,0.00013766118033420316,0.020126505667340144,0.0,0.025436503990331594,0.038982581018721096,0.0,0.02322059769375545,0.01033804206225647,0.019320337755945438,0.015166992126173173,0.0,0.014780170217086941,0.01728296338447971,0.00520633610274418,0.02420826457483305,-0.028077302675976745,0.011681756160358214,0.014327800882910025,0.040537783947375616,0.00953232855048236,0.03631925895293514,0.0,0.0347222911423023
0.010766739808852233,0.0010752541271671356,0.022571258919485637,-0.0021389239798947357,0.0257762422907567,0.019045353698412093,0.01416450218330606,0.028138142350437434,0.05069978554867294,0.004596769805591205,0.03332832301942651,-0.0008800040721405611,0.01219761568720329,0.013256187969742816,-0.022569306325571525,0.002519293013136581,0.003917364018498459,0.000689727483041469,0.03641087568204043,-0.003998971918135086,0.018672825506733493,0.006917560724986005,0.02095397619162037,0.0124187980587801,0.009404207097297113,0.0,0.005894402357114081,0.010318452904117925,0.019665125067338363,0.014004157449095833,0.010651619608033902,0.01889248993896675,0.016066699102784077,0.019207334708315538,0.0054316370142214465,0.04394801430742212,0.015493638377248431,0.027659334243512024,0.018827694539412854,0.0017290252318771793,0.023643373179362992,0.005312565513147849,0.02400091437877755,0.0,0.014997516021009127,0.014331668394036767,0.01663928903805484,0.015859910614176465,0.0,-0.00046202894758184954,0.01872534657257635,0.021741902186190043,0.02221938470732826,0.06517344019633858,0.02742941188034609,0.00014138655036560754,0.02962796977659954,0.01970294838034453,0.0,0.0373042618555014,0.018086341018592522,0.02588698331457523,0.0158104659735136,-5.551115123125783e-17,0.034381617232544015,0.030608399184880786,0.031295936642068756,0.03875312357923455,0.006241705700161637,0.014268091260841553,0.014221594049735109,0.03531711366813017,0.027070861762879816,0.03396669836024102,0.00015126879393823067,0.031670534057660904
0.040794432482842924,0.0016587491419921552,0.0016563046887339006,0.02909614788246273,0.014918488909266059,-0.017584029574561788,0.013627749569335212,0.02999827135087063,0.01326500367620026,0.03648251470196734,0.01265669070642822,0.03131556677109465,0.019745330388121374,0.045141800656028686,0.0013336225816752423,0.005360458942270663,0.017875966270441968,0.006004050475579281,0.011678548385726517,-0.03418171596970215,0.027476618757102944,-0.004329048355629417,-0.01801538716123302,0.05036169027884274,0.010684409021198105,0.005894402357114081,0.0,0.014217646139447204,0.00040108370585550945,0.011119662840272437,0.014081825956512861,0.03211425713549915,0.02709215453139896,0.02367561139308022,0.03545916041175734,0.06809803423114213,0.04850686557117517,0.03676913251634051,0.037621632510214775,0.01457839804685196,0.0353106630996628,-0.011962969176514182,0.030021309043979205,0.05283405032517052,0.017921053134649534,-0.0007826648505961376,0.014205087472805966,0.03872383990639772,-1.6653345369377348e-16,0.03964531723524345,0.0320810863514015,0.03377258438231978,0.013791682213141865,0.02806602765238886,0.04346834336623684,0.025903178116575165,0.016104725658515617,0.03328307528838714,-0.002912164415384,0.029184214811369236,0.04198482389981467,-0.00010175669521633735,0.02261722346613776,0.03126077556744822,0.024508975384774034,0.025891269467346045,0.03396766027058207,0.03172301590004001,0.009846375787605222,0.02558851187506639,0.010561318626130578,0.02731489222410577,0.03267914639968306,0.023984599129061257,0.026518462864763115,0.033500232309441325
