0.0,0.01820941522081032,0.019323038691842598,0.0,-0.0003491931750832511,0.0397027887016177,0.0016368396327247625,0.01412493619909394,0.025346530354699637,0.00873852192104918,0.00022697156544593255,0.007628972048971783,0.03600150323871498,0.010580266845948372,-0.024066035267632402,0.023847593517727417,0.02176372209870958,0.015293392210115442,0.0,0.02085832820968936,0.04254597291065926,0.03147011096391594,0.013645430714941453,0.006575849643458365,0.01605581371381698,0.00556146558976206,0.024776265508767714,0.03992611639600907,0.041662600414343554,0.03717876326162084,0.014418840942025002,0.008355901711373737,0.02025152866793245,0.014439774650172987,0.012781844871084858,0.027824773017327997,0.0,-0.018502349611927482,-0.0005899903432877718,0.03606774488155895,0.016087125244039158,0.004913773299481727,0.0,0.0,-0.01148210599533861,0.01948674533197281,0.019528437346438388,0.0,0.0,0.0,0.02858814795197251,0.0,0.026168637633631475,0.0,0.0209961282831731,0.0,0.016426345212333715,0.0156622691215228,0.0,0.008738388348813575,0.013378357954898223,0.008829269242616344,0.013476857800594766,0.0,0.025406813157046015,0.05033159964621742,0.008537677631360652,0.039094191118276445,-0.017708165654109653,0.025920222385802272,0.01947991572720803,-0.00793019638490089,0.0007383113659031326,0.02636227232304822,0.0,0.022039249462819543
0.01820941522081032,0.0,0.0027629875738984233,0.0,0.0034803134813781167,0.018449030298393287,0.021973662578349817,-6.625871647647497e-05,0.022429978386567406,0.03718889036130418,-0.001162148179572442,0.03553483562234122,0.024495314007722646,0.0,0.019157697135650076,0.020593838315335178,0.022063073534446365,0.014900573140533668,0.007305820565356724,0.017037168900723543,0.014147558173882746,0.02164812253914067,0.01960688201656796,0.007091108819865466,-0.00024105167297283625,0.006490007549768029,0.021312114992894593,0.02531225966180134,0.013378767867041397,0.009855531227059011,0.029668705970217535,0.029177497380911577,0.036269175764445605,0.0350229426232066,0.07112600194583157,-0.013166661572300786,0.003018074275565219,-0.00025431882913512505,0.006630164983781439,0.00850875867410733,0.026964698826505318,0.02750468468598749,0.024050021096701568,0.0,-0.0001048400261702831,0.03447746064366297,0.012265176839639347,0.006562075694054703,0.0,-5.551115123125783e-17,0.02214354076707825,0.01841102867443395,0.02990541414133896,0.01509109421071786,0.011844362903076,0.0,0.011000682505155013,0.024759461606864486,0.0,0.02857101969591319,0.016599516989415253,-0.002237327487897567,0.012036027743226763,0.0,0.03295727006960841,0.039283225079856654,0.020747257554945164,0.030145830190524858,0.013330916850622376,0.01714275236734203,0.02760680564623852,0.031209912608683943,0.03214844152915741,0.02415066065279886,0.0007768394033711989,0.02942115730055056
0.019323038691842598,0.0027629875738984233,0.0,0.029879069333912156,0.02469659283435388,0.01722910008147205,0.02190376319810733,0.042629956455099316,0.005595085700467017,0.023302151073989086,0.0341253345980444,0.010702336425019776,0.027944352977447406,0.052481972152371215,0.017349350288519694,0.011686262618140375,0.024534823999665112,0.0040445835505003025,0.006207362004104544,0.0010952289124379622,0.01733771988262095,-1.427338617854268e-06,0.032536565329678135,0.013759722634036964,0.02400797648303149,-0.0005164759483544112,0.007347515115837977,0.023909955091703572,0.0035392081722830926,0.01622071115105439,0.02126095172967868,0.02248489009804444,0.02648594262007592,0.023270803448394217,0.017782318760779958,0.04105715790264458,0.028242723894998933,0.04597037248351543,0.036591150997203004,0.017335429728882634,0.028655368954966454,-0.01397868529534707,0.029115933583048315,-0.0007861728442979388,-0.00012683131571777917,0.0,-0.0030811675924378723,-0.02095096795115753,0.0004547745261960223,0.058200891648879316,0.026333676162169417,0.03006629161302843,0.024142244993146322,0.028748475552513586,0.0197321765425722,0.04292769790355605,0.004492138989346084,0.029833552563813703,0.04733605022744369,0.025581991965606787,-0.000797483432241064,0.0,0.0,-0.05200020464285243,0.012043476790381258,0.0008588068841108853,0.020758729718260427,-0.041028042302742485,0.0,0.0,0.005907468802201943,-0.006484209402294883,0.01914553496051452,0.01943330587588976,0.02456165789561071,0.030742622729646563
0.0,0.0,0.029879069333912156,0.0,0.020632307486140478,0.016124609193951145,-3.6824009559510706e-05,0.00789312541494902,0.007041179110736706,-0.052772223575585225,0.04482053770889949,0.05669036740613492,0.041425735251426954,0.023176237597308302,0.000730281604702343,0.0,0.0004992400951348008,0.0,0.03188353356494178,0.02589705209640214,0.0006423949923737293,0.010948331044052129,0.04153451697143079,0.0027604010129365086,0.0,-0.003053988175677369,0.02559166514904404,0.008066046891449019,0.010907397369658067,-0.0003224724114874733,-0.018294110378610062,0.047700873161254986,0.012640535950738052,0.029711318699157552,0.009549034447478566,-0.021043531858157077,-0.012413050583093721,0.028609323038333634,0.04772522114706146,0.0,-0.04015310998980842,0.0,0.0003923779507715164,0.0,0.0,0.0,0.0,-8.989506676748693e-05,0.0,0.0,-8.86572746049974e-05,0.0,0.0,0.00021045592656593337,0.0,0.00021545374333015177,0.0,-0.00015843128821324548,0.0,0.0,0.0,0.0,0.0,0.0,0.0,0.0,0.0,0.014179282597314491,0.0,0.0,0.0,0.0014115096065114296,0.00020628361236296744,0.0008113396068660794,0.0,0.0
-0.0003491931750832511,0.0034803134813781167,0.02469659283435388,0.020632307486140478,0.0,0.014110423335731648,0.014159323113178135,0.01394628700622752,0.018208680572777913,0.031605863088119523,0.008089943955324863,0.02703015622565974,0.038112638697581525,0.02775983213587835,0.010958396196976805,0.0006548498498208377,0.030367360409122746,0.025623969737650243,0.03049734158104811,0.004564429343999976,0.015698614715572157,0.011810596724262656,0.01286881995628436,0.03341463469689537,0.014404604095674789,0.03874431581985477,0.013485167740673376,0.04723016780996775,0.018755049782190114,0.004673345161099185,0.02612497302053607,0.046031071149944924,0.042910731393022816,0.027444118026655917,0.015315519898595809,0.02607216245195121,-0.07015033684611868,0.0363512111214776,-0.01197819340962436,0.03624292735882795,-0.005255186516291421,0.019737940174454793,-0.007823106894737086,0.00022127715122527425,0.0017007249944065994,0.0,0.007021972011541255,0.028129433294892037,0.0,0.013744747726730733,0.02389615772430509,0.015865882442665957,0.015402574715175588,0.022100510606893664,0.0015040303282191636,0.04624225704422269,0.009488779396195746,0.010036721122825054,0.004151563186949425,0.011889805652201713,-0.0008340047075037216,0.0,0.0,0.014313852043302377,0.027529786035868198,0.0,0.011876582286594661,0.017635524087614818,0.0,0.00011416963636246003,0.0008535715550460066,0.015905611275910503,0.02566447637703062,0.011424996391163345,0.010166113635466267,0.011316962524592133
0.0397027887016177,0.018449030298393287,0.01722910008147205,0.016124609193951145,0.014110423335731648,0.0,0.018679141545229483,0.006067289305027201,0.0274622060343524,0.023479826734371156,0.04183694479716288,0.013111922865955361,0.026686358185960102,0.0013159137182788272,-0.0017678432735674376,0.01756956151157013,0.023866831576250636,0.01261558574595989,0.037800085491837054,0.02342989081075797,0.01434708373167276,0.020072188433399474,-0.002473951781044259,0.013430779369018375,0.01572304403336333,0.017438231395930093,0.02674699113883955,0.024707094339600222,-0.00634206854395758,0.041779287204599225,0.0333782536505941,0.02300784967773467,0.03637268240879182,0.025973670485274658,0.023055105715023172,0.023954248583755278,0.005644109171555778,0.03130955708018052,0.020978444669823126,0.010028839702734882,0.03549199516984458,0.02574433833254608,0.020391493292072016,0.022353907300383113,-0.005866379194091609,0.017177157295166057,0.023193390453216445,0.028367969624144673,0.0,0.032359826516948687,0.023742377643020784,0.030643488555916032,0.028961247837593573,0.03023249807069206,0.020173309165046893,0.046955666569793,0.013795581899887832,0.02139325615510379,0.01662652106566853,0.028322510698354397,0.016869142062873932,5.551115123125783e-17,0.0034229774476984276,0.035597019064557256,0.035603531810468936,0.07382108134789767,0.03344260350250855,0.01576632701967562,0.0,0.012146488293812097,0.019324971080820874,0.02081069682075587,0.025577113263639095,0.02738903321986985,0.02110107401291217,0.027064185117084416
0.0016368396327247625,0.021973662578349817,0.02190376319810733,-3.6824009559510706e-05,0.014159323113178135,0.018679141545229483,0.0,0.019258933819034152,0.007413898669692887,0.015963508212287536,0.018555661514151833,0.012410194052912271,0.015432561920307841,0.06057042058125561,0.01689827893285878,0.018085593928671206,-0.003824416186892665,0.008262690797802452,0.023255240229019702,0.014908277684980487,0.025483720783010866,0.021895284876276344,0.017412320161390826,0.0013277126094128344,0.018308821301219524,0.013548784721571117,0.01865882784596451,0.008377703169324291,0.025604346135985778,0.015777050428450734,-0.0037316665229371604,0.0209355619720219,0.0172994716420945,0.006761197091404492,-0.002114275728953452,0.029088039369434104,-0.01912052043785306,0.04100843261618059,0.011050549814817012,-0.00811334993570556,-0.002638212281871166,-0.027553457540889836,-0.000583642607962398,0.00016631955096962914,0.014776029579275762,-0.0005541533746880045,0.006480852496570599,0.02317965720837656,0.0,0.021117701019956914,0.026782358134018525,0.03087337610373797,0.027590958265479304,0.02640532750052016,-0.012540535779249906,0.026877697210029472,-0.006182438914146882,0.027640035540795416,0.00015878556651610642,0.02381217866220975,-0.0005611602574873698,1.1102230246251565e-16,-0.000785886229298538,0.019396258649195253,0.000568284348484771,0.019863345105311514,0.022654566692784206,0.02179262996544462,0.016283977079878054,0.009215394351849981,0.025384634867774647,0.02430381775156676,0.03355557032976719,0.02243802917113491,0.020523450698478718,0.02984166274809974
0.01412493619909394,-6.625871647647497e-05,0.042629956455099316,0.00789312541494902,0.01394628700622752,0.006067289305027201,0.019258933819034152,0.0,0.019276882098099357,0.011114987872082593,0.03868684345346357,0.013670676795169978,0.033006708925966244,0.016392859177306207,0.029019270317744816,0.018033792748168742,0.013553433326424502,0.007626776674527158,0.02990534200097955,0.023341946860455487,0.003423550269179787,0.02586594927257746,0.010783876107973545,0.008986651157878889,0.024656178472299672,0.01526522829090371,0.024031898609294,0.03462592405534265,0.027087105094265096,0.03636241370444998,0.023079395039216133,0.032674907148387666,0.02586913291055598,0.025014480541086292,0.023121797881503647,0.014883477617727847,-0.1070017934071043,0.01745762436880005,0.02428104326294772,0.018520209626378903,0.023508842080487757,0.039209767438232124,0.015383004673150957,-2.0554678537010318e-05,-7.547989222478346e-06,0.004986486931999046,0.015332609999765157,0.018275405129798195,0.0,0.03855126193890168,0.016883994402156655,0.020999743265840976,0.011349439817442297,0.01744498024958918,-0.005330563107331376,0.032408426521325695,-1.1102230246251565e-16,0.020312384076220158,0.03065020240530475,0.007313259865409427,0.021159366769076926,0.0,-1.0544832351744304e-05,0.016826453273451225,0.03956162695721188,0.06177472253010502,0.022360110193183957,0.015701703581141813,0.002113209930807769,0.02678755384909598,0.029338679605278584,0.018689000454943594,0.034359252856967115,0.04281056653803428,0.016411902418009938,0.02664550385615022
0.025346530354699637,0.022429978386567406,0.005595085700467017,0.007041179110736706,0.018208680572777913,0.0274622060343524,0.007413898669692887,0.019276882098099357,0.0,0.01769141476714925,-0.01694921264579108,0.01665181013707956,0.05497801245758299,0.03197643526581545,0.011255645888664068,0.026809584186363644,0.007752590711670226,0.023881872825988304,0.02410918564183251,0.015951142706656152,0.005624116884653474,0.021319574491164617,0.01979491997625532,0.02250583128030431,0.02769669326413049,0.01047951357673299,-0.001094183503857482,0.0358935956258431,0.026721519473138278,0.06203691076828649,0.022894092431182955,0.023185063253332472,0.023295280126024553,0.02004660724000429,0.01415624757309386,0.024862636121940673,-0.001866975939157689,0.031910339113114805,0.019065038677385404,0.07792447771142452,0.02165851434801791,0.014120952939266629,0.007248661566573444,0.014105702209892379,0.013682414444195712,0.0,0.013188708190784437,0.05898775049410354,0.003571098703415543,0.03889454332328568,0.023060567077792915,0.02470949321896254,0.016078719459074464,0.028566436212897006,0.04252508321387194,0.06521382995233427,0.027188211738473023,0.017773269888335164,0.01294871050037727,0.019047992322546337,0.011150882664772488,5.551115123125783e-17,0.0,0.023630122536771214,0.004325851332469988,0.014748012997335358,0.01687704651072519,0.015499523535701942,-0.0001378229559952926,0.001794078268112509,-0.00915864144606432,0.016065968816499354,0.026684306652465573,0.007334271290078798,0.028413652920971866,0.028535704768525738
0.00873852192104918,0.03718889036130418,0.023302151073989086,-0.052772223575585225,0.031605863088119523,0.023479826734371156,0.015963508212287536,0.011114987872082593,0.01769141476714925,0.0,0.02332665083310087,-0.01202138484497417,0.016678568364465574,0.06826154847989302,0.01676906637019332,0.006886021607052539,-0.0030518380974101644,0.0007234995799783595,0.02357425812751801,0.008615510733543164,0.039336963710022044,0.0122597440637916,0.019162748438568578,-0.009490293974538488,-0.008757213100327399,-0.005930279325599808,0.00779093173928358,0.011640295088610197,-0.06075607208016354,0.02159995748810467,0.01635280355447677,0.006905547802106671,0.014788491832715023,0.012455936267894319,0.0173285284476683,0.016021978469109355,0.017383205523975542,0.01387846361643802,-0.018847094700476574,-0.014566834156085229,4.595150081870836e-05,-0.004007457820991156,0.0025816401997348914,-0.0015667751817994846,-0.00890308445784943,0.025233230719875654,-0.01025516468506521,0.017118545561132903,-1.1102230246251565e-16,1.6653345369377348e-16,0.019112125515540312,-0.06411877299890578,0.0001520972082066363,0.018137778378957248,-0.014207663970225493,-0.0007746419987964548,0.016188095320938456,0.02721346218550974,0.0,0.0012042484478532178,0.024492335515704677,0.031044103310938154,0.027578695840836553,-3.2512789306937684e-05,0.01043662607282525,0.00041082742821674234,0.019319877210712266,0.021053359167537478,0.0035583591959383876,0.020829190856395008,0.017402246401827137,0.020456362408890594,-0.13467778039040534,0.0156162402550733,-1.1102230246251565e-16,0.0127096462959852
0.00022697156544593255,-0.001162148179572442,0.0341253345980444,0.04482053770889949,0.008089943955324863,0.04183694479716288,0.018555661514151833,0.03868684345346357,-0.01694921264579108,0.02332665083310087,0.0,0.02833517950318354,0.0336390078170436,0.033188106220291225,0.0,-2.4420634585853307e-05,0.0052281885165750275,0.013060105164303781,0.049817774069958964,0.00011223403197446746,0.02695289754137531,0.00432921105996481,0.0645170736338686,0.02553535258205769,0.013234194678612643,0.015007760631028433,0.01895285246749978,0.030633025773883438,0.026925689854985224,0.026998901257327956,0.026790353662405453,0.04860496640457318,0.054939288689480725,0.027292308356916872,0.007360181763288176,0.06963316920137996,0.00682679360023436,0.036493488021558274,0.023171669558117003,-0.028055063865026597,0.022738327790284618,0.0032159791588665665,0.02290955999311356,0.0019240449600714804,0.00040709749388345706,0.0,5.551115123125783e-17,0.11419914295728195,-0.00019697231202081555,0.031952257148589513,0.030948992012440057,0.02691450304522547,0.01615898661259807,0.03895296448272423,0.03380823720710219,0.012784107835450753,0.013628202128584732,0.01884451943508908,0.039053740929110514,-0.0011137444957020626,0.0,0.0,0.0,0.026957592148152187,0.019293427940932084,0.0,0.007629985821947738,0.03613641886429275,0.0,0.0,0.007321606567897654,0.031731442701401824,0.019704021653133397,0.00513335974729312,-0.0016729431474410972,0.018441235699233893
0.007628972048971783,0.03553483562234122,0.010702336425019776,0.05669036740613492,0.02703015622565974,0.013111922865955361,0.012410194052912271,0.013670676795169978,0.01665181013707956,-0.01202138484497417,0.02833517950318354,0.0,0.01894612671414525,0.027594469659899423,0.005733910609825754,0.02274394162292709,0.0018115569063640868,0.010032068963935104,0.047937197232018336,-0.042015373179356,0.007923991887339166,0.01928590273874825,0.0093948174452127,-0.0017739371470365528,0.0008213085753363547,0.01397915067904032,0.002565062435766652,0.017501098265385706,0.02549652402559993,0.0019132678493981592,0.007711703610954024,-0.010256531716917872,0.0019998650678956786,0.004044197941130978,0.031284274419465574,-0.037225394033839676,-0.01906255498314846,-0.001783020160513571,-0.019504003179608376,-0.0006695319691618073,0.013535776983641057,-0.06902707990614171,0.019379214516296817,-0.013196472605983445,-0.0011231416857547805,0.01915730512712316,0.010295110858919765,0.0026818824738614744,0.0,-0.00018512404848824993,-0.00198694149911105,-0.04179860219782611,0.0,0.006800597176259193,0.005472067357892352,0.010761281444160609,0.03123127518152302,0.00596528130044216,0.0,0.009537773090643631,0.019500627748254618,0.041715653325494095,0.03616701204386402,0.0,-0.00643488612485299,0.00024837748273592863,0.02888511060833654,0.035366662441447705,0.015283603024543846,0.02930670280827341,0.026192975834936516,0.0197179596783158,-0.13680109935511986,-0.004620607313846448,0.0,0.03952156346364866
0.03600150323871498,0.024495314007722646,0.027944352977447406,0.041425735251426954,0.038112638697581525,0.026686358185960102,0.015432561920307841,0.033006708925966244,0.05497801245758299,0.016678568364465574,0.0336390078170436,0.01894612671414525,0.0,0.058369207998862915,0.029906156970616105,0.025073122919162916,0.0015002055567455708,0.010963847453066888,0.03919340169772417,0.026243045584062208,0.029037216325610182,0.031636885222339706,0.02503238954547249,0.00805042281560675,0.020100769338326552,0.0162919414450568,0.033596936939362165,0.02595253632511324,0.035936142561245554,0.05620856858435508,0.02341013606395631,0.01977476121754146,0.017084746366292203,0.010219334337925379,-0.010892260920001673,0.04191292298419236,0.023092724020624067,0.029343875790719842,0.01244284539880075,-0.0001244288266303295,0.0019243664642458747,-0.03372236133880918,0.02416209776048861,-0.007133812237695658,0.016577871510053244,0.004827580561086786,0.01645195177160219,0.029463921066870125,0.0,0.023224492507722516,0.034703932293910666,0.03827386241609809,0.036253664215055326,0.03229240085091767,-0.00735883529846959,0.03968584667455122,-0.011123178222492647,0.033150241552162396,0.024566358451114267,0.027339611553026,0.014466890814155808,0.013323630896295346,0.006344164957976961,0.01714248135985763,0.033100056979103065,0.04494756655910248,0.053320337644750415,0.029158583499934054,-0.005675991889070753,0.013533106055889421,0.02201673995853548,0.03180978082181185,0.024262692281279974,0.03667556990118548,0.036190177768638754,0.034833148382379164
0.010580266845948372,0.0,0.052481972152371215,0.023176237597308302,0.02775983213587835,0.0013159137182788272,0.06057042058125561,0.016392859177306207,0.03197643526581545,0.06826154847989302,0.033188106220291225,0.027594469659899423,0.058369207998862915,0.0,0.005300648151440823,0.0,0.0,0.0,0.04953621426917665,0.003927879653571442,0.010802864918624644,0.004099152256744509,0.020932335321976858,0.01959507737361077,0.00019228431005552382,0.008349561140245043,0.031176675540928678,0.053886632611176655,0.01949728622404151,-0.0003191485567231034,0.035887286917913985,0.07100049436992895,-0.010416734547887774,0.04402899636923274,0.016995624823551603,0.03688291575838415,0.009621321654957687,0.019995692844216206,0.011437432689697713,0.0,-0.00035207271352560854,0.0,0.011524503568386635,0.0,0.0,0.0,0.0,0.05079421409434193,0.0,0.026729871985957943,0.023256300191222545,0.008535416932773432,0.02659237971093642,0.036251484622478736,0.0,0.03537862785080198,-0.0004590389646704218,0.02218970931273756,0.029414613886553087,-5.551115123125783e-17,0.0,0.0,0.0,0.01136582022455479,0.0013426585380137412,0.0,0.0,0.009673460092931463,-0.0007166519086698742,0.0,0.0,0.07273129441983472,0.02463455987307195,0.007621252528079492,0.0,-5.551115123125783e-17
-0.024066035267632402,0.019157697135650076,0.017349350288519694,0.000730281604702343,0.010958396196976805,-0.0017678432735674376,0.01689827893285878,0.029019270317744816,0.011255645888664068,0.01676906637019332,0.0,0.005733910609825754,0.029906156970616105,0.005300648151440823,0.0,0.025385005221673362,0.020195354434538126,0.010926992437019112,0.0,0.020963765413166302,0.006723782866383088,0.034606079888015395,0.01349292393455187,0.005456355395442702,0.008124200139657367,0.014671026845989088,0.013230925423038331,0.023707901002381182,0.023400469606813246,0.02771616912066227,0.016056070803010247,0.013980577276358486,0.032087524212788376,0.023391179445866495,0.046555852686535226,0.009629474009582584,0.00667533020577965,0.005383835070836562,0.014154020087540298,0.0022353003658139303,0.03475653242779575,0.02513243481046279,0.007260208132744583,-0.0011159340703165155,-0.0022787071335952924,0.006677573558647398,0.02352397157342173,0.017356888843014062,0.0,0.0,0.028507391643943336,0.013176570400275478,0.03141000417602774,0.021462341044444166,-1.5156856129072693e-06,0.0,0.010325848759416556,0.033225680895323184,0.0,0.018024472883845455,0.014868127764843808,-0.0006418475456290151,0.020515026321044738,0.0,0.019194053212289786,0.025238977259698092,0.022909130926545007,0.02768706960551731,0.014235247361315151,0.016885806967919192,0.024325559958854326,0.028447610960721015,0.021854141152079398,0.02039623703620075,0.02229761709969802,0.023599474137350196
0.023847593517727417,0.020593838315335178,0.011686262618140375,0.0,0.0006548498498208377,0.01756956151157013,0.018085593928671206,0.018033792748168742,0.026809584186363644,0.006886021607052539,-2.4420634585853307e-05,0.02274394162292709,0.025073122919162916,0.0,0.025385005221673362,0.0,-0.00011980031222552645,-0.01529497058274032,-0.0012230489268206801,0.031436591717641016,0.03246517009581862,0.014366739190736388,0.03055920161426884,0.024587495668730253,0.015944239250551218,0.02852587824998204,0.02609832638237447,0.034897404148562794,0.02414917902468494,0.04342232844428112,0.019653453246205543,0.008958026990528722,0.039855397445205554,0.0239751002479639,0.06080504187575558,-0.002418646697582627,0.005319226317428316,0.0032317169495660325,0.012040176848374662,0.023761955221917208,0.028637140231970226,0.016208207606986436,0.013326529500273798,0.0,0.0,0.0388409763816126,0.02600506461660501,0.0,0.0,0.0,0.0308232889638817,0.010075232039144622,0.016629987765251042,0.0,0.017537447298950848,0.0,0.009969337486632868,0.02133544585483166,0.0,0.02618551786222917,0.01845254969251703,0.028611113471392502,0.020299293650545835,0.0,0.03932875727106799,0.08089366755756383,0.03148245088206225,0.04528663190187682,0.015779112251954164,0.02694369849748013,0.030738214171557032,0.0415470488004534,0.044287755457321,0.034600414358850584,-0.00016249440785143232,0.029788149931373187
0.02176372209870958,0.022063073534446365,0.024534823999665112,0.0004992400951348008,0.030367360409122746,0.023866831576250636,-0.003824416186892665,0.013553433326424502,0.007752590711670226,-0.0030518380974101644,0.0052281885165750275,0.0018115569063640868,0.0015002055567455708,0.0,0.020195354434538126,-0.00011980031222552645,0.0,-0.002570809938280738,0.006176036078500313,-0.005278553719193668,0.015190670905106729,0.011179592573055064,0.013072052629884146,0.01733658579868602,-0.016432521930612398,0.018055483878017087,0.04775198818189785,0.00437096418390287,0.0158639691585592,0.0026736321012237885,-0.007847411557170336,-0.031179277686481655,0.0016260157241613782,-0.020003540120279772,-0.028147778138538193,0.008917675977965223,0.006919532812750873,-0.0050645255524845445,-0.030520491083883328,-0.019107809782795415,0.004539128933216785,0.00423861641971407,0.0,0.0,0.01495487515835131,0.012891248565621405,0.0015085816430689403,0.0,0.0,1.6653345369377348e-16,-0.0006354411795553849,0.00029107461969074544,0.0,0.0,0.0018533717495067825,-0.0005165793147068332,0.007747012198002612,0.009207661369470654,0.0,0.0,0.022604172119576882,0.023389074559309997,0.030665833149970623,0.0,7.621629056686618e-05,-5.551115123125783e-17,0.010442739395625067,-0.0013211175527445551,0.014519989352315965,0.020533576317447344,0.011180776793362268,0.0,0.0066099646643964505,0.010466870940859463,0.0,0.005818073506047627
0.015293392210115442,0.014900573140533668,0.0040445835505003025,0.0,0.025623969737650243,0.01261558574595989,0.008262690797802452,0.007626776674527158,0.023881872825988304,0.0007234995799783595,0.013060105164303781,0.010032068963935104,0.010963847453066888,0.0,0.010926992437019112,-0.01529497058274032,-0.002570809938280738,0.0,0.006099186844519655,0.0021497191016711104,0.015350331565619935,0.012368937000317659,0.009201914398808908,0.02788340421039237,0.00478279187819991,0.017212214423692695,0.02185696657359676,0.015264888552320721,-0.006283344092986032,0.012674702755845368,-0.00394400006177964,-0.018018452370266835,0.015842977006379044,-0.008185744046528498,0.012138435778690115,-0.016989180169952156,0.0,-0.0002040804541550978,-0.006113842078230791,-0.007454763836624967,0.014333794678882794,0.004849594589346196,5.551115123125783e-17,0.0,-8.091625442696593e-05,0.020130725154727025,0.010030794141912769,0.0,0.0,0.0,0.021592346299888543,0.00027334910083759434,0.00984351654616028,0.0,0.010047546218297787,0.0,0.012300066428332812,0.021345723379570247,0.0,-0.0017453160919043698,0.016450089184578798,0.028649050981695234,0.02823956845217429,0.0,0.022152119382593094,0.02373687529206997,0.012081170901367233,0.005232093846894936,0.004669018656636881,0.024376491300505176,0.01812259928410065,0.004115383553309315,0.01622331066698829,0.016737501494470453,0.0,0.024583136181965226
0.0,0.007305820565356724,0.006207362004104544,0.03188353356494178,0.03049734158104811,0.037800085491837054,0.023255240229019702,0.02990534200097955,0.02410918564183251,0.02357425812751801,0.049817774069958964,0.047937197232018336,0.03919340169772417,0.04953621426917665,0.0,-0.0012230489268206801,0.006176036078500313,0.006099186844519655,0.0,0.005545826559484879,0.015346553491949577,0.015232536083764181,0.06689691137608694,0.007203728834188627,0.027701469577830207,0.02421484776952676,0.00022565182380102078,0.03819366912756955,0.03135422615701133,0.034282467158899044,0.031905445554213985,0.04003490283314909,0.02306137451188528,0.03192143206519843,0.022337139386991833,0.050795783615578016,0.022944317859003194,0.05871021889112654,0.03751460045689159,0.009752499905290368,0.01877698612421763,0.014204992532607763,0.026930522707076687,5.551115123125783e-17,-1.6653345369377348e-16,0.0,5.551115123125783e-17,0.12996100878475259,0.0,0.05117996113207535,0.034588176029646256,0.0316706980742717,0.03966521847366955,0.04286927867455714,0.0016525982624865376,0.1786390847065767,-0.001873112809190225,0.030361878889549332,0.027066714141320225,-0.0016542181148138657,0.0,0.0,0.0,0.05564369158139271,0.01664122962557113,0.0,0.004519582975818615,0.03137253613457003,0.0,0.0,0.015556411322364017,0.027579644004411596,0.0291279027336232,0.009900624265129887,-0.00011409206968238106,0.01285971444347489
0.02085832820968936,0.017037168900723543,0.0010952289124379622,0.02589705209640214,0.004564429343999976,0.02342989081075797,0.014908277684980487,0.023341946860455487,0.015951142706656152,0.008615510733543164,0.00011223403197446746,-0.042015373179356,0.026243045584062208,0.003927879653571442,0.020963765413166302,0.031436591717641016,-0.005278553719193668,0.0021497191016711104,0.005545826559484879,0.0,0.0220987043853067,0.006880566856592718,0.01686649091910608,0.022800918624451605,0.013872319515656761,0.031625588764900014,0.009494192412665192,0.04702339150986318,0.026608187867603605,0.05769300135759764,0.019157573116999005,0.012845507138480095,0.02186896349596179,0.031234952112340786,0.04940462866640677,0.009343442566192128,0.012068545380478746,0.006914875181618485,0.02478617996452709,0.03316679779425524,0.043039804700978346,0.031315914161029246,0.05140289271118598,-0.0005556871229066007,0.011717253374853853,0.020722055058367495,0.027772620428615724,0.012353318917794953,0.0,0.007663990770607698,0.026597432705625867,0.0160194391730602,0.04014632781322641,0.013312051468490238,-0.02196410868396953,0.02298599227855741,0.007412069394839904,0.02450401620805487,0.0,0.022043483102331896,0.030975932488122915,0.0020068293371836576,0.02615869344229893,0.002628080475429617,0.028611079043138532,0.03567561292692062,0.019945337029169785,0.02957761279773552,-0.001121913396492702,0.041229409560787356,0.023697320120830423,0.028884002312478563,0.024764513637882735,0.023349551032470883,0.025895774742636435,0.033670874284760455
0.04254597291065926,0.014147558173882746,0.01733771988262095,0.0006423949923737293,0.015698614715572157,0.01434708373167276,0.025483720783010866,0.003423550269179787,0.005624116884653474,0.039336963710022044,0.02695289754137531,0.007923991887339166,0.029037216325610182,0.010802864918624644,0.006723782866383088,0.03246517009581862,0.015190670905106729,0.015350331565619935,0.015346553491949577,0.0220987043853067,0.0,0.02573767186244008,-0.0005538071076657269,0.03219459427250154,0.02884643695258915,0.02361165391753528,0.01477183303835261,0.028800867643405725,0.01819809416991125,0.031454566263859673,0.01848718195322452,-0.004449544604868738,0.0200762391296625,0.023123013965581418,0.0460029105700796,0.03378607906952269,0.03941009202007306,0.021081967473858987,0.006417405215819072,-0.006431505825311545,0.05350602966347823,0.015316820651759544,0.01951352758676178,0.0,-0.00095146855364725,-0.050924277817641084,0.01920118095782397,-0.0018373200208944285,0.0,0.0003520129306491815,0.03382358720629414,0.017615661332844867,0.061363057381734476,0.012198710506614863,0.0001299848068533338,0.0,-0.003412649688785463,0.03096427515126754,0.0,0.018155305340344652,0.021877330958799235,0.0,0.036096017309383166,0.0,0.03785853006764145,0.01835865192256958,0.028506707150466437,0.03640585099477728,-0.010258701216101063,0.025812800063587604,0.016300534124513932,0.04442102964621519,0.03971340416613639,0.03201878319602308,0.04052023711853242,0.048958901567670576
0.03147011096391594,0.02164812253914067,-1.427338617854268e-06,0.010948331044052129,0.011810596724262656,0.020072188433399474,0.021895284876276344,0.02586594927257746,0.021319574491164617,0.0122597440637916,0.00432921105996481,0.01928590273874825,0.031636885222339706,0.004099152256744509,0.034606079888015395,0.014366739190736388,0.011179592573055064,0.012368937000317659,0.015232536083764181,0.006880566856592718,0.02573767186244008,0.0,0.02842305650073329,-0.0028507521480873876,0.019504920195350328,0.030149949337497428,0.020423688871939127,0.04740921864829739,0.01319464923059821,0.05741968167588418,0.019615699640237294,0.021036320985282075,0.03645010479849431,0.03398924027318129,0.053910696666638336,-0.005732987463743511,0.015044597529068726,-0.009021419070076864,0.007219063182166308,0.0028254116327087186,0.03517610891191586,0.02307329750219822,0.016923681871419627,0.0,0.003562877893871441,0.02110760810003559,0.018087305344049343,0.021976384901127854,0.0,-0.00021242322241055156,0.029260333039591024,0.0052245020051585045,0.027555160869944695,0.02441198701131192,0.029112484608949052,0.0,0.009735548848256836,0.025588785818308035,0.0,0.021146149655885016,0.020492834190605214,0.010133918869654313,0.005720188411359961,-1.1102230246251565e-16,0.02165129741200761,0.03285569236673125,0.030580817971024965,0.0232072433214226,0.016311996760392466,0.01615044681267097,0.02845598654822956,0.029373145054142458,0.02572093313252638,0.019192086790642993,0.006645178594221257,0.030134154279782666
0.013645430714941453,0.01960688201656796,0.032536565329678135,0.04153451697143079,0.01286881995628436,-0.002473951781044259,0.017412320161390826,0.010783876107973545,0.01979491997625532,0.019162748438568578,0.0645170736338686,0.0093948174452127,0.02503238954547249,0.020932335321976858,0.01349292393455187,0.03055920161426884,0.013072052629884146,0.009201914398808908,0.06689691137608694,0.01686649091910608,-0.0005538071076657269,0.02842305650073329,0.0,0.013215159186890313,0.011307763352942202,0.018393911257522322,-0.014189483468655062,0.03354091063049919,0.02587036615658045,0.04559243746446229,0.026736105338413974,0.014860144901805483,0.037901200170449845,0.025685309228554165,0.03736604603745114,0.03443526842921946,0.01094734189663854,0.02097035112239687,0.017422327819540784,0.01790760412789405,0.025987381444751767,0.0165030823702339,0.02165277930463705,0.028491436116558577,-0.005723651728474111,0.015831289881239885,0.02302079762058501,0.06557798708879892,0.000109599394037041,0.023098107451809624,0.013525587817327156,0.011245829494206272,0.016658363608532678,0.01796937103302565,0.009496817743493868,0.06549249300844162,0.01604361164193463,0.01417425012704987,0.009201541542878555,0.022744238069432487,0.014282265248118597,0.010143084463282825,0.031105167405089618,0.058416131125864634,0.029225168655117484,0.03436291007876158,0.02575202061465537,0.012767738372602144,0.005978203670501947,0.03019511604363806,0.02990804693469651,0.015615924586378838,0.0248206717786692,0.024902114412185927,0.02085496699839695,0.02301781754050125
0.006575849643458365,0.007091108819865466,0.013759722634036964,0.0027604010129365086,0.03341463469689537,0.013430779369018375,0.0013277126094128344,0.008986651157878889,0.02250583128030431,-0.009490293974538488,0.02553535258205769,-0.0017739371470365528,0.00805042281560675,0.01959507737361077,0.005456355395442702,0.024587495668730253,0.01733658579868602,0.02788340421039237,0.007203728834188627,0.022800918624451605,0.03219459427250154,-0.0028507521480873876,0.013215159186890313,0.0,0.025440653026270688,0.012003881513117987,0.01896786165011799,0.013804440246551919,0.03371120159352392,0.05120535116609781,0.011587569906687412,-0.034068646644093314,-0.037948116163373846,-0.028113083068523115,0.006916398619995656,0.014766181296307357,-0.018261291558268417,-0.009767684955111211,-0.025115671524745975,-0.017157621662823808,0.02711387072805088,-0.10543225325086314,0.015182721089247009,-0.0008984933591517086,-0.013362565097171597,0.026045469179070746,0.03644791461357505,-0.00023509420797390712,0.0,0.0,0.0044228162869456855,-0.005065906483084193,0.0006829165725581454,-0.0007504140958330963,-0.004545363275245018,0.0010657282018014524,0.033459848522919,-0.01198138377036334,0.0,-0.00013488552959922684,0.012434474213558033,0.03281183922537112,0.01501201707724048,0.0,0.009962934964040548,0.012878474128485085,0.00787225507519379,0.0375385758644981,0.00904447913678369,0.013247308462805807,0.005019568051089829,0.012258499176289739,0.018420670405302375,-0.007480717743705123,0.0,0.048083488039782074
0.01605581371381698,-0.00024105167297283625,0.02400797648303149,0.0,0.014404604095674789,0.01572304403336333,0.018308821301219524,0.024656178472299672,0.02769669326413049,-0.008757213100327399,0.013234194678612643,0.0008213085753363547,0.020100769338326552,0.00019228431005552382,0.008124200139657367,0.015944239250551218,-0.016432521930612398,0.00478279187819991,0.027701469577830207,0.013872319515656761,0.02884643695258915,0.019504920195350328,0.011307763352942202,0.025440653026270688,0.0,-0.000715234475329285,0.027048106950584128,0.017420912769477825,0.006636170143634379,0.040000730999740775,0.013137816773861943,-0.004605351386529288,0.01675627567877802,0.008928407818671658,0.03556061335381405,-0.009756693936514571,-0.0008074032780329699,0.013938324140133296,0.0016670185101821389,-0.005241149631167452,0.014019691297505465,0.015764525329123646,0.001360274352254387,0.0,-0.04844812886760924,0.027470871976638278,0.016125518293031604,0.0,0.0,0.0,0.02072937186581386,0.010126332636558821,0.021978309654090256,0.00023192748934020013,0.009037279124389896,0.0,0.012741387228831669,0.0201468716207876,0.0,0.010437685720699696,0.013730442358111439,0.02571480832731171,0.024229113232680954,0.0,0.02444387461146419,0.038146776314700315,0.014631459400305746,0.02115612613794071,0.0111288833966387,0.024214177703351103,0.020323841989635716,0.012464477375424388,0.010639257251891965,0.01897949275827343,0.0,0.02435205615651026
0.00556146558976206,0.006490007549768029,-0.0005164759483544112,-0.003053988175677369,0.03874431581985477,0.017438231395930093,0.013548784721571117,0.01526522829090371,0.01047951357673299,-0.005930279325599808,0.015007760631028433,0.01397915067904032,0.0162919414450568,0.008349561140245043,0.014671026845989088,0.02852587824998204,0.018055483878017087,0.017212214423692695,0.02421484776952676,0.031625588764900014,0.02361165391753528,0.030149949337497428,0.018393911257522322,0.012003881513117987,-0.000715234475329285,0.0,0.029677729658820984,0.014243769450963617,0.008427497911126902,0.02687275528367672,0.018719041737285447,0.0190289427690144,0.026187140870558068,0.019910819681121017,0.05886687228035248,-0.0663060935742717,0.01432883968823745,0.008759506808921902,0.003293847296432617,0.006689314890611697,0.01864492793473993,0.020516628794787384,-0.03062035665249202,0.0,-0.028060007006885435,0.031505717255346066,0.01781713989733974,0.009258065957421291,0.0,-0.0007784127199480517,0.01637828806023367,0.019134176354181853,0.03429637150796039,0.009329021170737917,0.0037336038500648816,0.00023820388270090476,0.006418223700627335,0.024868503269944997,0.0,0.029528608980042836,0.01649057941641313,0.027265804633811397,0.027892940322610638,-5.551115123125783e-17,0.020524904213659823,0.030339649924122747,0.024703858882106577,0.033258702183711686,0.006728682214325932,0.027831020516473848,0.023561675906424218,0.03508634832415125,0.01422960315128613,0.013816015341909349,0.0002548531946946486,0.022325710096186835
0.024776265508767714,0.021312114992894593,0.007347515115837977,0.02559166514904404,0.013485167740673376,0.02674699113883955,0.01865882784596451,0.024031898609294,-0.001094183503857482,0.00779093173928358,0.01895285246749978,0.002565062435766652,0.033596936939362165,0.031176675540928678,0.013230925423038331,0.02609832638237447,0.04775198818189785,0.02185696657359676,0.00022565182380102078,0.009494192412665192,0.01477183303835261,0.020423688871939127,-0.014189483468655062,0.01896786165011799,0.027048106950584128,0.029677729658820984,0.0,0.03251999446534348,0.019821107589368003,0.025467691352607236,0.01405761641346187,0.01391625777123584,0.03235481430682813,0.022728123725219096,0.04243217668131827,0.02283844412427538,0.010826224821821606,0.025316025454428626,0.02097114200697453,0.041498328323578526,0.026626575747857983,0.022903982786377397,0.0300196097870149,0.014594228230196404,0.007753824794646702,0.015508886411823741,0.03452746396774914,0.044544160731310734,-1.6653345369377348e-16,0.033351323859256654,0.024275177334173725,0.027415846799509924,0.028501537162654578,0.031161295110003873,0.010857682983539618,0.04663369718034771,-0.0008615891902261641,0.021635982322360414,0.01839599901329747,0.024671461030869923,0.04788599603264293,-0.00011487325163545004,0.020757171124087814,0.03427865362913196,0.02669751700447165,0.03372810480282923,0.026190417563067336,0.01604142727319824,0.008343007868131636,0.02620032229622643,0.024466304323056742,0.020364770287014333,0.029425982835991182,0.024338590203268173,0.03325338825447066,0.02928003505457022
