0.0,0.02288188152246179,0.0365043609232526,0.0,-0.00010399297189339629,0.06651146438768618,0.01957466535508723,0.09278711972013887,0.01823865347995679,0.03554656056591571,0.0006059142196641609,0.03311192546375158,0.0343764961427136,0.022873958954241103,0.06604490155739468,0.02751183795205181,0.012194310435581834,0.02910719528566086,0.0,0.045244283998684354,0.0780079387454427,0.055222433725121645,0.09413051678695478,0.04119126095910747,0.030789523681972797,0.02741576375223842,0.0664574817608185,0.013889379095418763,0.03561551464392587,0.04973020586341259,0.02940856164386213,0.018876350018890153,0.03895520396141866,0.01808617479644109,0.030597893427988687,0.02518314487741019,0.0,0.03624118784672198,0.04243486010272135,0.050647044590542756,0.03799750957796988,0.025012193349165823,0.0,0.0,0.012403736786300856,0.059024011650335995,0.037621639863692546,0.0,0.0,0.0,0.03776640727569802,0.0,0.02628390490966792,0.0,0.012239651115475814,0.0,0.030058356139261944,0.01992754724705581,0.0,0.033474927104745256,0.039127691535835396,0.08646408790173282,0.059021178517578377,0.0,0.03081124607273006,0.054672681605447804,0.05063206889690386,0.06505662679361013,0.07849697570902758,0.05077710365652921,0.04727789457656911,0.024713130969201302,0.00021987598441630674,0.022235519063790787,0.0,0.012473561578989434
0.02288188152246179,0.0,0.05953545260632154,0.0,0.045696154604220385,0.03679001711431512,0.04019890060880171,0.014837119761745787,0.04460380617968018,0.046565479045939884,0.05231695312983731,0.018424171274843082,0.033738084471083174,0.0,0.038263175960163986,0.02675776727129775,0.030330620943707476,0.027553240924299005,0.018734250530624552,0.010211056509150551,0.0476123257033878,0.013294794924423203,0.03623330044780787,0.012828768133583524,0.03070678746397887,0.02873106165683459,0.02795772002664315,0.04262895859433946,0.023094567826437706,0.03044505419931326,0.021110359204251194,0.012606240875456143,0.015030902974854432,0.010196593688196864,0.021572147759266802,-0.020891843663270404,0.005792239496901774,0.0005939666170863278,0.024535514470304276,0.03673134787665594,0.028221237904472674,0.020767462192738728,0.005157572080216888,0.0,-3.1222333862046536e-05,0.020112203423044928,0.025259453767470463,0.0111774816499971,0.0,-5.551115123125783e-17,0.04360978284344963,0.016387441485004595,0.04725464103434801,0.012609662282701883,0.017756924328795776,0.0,0.045895562370275145,0.024216296662094794,0.0,0.013080469556154939,0.030098005997178268,0.02601263161658346,0.03038244521540645,0.0,0.02635589387351861,0.011050273708551939,0.0190357206431353,0.04226676255026268,0.058305487841572745,0.0272317532038428,0.017214049663591302,0.04497558792393114,0.05589746766629766,0.02415779140356661,-0.00835897031834798,0.02526583319179071
0.0365043609232526,0.05953545260632154,0.0,0.06654012552135408,0.04607786916467793,0.054946716991276845,0.06204901725427309,0.057351565580104624,0.07453967147625223,0.055807828949158145,0.06560495192142973,0.060242834619103236,0.05783451747021556,0.058740797330034455,0.021436735263472395,0.070442362435917,0.05477285426485623,0.004155577775210528,0.058284350949184105,0.06587640646416881,0.016423420845047887,0.06360333060505147,0.05626130393802742,0.01106361578487014,0.0679392063894852,0.04853996390937665,0.06969715381587738,0.05860306071349053,0.053209571953193646,0.0637304242155513,0.062124840859047514,0.046407283084884676,0.04670557685533827,0.06128973922450609,0.05686201069228791,0.06393762352788546,0.05236666239647897,0.04863642415269476,0.07390466980219768,0.040029317714763424,0.05453172821140906,0.03618894405783779,0.05459296347749182,0.0034909596109328755,0.004027435714405281,0.0,0.0002916895784405016,0.13020564853516298,0.00013543607921084888,0.06612512619700461,0.06971323959133136,0.02791207285248143,0.07023442167726046,0.0588906575444379,0.019760104357126718,0.07472425715917363,0.005075380625172599,0.0633853978016482,0.06748809718244264,0.027814057557242644,-0.00023749797553940244,0.0,0.0,0.1090785405295478,0.04223925765193237,-0.0013003228492514118,0.04569092385929019,0.0643004710559969,0.0,0.0,0.09278288943677554,0.07442079688099745,0.05754228605897138,0.05569755410017074,0.03643553417383516,0.057582924937424895
0.0,0.0,0.06654012552135408,0.0,0.05768003372026681,0.03908460566617744,-0.027154570030823444,0.021988736647846396,0.05640299165084661,-0.01049066383353775,0.021369341736453717,0.0011592682264567888,0.03737485316995992,0.035277454647211104,0.006340686026514386,0.0,5.6279641783785195e-05,0.0,0.06455927759270058,0.025365442481310563,-0.0004738257436404103,0.0007474799788651509,0.05441838939141036,0.007920356469193424,0.0,-0.0011960471307917442,0.02551103631222129,-0.00789107730606542,0.006020686084059812,-9.603528023188757e-05,0.036443327728914565,0.005960587619698532,-0.10372334325748517,-0.03889434990167584,0.03570488045049863,0.03296384414283171,0.07068597939665525,0.006593378128694205,-0.00046033679675411276,0.0,0.00037370529886499027,0.0,-0.0004951598306667249,0.0,0.0,0.0,0.0,-2.6771586098206512e-05,0.0,0.0,-2.640296009215337e-05,0.0,0.0,6.26757302771841e-05,0.0,6.416412654425274e-05,0.0,-4.7182309614868245e-05,0.0,0.0,0.0,0.0,0.0,0.0,0.0,0.0,0.0,0.016051934039913895,0.0,0.0,0.0,0.0022633087870075896,6.14331763425513e-05,0.00024162447308051505,0.0,0.0
-0.00010399297189339629,0.045696154604220385,0.04607786916467793,0.05768003372026681,0.0,0.02945293015623779,0.04586552976153968,-0.0007519637773710786,0.042765758250239705,0.08104561705993163,0.030073975291769195,0.059602088514790486,0.06298971484120508,0.046436678016805455,0.012487434803932607,0.05103754113707604,0.06945815909102493,0.025248861174364534,0.04112779078773415,0.04333117264305569,0.026240372717199367,0.048557317361124064,0.0448311305140191,0.06827963086967243,0.03814938436987708,0.04511587262482725,0.05188674186338349,0.05213475944957263,0.03778832628429707,0.055635406598441295,0.07007468428847385,-0.02224812633613804,0.032843479769800454,0.0732445914405443,0.08509192540591148,0.017263864457422173,0.09808858923323877,0.0552797135596893,0.017205141321772255,0.016529861750547492,0.0652197271480689,0.043236053054233614,0.0241729180573097,6.589839152071342e-05,0.01673387815495664,0.0,0.02729465570528783,0.06970260060320543,0.0,0.02808348829358076,0.06299573253794866,0.04382195643797793,0.06009779435774615,0.057199454143733064,-0.0007152812812531439,0.0601640010535191,0.012660463126456467,0.037011961571675744,0.059517764876073465,0.021340417472753725,-0.000248374350631797,0.0,0.0,0.04862746197619883,0.05104442874539927,0.0,0.08040550096293597,0.054184451185401605,0.0,-0.00025835307710109223,0.01790731242544502,0.055245021873181255,0.0484774357464367,0.05362072205352586,0.014608294232509311,0.029635494917327643
0.06651146438768618,0.03679001711431512,0.054946716991276845,0.03908460566617744,0.02945293015623779,0.0,0.035536349334512995,0.05189880580959294,0.04440290734315949,0.06305745468451679,0.038512263342514896,0.059672900520465644,0.024892991729640546,0.02515466091472257,0.053345090330663536,0.03182085402333301,0.04561521578771183,0.027650113777273666,0.04087205079893558,0.045101446444858806,0.06366127143590694,0.03837644218982039,0.05147157880851305,0.08633939621607734,0.024715686935882053,0.03444104672144216,0.041386080561579885,0.018235112550174737,0.03517584044838701,0.037723022269258055,0.031897814492709065,0.029329256366513734,0.02147617909184729,0.027641410786375442,0.027119454258922593,0.06456254390494764,0.0501183680637966,0.045539094819594006,0.04016597921083165,0.003143858734386662,0.010689594033853944,0.03956014493629234,0.03516196393647475,0.0895472678846927,-0.017003812434860988,0.022696908127806226,0.02478749022800314,0.07471676764836832,0.0,0.05946793696335606,0.05839852514159882,0.029612954913448286,0.06695443535761464,0.06297463910876844,0.02292227794586965,0.07874210135769799,0.021338288942536254,0.04481034680221718,0.020186655881781035,0.04074372019794653,0.03215742719692094,5.551115123125783e-17,0.023408523423991245,0.06279505982143763,0.03488819827229733,0.03780309910241436,0.043964856862384605,0.04860878934593471,0.0,0.027241996114092337,0.026216629533883706,0.05732821188218218,0.04832719353632231,0.04386781617705321,0.04884412557915874,0.03572288816923608
0.01957466535508723,0.04019890060880171,0.06204901725427309,-0.027154570030823444,0.04586552976153968,0.035536349334512995,0.0,0.04850852951313406,0.04871620086009354,0.0724134732774212,0.03416417763565088,0.06984580591786926,0.069412067406251,0.039762586134302946,0.03519717325204785,0.043195432044109694,0.06543894503238357,0.04220444090426251,0.06185831348411441,0.04074888177039576,0.058939769903110395,0.03834360878096721,0.059198578021405546,0.0743659562863353,0.03709163396575005,0.03995362861394958,0.058513490684020786,0.03358975338309256,0.028590152088879495,0.04981194897864377,0.07015678103126499,0.026737718581171577,0.03566058061356381,0.06666418048450334,0.08140180651497825,0.006239051180959854,0.07714720585147894,0.060426531386307436,0.02692688078208183,0.02475733641579453,0.04836876177192473,0.07104394121596835,0.03856584047942502,0.001180787364797098,0.030649365492471936,0.0002057120802172463,0.03368834257414732,0.06626154337266088,0.0,0.057059077315497864,0.06606361338186617,0.04180198070765151,0.0693236252410862,0.05363327542823082,0.0232197252191782,0.045433585532675014,0.021944570780369654,0.039936960906964414,0.03936423708651621,0.04202495919453464,0.03209781997469924,1.1102230246251565e-16,-0.00023404422075340436,0.07089110711939095,0.03207458309015454,0.02759773291238099,0.044157578485483184,0.049337737993521924,0.01692567105909376,0.01628749927233336,0.027974064896879924,0.061640869492377126,0.04479251640636506,0.045493471419029485,0.03649876083011627,0.048573428033529265
0.09278711972013887,0.014837119761745787,0.057351565580104624,0.021988736647846396,-0.0007519637773710786,0.05189880580959294,0.04850852951313406,0.0,0.05370282605544907,0.048884334611789315,0.05769331640128733,0.08296402335645275,0.05096083958174075,0.01928701709420555,0.10394105183852465,0.04999065765762639,0.01727783598226912,0.06724629964005513,0.0497952727209412,0.0392506759765886,0.0946768450115355,0.01150108310544834,0.052473333446190595,0.09204603927777044,0.08612890474451507,0.08815268545571586,0.06184484708698218,0.05138590274156474,0.027916285697154486,0.04663476112846482,0.04510510786540367,0.05316865140032795,0.03661235508591981,0.04342747162207716,0.039573450329752624,0.05470875219684718,0.0992338384003032,0.06729794869136102,0.059723572741835096,0.007933343894517664,0.06670852182105624,0.06559104622262535,0.0526958691766487,-6.121374241829791e-06,0.00029682632741473425,0.06598487303106881,0.05268045869900295,0.07792430976470255,0.0,0.06276697637855044,0.0709955848321045,0.04907945116683299,0.11446030307469868,0.0695803830604882,0.0026368278579533277,0.08414856825263178,-1.1102230246251565e-16,0.05787552825562753,0.06390766079536736,0.07333989905903987,0.030786672666430592,0.0,1.3442899946092268e-05,0.0691429273935219,0.05449507277293569,0.0898996195850158,0.06782787546566765,0.06835649589569881,-4.163454095262864e-05,0.07053599836066121,0.0690909238369305,0.0741729868024143,0.06616990185358052,0.05506530342999583,0.047394180437433375,0.07052426699883685
0.01823865347995679,0.04460380617968018,0.07453967147625223,0.05640299165084661,0.042765758250239705,0.04440290734315949,0.04871620086009354,0.05370282605544907,0.0,0.06565702967066323,0.06564469709544118,0.0686546682363971,0.059907026469079416,0.03419610502490955,0.04338766632420438,0.043548051360709605,0.07084102728458319,0.030082017348198153,0.08089860293622841,0.05233487609060805,0.05476965797613015,0.050530570505194994,0.05726909265594532,0.0676441835241004,0.04198966912223495,0.04555751337876962,0.05417276463739101,0.05878609896673043,0.0390922672180497,0.058562453794241354,0.07043337514492332,0.04824271847364059,0.03827295570750988,0.0633399131899855,0.06551360456961391,0.06254557496000318,0.0664892423309717,0.06630647112196464,0.06714581559287025,0.01700038355948502,0.006580456005532032,0.07144554208413256,0.063137186572854,0.019410687827193185,0.03799994202372975,0.0,0.035444320924527706,0.08495154125175874,0.0030684195877781484,0.055388788038758685,0.05885421874459518,0.05134046452070151,0.0699570498669958,0.06345348584291421,0.030687931910151622,0.06499629086327141,0.01417450169373119,0.04821580628413935,0.05789807526388757,0.04098678830105701,0.03376568394508844,5.551115123125783e-17,0.0,0.06540868441309011,0.034719059822372556,0.0010113191179340064,0.04832367972999013,0.05668110158968109,-0.001474867924871781,0.008502878715076212,0.0267846975760046,0.06451866696361164,0.049460043325187275,0.03508037450611823,0.033527188195403346,0.04874269382302154
0.03554656056591571,0.046565479045939884,0.055807828949158145,-0.01049066383353775,0.08104561705993163,0.06305745468451679,0.0724134732774212,0.048884334611789315,0.06565702967066323,0.0,0.06298518918666646,0.0694184776076448,0.06612233280783031,0.024958679645083193,0.00796553632875785,0.028659202114916515,0.039461662788563945,0.009131077884358019,0.06501926457136664,0.01921545099773897,0.05643362611862607,0.032863897163803,0.05453373829875746,0.028998353923808562,0.04603534918581609,0.04979241958065872,0.06241959005506714,0.059973609846776466,0.06467128763316926,0.07052173033760778,0.06532755799608081,0.024344771760049788,0.04274919343221545,0.041092121366557155,0.047859034323551375,0.08067994752368318,0.03681414610196165,0.023420610951961074,-0.008227923158996064,0.12374473101313788,0.1128393382054187,0.06598857156928173,0.014021237618782767,0.0019212808140057769,0.082406465437309,0.031348113828385926,0.01797330768800487,0.022821642678253595,-1.1102230246251565e-16,1.6653345369377348e-16,0.04277446713300748,0.00930480406172296,-0.0012453383622323955,0.026396881859587218,0.07490145348722171,0.027867198453343234,0.0835534229993109,-0.00321076935592568,0.0,-0.000587944466760526,0.03954608706008561,0.07527922137448828,0.057031971837791406,-9.68261073197585e-06,0.007477218044808109,0.00012234822512036114,0.022587016392400905,0.04463691769276179,0.047054948240182026,0.0799383986430266,0.07112858704268499,0.05444594418842219,0.027319779470463768,0.016985257967195744,-1.1102230246251565e-16,0.025102319249345695
0.0006059142196641609,0.05231695312983731,0.06560495192142973,0.021369341736453717,0.030073975291769195,0.038512263342514896,0.03416417763565088,0.05769331640128733,0.06564469709544118,0.06298518918666646,0.0,0.06414062979440499,0.04987914157098461,0.02157598985679743,0.0,-7.2726918716736755e-06,0.057966086651130344,0.034070397893084026,0.03282868885690243,3.342433748831919e-05,0.04151934744611557,0.007707828311603826,0.09787877525250771,0.05050403071655285,0.05152401878476309,0.055629859821308525,0.06236924717201714,0.04892792099377885,0.029426944071681727,0.06273928051893574,0.0763322341107252,0.01215435907426049,0.02699751568471992,0.05923585409600418,0.059483529543124025,0.023443352777160864,0.09212284368667428,0.057433900532351145,0.07066042035136288,0.001894198330642527,0.04907861993063323,0.003799965751579981,0.05666673259349558,0.0005729984654095355,0.009012163394592654,0.0,5.551115123125783e-17,0.08168599880355132,-5.8660184589443e-05,0.08176018869352314,0.05166360008721771,0.01707434977096245,0.06445788303839795,0.0783046342511754,0.006297533094157037,-0.025210608787298416,0.011770707214020404,0.04299215594082362,0.04002027837600147,-0.00033168345861933624,0.0,0.0,0.0,0.04233298054947965,0.04744940298046607,0.0,0.03309535656503909,0.0621726444093742,0.0,0.0,0.007971355908544975,0.05761309429636585,0.033956673131477266,0.045634362247318705,0.0005542192846083593,0.053399473800753716
0.03311192546375158,0.018424171274843082,0.060242834619103236,0.0011592682264567888,0.059602088514790486,0.059672900520465644,0.06984580591786926,0.08296402335645275,0.0686546682363971,0.0694184776076448,0.06414062979440499,0.0,0.06405937364471453,0.022313154247280698,0.0077351435425383475,0.0542568955365853,0.047054140802874456,0.021798466528256066,0.06619485529201663,0.0024379276121380133,0.054728272385261234,0.08079973937533397,0.08238963785541509,0.01346768311070945,0.030474431415959735,0.0526861425782264,0.04260652241284851,0.04013373045529339,0.07508255441619205,0.0853995044435818,0.0664945164047675,0.029361446435381744,0.07673835667388185,0.030403122215817424,0.04295107360665951,0.04902298968557067,0.05849710763174809,0.023841626361260138,0.012456164844597828,0.10578151048087475,0.06159145958911505,0.022277176347573868,0.024224958545843944,0.04076795304894029,0.04314111334402987,0.06302001940543617,0.014349422494568942,0.015485876223411132,0.0,0.016856869073540448,0.00896106582302314,0.011949230789321752,0.0,-0.0018276027165541886,0.053979272891465424,0.010345587062790096,0.060318337613685546,0.03273157904837709,0.0,0.009483735427367135,0.031288839328815266,0.07238047891362737,0.06866935826403309,0.0,0.014379467876409147,7.396912203383454e-05,0.010057486199829713,0.011447204877749528,0.014656376026620788,0.07221257852715662,0.06326354489458325,-0.002654477844506009,-0.07490636096576236,0.006727443944785638,0.0,0.03450750685371995
0.0343764961427136,0.033738084471083174,0.05783451747021556,0.03737485316995992,0.06298971484120508,0.024892991729640546,0.069412067406251,0.05096083958174075,0.059907026469079416,0.06612233280783031,0.04987914157098461,0.06405937364471453,0.0,0.02235739919674551,0.04838141238612509,0.03929198322919947,0.05520992213960657,0.04323401850448688,0.06298125680640271,0.03380982530353166,0.04263482444426148,0.03423941027695104,0.05415514554120471,0.05263493326572599,0.03531445343330364,0.03941754873318454,0.04874343504470202,0.031249699027080913,0.01407518595531504,0.030502926024731203,0.0721229394292438,0.029344253239110107,0.032295706300358884,0.05043730825098952,0.05619346052394053,0.024977866383853686,0.07629432944231496,0.04472021867299192,0.018526579041950264,-0.009668405343929154,0.04300034371600281,0.042428933182201645,0.030367094920893345,-0.008197423330625342,0.009103570012093276,0.002363886014746186,0.03203770923366189,0.07789957020563243,0.0,0.05010600745152827,0.05507558962729964,0.03377324711755769,0.055521168061892556,0.07754198898936093,0.008388492096579159,0.042302483679148906,0.01471911280956395,0.041376368144253606,0.015424659850407307,0.041802829207387926,0.0277406877344204,0.011335542963339773,0.02083894115233559,0.062349029172268144,0.044548256306708056,0.0297314699446381,0.051339612514089195,0.04506620736152789,-0.004992310880926831,0.014836139912567603,0.02516249528473563,0.0533835676107256,0.04798312260305215,0.04408989935173191,0.03960268532292477,0.03467489476410135
0.022873958954241103,0.0,0.058740797330034455,0.035277454647211104,0.046436678016805455,0.02515466091472257,0.039762586134302946,0.01928701709420555,0.03419610502490955,0.024958679645083193,0.02157598985679743,0.022313154247280698,0.02235739919674551,0.0,0.0050965679328860425,0.0,0.0,0.0,0.04033487636156008,0.001589618787101399,0.07404116155347101,0.0014506368654859658,0.05564618617347655,0.027307598691944657,5.72640540478786e-05,0.07306596920926411,0.04979353310113871,0.02819650554219133,0.012650512560398841,0.0002427070118937169,0.07423088640687314,-0.044338480098263716,0.004504682063852794,0.06312609595310786,0.04940091146172082,0.03295936391011989,0.05915250681665776,0.11608823242353294,-0.04320471013285143,0.0,0.0018850355982761857,0.0,0.02125247204805336,0.0,0.0,0.0,0.0,0.06698282362520869,0.0,0.08032405009708965,0.1275896028241995,0.031065400789407394,0.011487072024351674,0.046597536863135725,0.0,0.027304265642562553,0.0008366965716674057,0.024113107096251918,3.240873020338153e-06,-5.551115123125783e-17,0.0,0.0,0.0,0.030809063306234563,-0.0012958852485833727,0.0,0.0,0.05945306106281378,-0.000213425596814254,0.0,0.0,0.06570003163177335,0.041999225126083506,0.002653393854955055,0.0,-5.551115123125783e-17
0.06604490155739468,0.038263175960163986,0.021436735263472395,0.006340686026514386,0.012487434803932607,0.053345090330663536,0.03519717325204785,0.10394105183852465,0.04338766632420438,0.00796553632875785,0.0,0.0077351435425383475,0.04838141238612509,0.0050965679328860425,0.0,0.04868070187087786,0.03318676323980618,0.049018521968990536,0.0,0.03830174685662541,0.03632538635180238,0.04636912744931426,0.04806249326991746,0.07655644668110123,0.04883746146589529,0.04856368384797982,0.0675772392451377,0.06210514941596429,0.04916277363275534,0.09243948978944827,0.04030282205589386,0.04281924304513701,0.04830574848032193,0.03003064395149896,0.03972844413204796,0.049355731525522306,0.02921538381917349,-0.01813963345557612,0.03399343437612112,0.0386164009588722,0.024327785189810602,0.026342009357044005,0.043299113726101124,-8.317491737908078e-06,-0.0020448626844668527,0.036877969979746295,0.024269852277720494,0.023384826912219325,0.0,0.0,0.03872429115011011,0.04104280095281038,0.0803430878949018,0.02495715148901312,0.00014795114996285497,0.0,0.009341468871671699,0.06136579823532534,0.0,0.049818257227231766,0.043578577933854,0.0049869988926861675,0.03363661704578558,0.0,0.05729203228947355,0.0495177488804856,0.029024197733621748,0.05943414198959468,0.013112780168391791,0.036815269320053134,0.031973346745699516,0.05523991195225347,0.05793903508773224,0.047422740039987143,0.05331597156066353,0.03487445454720223
0.02751183795205181,0.02675776727129775,0.070442362435917,0.0,0.05103754113707604,0.03182085402333301,0.043195432044109694,0.04999065765762639,0.043548051360709605,0.028659202114916515,-7.2726918716736755e-06,0.0542568955365853,0.03929198322919947,0.0,0.04868070187087786,0.0,0.009859865607316776,0.03171551822366819,0.0015150801416905502,0.026744246440101704,0.05310263731635101,0.033716887728941214,0.04613319448332731,0.024379561505684877,0.03759014201953359,0.03405522164940772,0.02570784217338734,0.048679779941562695,0.027614953351485783,0.04476248015936424,0.041721293353233435,0.020340666833241206,0.031500821003271284,0.04357084897760177,0.05186344026814371,0.10785236735117482,0.00336847222219383,-0.02294892939778248,0.03458726428539144,0.04546399032281395,0.04256465956600031,0.04303473071914016,0.015451387042123621,0.0,0.0,0.022435924002109864,0.03940982406259419,0.0,0.0,0.0,0.03680610896927805,0.030642695390835972,0.011597050785268292,0.0,0.03507037246376382,0.0,0.025883188879681107,0.0156777750128671,0.0,0.04289904407998624,0.035031323918988666,0.04137520633390096,0.033295851383364605,0.0,0.04393477671206231,0.03956048120590222,0.04976684244808266,0.03719168439796777,0.042903047133559635,0.030789482250919376,0.0294777373753784,0.04993501742547263,0.03856364519570904,0.05066665900735995,0.00023611809472312562,0.05136209005049108
0.012194310435581834,0.030330620943707476,0.05477285426485623,5.6279641783785195e-05,0.06945815909102493,0.04561521578771183,0.06543894503238357,0.01727783598226912,0.07084102728458319,0.039461662788563945,0.057966086651130344,0.047054140802874456,0.05520992213960657,0.0,0.03318676323980618,0.009859865607316776,0.0,0.008520512443820516,0.0648200462892139,0.02010436884528316,0.03495759626865991,0.028595379622187833,0.0540654091251313,0.019070205147183994,0.03699213154762648,0.02534855378271922,0.034581139066288846,0.05376816650244137,0.017415185027932656,0.06414103230607598,0.022382064422927894,0.012018428422339744,0.026154364184876655,0.020075607560708086,0.01800491762450329,0.05631076145165226,0.008006343626674517,0.03126904398794017,0.014394313076212528,0.1081837778593836,0.045691453926090475,0.03918868573332862,0.0,0.0,0.006316991131154914,0.04399670212605111,0.023968466860760318,0.0,0.0,1.6653345369377348e-16,0.0004279918584781939,8.66847261180026e-05,0.0,0.0,0.06830970118930102,-0.00015384211945784765,0.07116988168072697,0.013699443949535983,0.0,0.0,0.030681841415245492,0.07123638067575955,0.05185244364603303,0.0,0.0002467427041605852,-5.551115123125783e-17,0.05250432643308378,-0.001292617570663901,0.04708398510824924,0.06166795990002383,0.05569381591143552,0.0,0.019319729972546107,0.010445880813443276,0.0,0.02650095409112041
0.02910719528566086,0.027553240924299005,0.004155577775210528,0.0,0.025248861174364534,0.027650113777273666,0.04220444090426251,0.06724629964005513,0.030082017348198153,0.009131077884358019,0.034070397893084026,0.021798466528256066,0.04323401850448688,0.0,0.049018521968990536,0.03171551822366819,0.008520512443820516,0.0,0.04647445175258508,0.0395541808004049,0.06144334824681752,0.02975793029474927,0.07598616873366576,0.019645393105885423,0.023899571501116046,0.02985133941113166,0.02440672751727141,0.05722064571248786,0.030263754539262833,0.04775197686757143,0.017945167434124,2.676583295174728e-05,0.0098253849114599,0.0015557226073679709,0.01695862908432816,0.024096660835320916,0.0,0.007168441182467122,0.03550680692468383,0.050333708981252556,0.032790678647797944,0.026670378233767056,5.551115123125783e-17,0.0,0.042895354155364274,0.028247030727345523,0.03393137022707016,0.0,0.0,0.0,0.0406912477585345,8.140590191568764e-05,0.01006578910198036,0.0,0.06910062644008697,0.0,0.04865749948730935,0.03498689204320099,0.0,0.042707963042076025,0.02835834160210149,0.052768869411717434,0.037205946928360434,0.0,0.06648318099900102,0.08724501258965289,0.04974983557566315,0.05116413239537537,0.03598638250551672,0.03476066301639713,0.03638871172637953,0.04661837495664789,0.029370325775151196,0.05070843758765675,0.0,0.029737778217439836
0.0,0.018734250530624552,0.058284350949184105,0.06455927759270058,0.04112779078773415,0.04087205079893558,0.06185831348411441,0.0497952727209412,0.08089860293622841,0.06501926457136664,0.03282868885690243,0.06619485529201663,0.06298125680640271,0.04033487636156008,0.0,0.0015150801416905502,0.0648200462892139,0.04647445175258508,0.0,0.00512630545435061,0.008078397919445646,0.042262047139060066,0.04389548351929734,0.044469201984794926,0.06912190324403372,0.06632946243337406,0.07434659057645565,0.06433670541441588,0.04700051588414034,0.056364455871330876,0.07748560105360508,0.04530578890581188,0.035612223621757366,0.05799343437751431,0.06061906390108329,0.05523211187569954,0.07268998504408081,0.05762406798921832,0.06817011669458622,0.02645360375992195,0.03869906000154544,-0.0072583173377712695,0.061758823763547965,5.551115123125783e-17,-1.6653345369377348e-16,0.0,5.551115123125783e-17,0.09552298580219099,0.0,0.058813106132645454,0.061723334905013694,0.035945400111082715,0.06956280044556484,0.0708097455110901,-0.0011887143266988698,-0.09352758734702976,-0.0005578303976666033,0.06460915844308646,0.07666500081922278,0.0006664445949197684,0.0,0.0,0.0,0.0735636488932715,0.048483661158610414,0.0,0.004084162129202096,0.06739974146654015,0.0,0.0,0.01466659020571176,0.08022711152606776,0.04737487197943002,0.055741592414345176,-0.0016673060957215213,0.03970441207613773
0.045244283998684354,0.010211056509150551,0.06587640646416881,0.025365442481310563,0.04333117264305569,0.045101446444858806,0.04074888177039576,0.0392506759765886,0.05233487609060805,0.01921545099773897,3.342433748831919e-05,0.0024379276121380133,0.03380982530353166,0.001589618787101399,0.03830174685662541,0.026744246440101704,0.02010436884528316,0.0395541808004049,0.00512630545435061,0.0,0.06328741744775074,0.0011552668481573103,0.04672464822882294,0.08058197211575313,0.02135993607567288,0.03473280559308023,0.028329424620868626,0.03668142629415455,0.03263083393079591,0.04796074941256234,0.03343724769332895,0.016897802226509495,0.012335372047310278,0.01860928589452976,0.015699195722068404,0.05733384133151476,0.019585151668723266,0.009726901905746599,0.02818356824240581,0.022706143224500874,0.020191484821412586,0.02911710372919557,-0.01294717247378352,-0.0006397041918243529,0.02415977377495876,-0.003474154172792454,0.02627223618604657,0.032495834195118145,0.0,0.009422556312362884,0.026403879561152255,0.03641574578286905,0.033487860474254394,0.04193253620859866,0.006334603283722207,0.03044308392737305,0.008628298701576331,0.04687078564103914,0.0,0.04654678184066707,0.028768510380821732,0.013259580231136492,0.017148207371172064,0.005975893972063995,0.04655662490360335,0.050192647462430406,0.03143855888519581,0.04423366155487485,0.0026890687946301006,0.028031805592770465,0.029268912656306323,0.04324725481742869,0.03958886501576381,0.037090256221562534,0.04500769590054643,0.026596983613030867
0.0780079387454427,0.0476123257033878,0.016423420845047887,-0.0004738257436404103,0.026240372717199367,0.06366127143590694,0.058939769903110395,0.0946768450115355,0.05476965797613015,0.05643362611862607,0.04151934744611557,0.054728272385261234,0.04263482444426148,0.07404116155347101,0.03632538635180238,0.05310263731635101,0.03495759626865991,0.06144334824681752,0.008078397919445646,0.06328741744775074,0.0,0.038795629861727965,0.07240469966402913,0.07520708780406882,0.06029096334187589,0.03975641262924451,0.05383113002793738,0.043485280773791324,0.03845862438652742,0.047161580331955,0.041867479078264325,0.0426502514355791,0.056308125523975516,0.03164692230378224,0.035115612846639555,0.15055995982676212,0.00979912347386186,0.045836567363202074,0.028929599986612375,0.06944397741681352,0.01018253726317997,0.02987292450913459,0.0156501565487443,0.0,0.00087094650221059,0.04634554127311563,0.028293850551690813,-0.0005471709727613572,0.0,0.0001048327212991862,0.03949297692527182,0.01708943096403298,0.040720260714606715,0.010218729492929735,3.8710683169740356e-05,0.0,-0.005955579107821629,0.041134193885486614,0.0,0.040514792248584286,0.0385124089744972,0.0,0.04707557649416111,0.0,0.039152944133415246,0.024829062643634547,0.017409543679440975,0.040908594762014416,0.03707409645906379,0.0388603835180204,0.033706506282905835,0.0534808449777458,0.039483258117194386,0.03465056069016492,0.02593422583943017,0.023602690363250522
0.055222433725121645,0.013294794924423203,0.06360333060505147,0.0007474799788651509,0.048557317361124064,0.03837644218982039,0.03834360878096721,0.01150108310544834,0.050530570505194994,0.032863897163803,0.007707828311603826,0.08079973937533397,0.03423941027695104,0.0014506368654859658,0.04636912744931426,0.033716887728941214,0.028595379622187833,0.02975793029474927,0.042262047139060066,0.0011552668481573103,0.038795629861727965,0.0,0.04750124757515556,0.08545158829925464,0.025804868324540098,0.022275514353003734,0.026985609183282022,0.035090177810780165,0.02308611002724409,0.02944216080834905,0.02724223741723003,0.015770153880337756,0.009208860487301074,0.016117770983339053,0.01960228682030446,0.03764547001756102,0.007556477046502752,0.057009692271951684,0.024204116466898407,0.014365024486543587,0.0237046122503089,0.023383658114784378,0.04000839796845679,0.0,-0.0010450678815026593,0.018679415178742775,0.01728837584357812,0.021844257446159643,0.0,0.000723205502648816,0.03437102486339,0.025726457023882876,0.034791002941892635,0.04373732460386742,0.02391921486170817,0.0,0.019477151138219018,0.04190600535313038,0.0,0.035425872897616895,0.0351097421921614,0.027807981158010586,0.029363375572625805,-1.1102230246251565e-16,0.04073569799544241,0.041710466722781336,0.025172213969498314,0.04341847479317551,0.014691849549180791,0.022669554443492668,0.02325515051862226,0.036754954184635424,0.044314514373383074,0.03402043803583521,0.03181399359327308,0.03177302363619516
0.09413051678695478,0.03623330044780787,0.05626130393802742,0.05441838939141036,0.0448311305140191,0.05147157880851305,0.059198578021405546,0.052473333446190595,0.05726909265594532,0.05453373829875746,0.09787877525250771,0.08238963785541509,0.05415514554120471,0.05564618617347655,0.04806249326991746,0.04613319448332731,0.0540654091251313,0.07598616873366576,0.04389548351929734,0.04672464822882294,0.07240469966402913,0.04750124757515556,0.0,0.08799033477450902,0.06840321661008242,0.06950195454885472,0.05111998243103766,0.05074388062363999,0.03851673888363544,0.05146614204108846,0.049039048678002406,0.04283671238135678,0.04320237711799452,0.04632971985231532,0.04890216178797813,0.07286178738290428,0.053141618053137496,0.08352720157452637,0.04768292149299069,0.015325887646707115,0.04717047982910605,0.05041890982023389,0.05481107717567246,0.05227461524766974,-0.0017201173849795692,0.047576172873877554,0.04298276462178208,0.06632532603064056,3.2639717832128046e-05,0.06911476816598028,0.06553169591173236,0.0404185922591922,0.06558765198972,0.0672169444609324,0.05906579365071141,0.025353340035950578,0.02017930879155333,0.05004302776174563,0.06971891478698111,0.06088890788426604,0.03651777025829883,-0.022519768162749143,0.01855660425585498,0.0024057407853947943,0.05405283692410101,0.06533197734539614,0.053044461949921684,0.059029863439571284,0.0045492512968127174,0.03420924230218114,0.04924682446950113,0.06651504567986655,0.05280931100620312,0.04459854182368583,0.05119345712750578,0.048660443264314845
0.04119126095910747,0.012828768133583524,0.01106361578487014,0.007920356469193424,0.06827963086967243,0.08633939621607734,0.0743659562863353,0.09204603927777044,0.0676441835241004,0.028998353923808562,0.05050403071655285,0.01346768311070945,0.05263493326572599,0.027307598691944657,0.07655644668110123,0.024379561505684877,0.019070205147183994,0.019645393105885423,0.044469201984794926,0.08058197211575313,0.07520708780406882,0.08545158829925464,0.08799033477450902,0.0,0.03540514157308611,0.015925033942749134,0.07526027798620577,0.039639074680894004,0.0445595977956858,0.053837744112151364,0.05241795686099526,0.07379829532110721,0.041032789636508304,0.0263063633521865,0.04982585390944316,0.04139015719896466,0.03872727068227949,0.00400058337863185,0.024826836520649653,0.13324471462577425,0.03870528296165704,0.07113283005626209,0.0284306828564983,-0.0016719559417051055,0.01361439730807601,0.06825806346402247,0.05041066287996249,-7.001323939459514e-05,0.0,0.0,0.022522345602198734,-0.006463880511446141,-0.0003958195266492437,-0.0022357319689403354,0.06301482945637882,0.0003173837601763707,0.04501560273064337,0.002297522586149625,0.0,0.02435579200493454,0.039354985693398625,0.07371037261679547,0.06846489584889076,0.0,0.006737495697414386,0.05804062344927641,0.025044704435265575,0.021583641433337464,-0.01585740988516604,0.06302833442976946,0.06093286705334833,0.02769211147524636,0.025153794301288723,0.014176150590698211,0.0,0.07803567749376461
0.030789523681972797,0.03070678746397887,0.0679392063894852,0.0,0.03814938436987708,0.024715686935882053,0.03709163396575005,0.08612890474451507,0.04198966912223495,0.04603534918581609,0.05152401878476309,0.030474431415959735,0.03531445343330364,5.72640540478786e-05,0.04883746146589529,0.03759014201953359,0.03699213154762648,0.023899571501116046,0.06912190324403372,0.02135993607567288,0.06029096334187589,0.025804868324540098,0.06840321661008242,0.03540514157308611,0.0,0.02671868848625525,0.01962742192388045,0.042489658721837964,0.01614792995327441,0.045949552612889855,0.023573408013897512,0.010753712189749742,0.02292554228642607,0.01541203768426097,0.021118432243682872,0.0545451921926145,0.0007841364846529197,0.03199706440752126,0.03659748214143854,0.06948358271760319,0.03809940456317895,0.01970137482390638,0.0011320475397587626,0.0,0.07686066006742381,0.03246052617095563,0.03707940718548991,0.0,0.0,0.0,0.04350620958487189,0.01533386890296512,0.04454361267223189,6.907016116369791e-05,0.06621600334782357,0.0,0.058276361896093476,0.031818128032515214,0.0,0.03678232614012977,0.03196326729580906,0.05686954784316828,0.03778736186051773,0.0,0.0268637562392553,0.06548298489715915,0.03521280159437001,0.0542347162699669,0.045498851266308205,0.036426241096860434,0.039915357027233256,0.04578799874004774,0.037191690093582475,0.03775720064606225,0.0,0.042194010223244816
0.02741576375223842,0.02873106165683459,0.04853996390937665,-0.0011960471307917442,0.04511587262482725,0.03444104672144216,0.03995362861394958,0.08815268545571586,0.04555751337876962,0.04979241958065872,0.055629859821308525,0.0526861425782264,0.03941754873318454,0.07306596920926411,0.04856368384797982,0.03405522164940772,0.02534855378271922,0.02985133941113166,0.06632946243337406,0.03473280559308023,0.03975641262924451,0.022275514353003734,0.06950195454885472,0.015925033942749134,0.02671868848625525,0.0,0.03210819213590571,0.04281115945405828,0.022485278768208383,0.03549452563817507,0.033984676923098533,0.019383725611535507,0.02260151632434093,0.021093575726668534,0.033922998100638646,0.0393879214768495,0.031035470106073826,0.016656298413281645,0.02791850074959673,0.07071575397006974,0.031948840017172686,0.021036878537479264,0.02934619012970674,0.0,0.039757435567097155,0.03673022798336556,0.0316369984100725,0.014817604613564017,0.0,-0.00023181854023246462,0.03331012303532854,0.024753272389151093,0.04434641701257502,0.037303408170046626,0.06587157925638287,7.093932942031644e-05,0.0633523236448924,0.03667868181745576,0.0,0.023665705925498104,0.04108694473587887,0.061708590960989074,0.03964667375957204,-5.551115123125783e-17,0.03463369814156464,0.02420174742986847,0.02752012373761037,0.04755925692641655,0.03600802621928889,0.03914927875884039,0.034739556517547565,0.03927795375963572,0.05704868206663155,0.036936895777294865,7.589764922100173e-05,0.03788553375725395
0.0664574817608185,0.02795772002664315,0.06969715381587738,0.02551103631222129,0.05188674186338349,0.041386080561579885,0.058513490684020786,0.06184484708698218,0.05417276463739101,0.06241959005506714,0.06236924717201714,0.04260652241284851,0.04874343504470202,0.04979353310113871,0.0675772392451377,0.02570784217338734,0.034581139066288846,0.02440672751727141,0.07434659057645565,0.028329424620868626,0.05383113002793738,0.026985609183282022,0.05111998243103766,0.07526027798620577,0.01962742192388045,0.03210819213590571,0.0,0.04047089246404012,0.02597239152685571,0.047889548925140635,0.03825251269260699,0.029192771292468556,0.0370269877728176,0.031404422607166416,0.03161656370667415,0.05095041846013204,0.050907282295489964,0.02915569316434946,0.032810721276759214,-0.0036197340780437792,0.03300665865434682,0.03863168658088245,0.05571106865262049,0.003079245929282659,-0.005551126185496802,0.02911777127513865,0.026450247534636984,0.08449555379863505,-1.6653345369377348e-16,0.07536814068304343,0.06444555915524908,0.03130475902585339,0.059456895969081325,0.06911428387049934,0.05552427977597618,0.07886038807005624,0.013651236534324873,0.03640409821147461,0.07011932135113907,0.04841753702928736,0.022228346006181843,0.00331114859230508,0.0035049970145656917,0.07177318456570092,0.03817822591821274,0.04603844155552461,0.039607531930261564,0.045079782533881674,0.01205179392881095,0.02126325940639867,0.029036693899033572,0.05758513149503053,0.037126261688883666,0.03227171979829391,0.03685884506109327,0.03044486640169175
