0.0,0.02202480466555401,-0.021192678870502857,0.0,-0.00014561235765642166,-0.009741150815076205,-0.00036973335160689347,-0.00014501329483807002,0.005075241786034801,0.009543471619093802,0.0006630091794688209,0.001445574188726928,-0.00021354249964405936,-0.003581813432919967,-0.02688389055689372,0.03613861299876803,0.010749969729208386,0.022430066329330756,0.0,0.012190394196806176,0.012901916998627194,0.00908961225945737,-0.010136926783554823,0.01732514715242478,0.017294175917514254,0.020293809255613304,-0.017102285739697187,0.022149638196936883,0.024063484159102033,-0.0044606035620320394,0.013201277636059217,-0.008934241423113443,0.02811636075641144,0.007123507861048761,0.03217959234977602,0.030041652496824445,0.0,-0.0011520578102452994,0.024771321732683427,0.07588316861811706,0.04065090346337841,0.016355905605274945,0.0,0.0,-0.01053706077713662,0.024119889563445573,0.031718787320966335,0.0,0.0,0.0,0.01659835002238841,0.0,0.02238054581957566,0.0,0.020491430156679147,0.0,0.023267938553951928,0.012766320500381456,0.0,0.023983144597678974,0.03501196824659619,-0.007256062489116755,0.02982748784594874,0.0,0.031728276727855886,0.06009250224695856,0.03778858259652196,0.008350050629284789,0.044020155703461905,0.0261921307585104,0.015135130334055502,-0.012564481033141228,0.00030787331008985674,0.010708011975539056,0.0,0.04270687593214967
0.02202480466555401,0.0,-0.010164270816756471,0.0,-0.017432773558395842,-0.014774079752859104,-0.02317807632132779,0.019978972171528886,0.0008996158901707907,0.02511426697449165,-0.0005961318508782565,0.000751374477981126,-0.024096278098109547,0.0,-0.002676818024031302,0.017601162148108362,0.008768841395478177,0.016668036712789935,0.02341523541396323,-0.004473544359692605,0.026825541421071963,-0.006837932375978462,0.0024445946451915335,-0.004759292595650444,0.01788393676846839,-0.002532561264685207,-0.009206885439462242,-0.016654135407831394,-0.011690334714845263,0.009143404076928596,-0.017008421882980018,-0.019269028350398176,0.02175484227952701,-0.012143755159952141,0.01449419289805548,-0.009417895737617699,0.005421456812557679,0.0006010302917563992,0.029285981108516657,0.05222873427523178,0.04605582631085264,0.0445813964641818,0.0003493334554974803,0.0,-4.371793172575078e-05,0.030353352240808817,0.040514590866294775,0.010640492531446388,0.0,-5.551115123125783e-17,0.022266938708225215,0.022228640757958606,0.01345413028530279,0.012545480336213666,0.014804176866136498,0.0,0.011011672971348974,0.04622636703518618,0.0,0.02315546618468367,0.04090798409178731,0.010661657476624509,0.03496398674621698,0.0,0.021500870941588368,0.0444464059552665,0.04409177378653251,0.02006374180699,0.010361840560535018,0.04308711884052979,0.028727375310118763,0.020516317824996244,0.03585227325169338,0.021446482545395607,-0.0010576463533143454,0.026267628515602548
-0.021192678870502857,-0.010164270816756471,0.0,-0.0008769397413137536,0.020029124780468643,-0.005631769274406229,0.009581663968789011,0.038899859946346815,0.018237405508744586,0.025413740195971868,-0.027259610135968892,0.012559858262055579,0.02168394084898817,0.001083771394486066,0.019977263523090427,0.00916095860909627,0.025227598494661774,0.02779857034192118,-0.0008728865366225969,-0.01186098951658654,0.00029205373268625934,-0.024897339027164733,-0.016278716389918957,0.03345969961554701,0.06132494449113607,-0.010987244334729751,-0.0011906136463203376,0.029392689942406847,0.02185608364469438,0.02617488226944309,0.032437385055075874,0.02368828467768458,0.022238134096903894,0.03540666086339794,0.03194895852611701,0.023693815759040282,0.0475332030016582,-0.007393693475607421,0.0229292003880448,0.00575090759093555,0.024765011360575295,0.017316969776308366,0.05287366249439984,0.0028767618493049096,-0.00019205863752952412,0.0,-0.0010220801937160795,0.024511045367711815,0.00018963941934330153,0.04162252003039657,0.023356165119947758,0.02947585845116807,0.03894134120755577,0.0478236660802861,-0.006649239359659775,0.02427861897788386,0.004798693520881414,0.03487361591778748,0.05200403536214915,0.026559354436006433,-0.0003325478590263109,0.0,0.0,0.05867998027216631,0.0034582427307296437,-0.00128480669188763,0.02900022464060803,0.034194713091364126,0.0,0.0,0.0018532028194962469,0.02036023147332755,0.017479364879407155,0.03380771831878937,0.023751933023031024,0.03164947851313882
0.0,0.0,-0.0008769397413137536,0.0,-0.010737437625788437,0.021172776573708474,0.005374982373989368,0.02096782643316425,0.024172322814291602,0.08364941034382728,0.012307170396214151,-0.1500661358273388,-0.00682705337783146,0.007783196642108636,0.005615190696009242,0.0,0.00011062607870987451,0.0,0.03648328928155492,0.02380895961276175,-0.00043438073116131015,0.003944406587398697,0.0004296971392307447,0.0076965227137876235,0.0,-0.0015760351140411966,0.012762760724508937,-0.0005361871658071671,0.009147600759136842,-0.00013446989078363947,0.009744337988996155,0.001277083031236359,0.04523453280412326,0.015767352179005156,0.01598903883651054,0.005293618155300717,-0.012823237941936932,-0.024792880506307513,-0.0006445697730430577,0.0,0.0005232671847501535,0.0,-0.0004825489372713987,0.0,0.0,0.0,0.0,-3.748593485691787e-05,0.0,0.0,-3.6969779766082844e-05,0.0,0.0,8.775940034544405e-05,0.0,8.984347281332239e-05,0.0,-6.60653043913495e-05,0.0,0.0,0.0,0.0,0.0,0.0,0.0,0.0,0.0,0.01543510098621581,0.0,0.0,0.0,-0.0018872326030921482,8.601955961728969e-05,0.0003383258363730546,0.0,0.0
-0.00014561235765642166,-0.017432773558395842,0.020029124780468643,-0.010737437625788437,0.0,0.00728439086009719,-0.0057962124335591,0.05569414625233382,0.0003753449388890773,0.011135829594773605,-0.0024806513950959563,-0.007174480659525251,0.007279290888397905,-0.0007512506522638351,0.011512884457434147,0.019357640078079774,0.030149236378561595,0.021533168323583263,-0.009448477381411247,-0.00963430734646803,0.011499419136014044,0.0017834942492264139,0.015452868567399691,0.007448710064710706,0.010167689831073523,-0.012227143893805026,0.018307333560136307,0.0023196316340202694,0.018077652319756388,-0.005822007800190487,0.012969535628132911,-0.005520454965777688,-0.012266212774387164,0.0067179662275849705,-0.012062185354827892,-0.031758271665890625,-0.04436258828735362,-0.023246590355487318,-0.04450589994612114,-0.015960359726119144,0.040176275518993054,-0.0014155478332238958,0.031178741015485678,9.227181395432549e-05,-0.017594809578126258,0.0,0.011357384456168573,0.041990260250507006,0.0,0.041825173195529364,0.025639036906640933,0.03300252436971385,0.025731257471792557,0.03721444963993015,-0.0006009361992712625,0.02997454192566279,0.012767021163634928,0.046829566265830125,0.025344535871772544,0.004002796073010517,-0.0003477771056871748,0.0,0.0,0.05051111175636991,0.04372463851385244,0.0,0.006228364443174206,0.02866668833441577,0.0,-0.0002610613412554752,-0.019835359982582512,0.01912984785753946,0.04000282841771685,0.03448804099732483,0.012932569273452876,0.03818408827327824
-0.009741150815076205,-0.014774079752859104,-0.005631769274406229,0.021172776573708474,0.00728439086009719,0.0,0.00839969665255641,0.013210595634384814,0.013023057988521769,0.02373252029809797,0.019902512227988223,0.009793375842637342,0.022343888982340354,0.021662676323846886,-0.009920672662067476,0.03224519009284543,0.04275156429034188,0.023595043379356695,0.008876398892880055,-0.005271824686374271,-0.005022906246740455,-0.0029910049935568117,0.0023321580592592372,-0.01786322420592773,0.0075092628071249945,-0.00949613534789423,-0.010359434901257403,0.020312975422739687,0.007699986626954369,0.017823562310044894,0.01971797408380621,0.002641833931041282,0.0068836533820269,0.021769406711728945,0.011703262765241251,0.028876521784527598,0.02795911968581677,0.0018771026515739253,-0.0011446795009668054,0.02013462501880997,0.012220328409834558,0.04507310116083396,0.017808082158773664,0.024200736631791897,-0.0008578711292386298,0.013910997009634385,0.021585641487775864,0.02975581064941224,0.0,0.0203325580868301,0.01965456018919942,0.022982826409968626,0.005873343306455336,0.02448197498460447,0.039769665778145113,-0.004420156826465682,0.014690912311442539,0.033389700055858174,0.03179915928362825,0.004914196457108777,0.017647052828560605,5.551115123125783e-17,0.019785197491155426,0.022088191918501754,0.016476636371528464,0.0038906352634526797,0.014519766640207876,0.0179368094460971,0.0,0.01824866771008815,0.012544512231170868,0.010013314323055855,0.025810561979625057,0.03111817120765653,0.016842100108451885,0.02834715106808039
-0.00036973335160689347,-0.02317807632132779,0.009581663968789011,0.005374982373989368,-0.0057962124335591,0.00839969665255641,0.0,0.037915515416067525,-0.008167578120879204,-0.00395453642624416,0.02218280819447732,-0.026715740525612264,0.02131813815617556,0.027351114477489336,0.009867024780980005,0.011103171485314478,0.021717424026536924,0.011797081010297916,0.01049122591148327,-0.0001154130927638608,0.02859983452061815,0.0050864744125837524,0.02132583886197509,-0.0126066805640635,-0.006084291738642722,-0.015987512199413523,0.01101008742520515,-0.02111820384466917,0.009329959735853655,-0.007204304580115506,0.0018007206753490324,0.0029503639357224554,-0.01060495947052964,-0.014331336873186717,-0.014956295746973436,-0.006146784193478749,0.0056953692908146,-0.032654013746773736,0.019399271619049252,0.053052960943701155,0.014796780850612534,-0.00422209934802209,0.04508549964293701,0.0012637442433669488,-0.054470767114581764,0.00016035472096920245,0.012219454022020015,0.03917156587295656,0.0,0.028591755909798233,0.03202744544977132,0.033563937571995606,0.028985240994653272,0.040024504117367576,-0.017769673291589516,0.028312010615567873,-0.0007337527659663223,0.045595028953976935,0.026503081617790414,0.020968964013860836,-0.005170680135674788,1.1102230246251565e-16,-0.00032771186513180783,0.031240527586137934,0.03343121276524269,0.01771957584871786,0.025357140841200387,0.03436910457322395,0.016212045591063762,0.01813744727707295,0.008636021976375419,0.025849666592676734,0.04284454900419221,0.05244743831361376,0.038486818132478784,0.040767604473068264
-0.00014501329483807002,0.019978972171528886,0.038899859946346815,0.02096782643316425,0.05569414625233382,0.013210595634384814,0.037915515416067525,0.0,0.03513538367620178,0.019774007630252166,-0.007949129497621055,-0.01493807352296922,0.03521345361861444,0.013354061510882198,-0.03863409242132221,0.012807571476234791,0.012582762791096713,0.010013194426096661,0.06601644493727271,-0.011408096877865037,0.02655940178378008,0.005468736335680124,0.019804898212785138,0.0044853339755807076,0.003112874177857494,-0.00465823953049066,-0.01013021389719082,0.0156765329990865,0.0025352062324307534,-0.028023248390006528,-0.006136252619497795,0.022846595295496874,-0.010351305811010014,0.006205463107073372,0.011163055785682885,0.04044148539550535,0.04927098035781291,-0.06720096707416234,0.03397168165816977,0.0009219736459376571,0.025136411119840107,0.006623216087568551,0.06512298153718182,-8.571230528553464e-06,0.00031261758777284543,-0.02442909026599399,0.01579832694133665,0.03517088527568535,0.0,0.0384543870133226,0.01443538978076564,0.02137920979855923,-0.016121491684002787,0.040062906102114604,0.01487597963786802,0.03636121911174184,-1.1102230246251565e-16,0.03762302400556994,0.007301429546338722,0.007565730726259601,0.01502149164135852,0.0,1.311157643685279e-05,0.04061031702260287,0.012696060667263198,0.013801238644318481,0.007148992359774287,0.018832831760653423,0.00017278747989812882,0.024323818584927215,0.04625421663813334,-0.003108203345956795,0.030105370298578626,0.033374206748628066,-0.001538588568424426,0.034752326202576844
0.005075241786034801,0.0008996158901707907,0.018237405508744586,0.024172322814291602,0.0003753449388890773,0.013023057988521769,-0.008167578120879204,0.03513538367620178,0.0,0.026298102863563655,-0.008496136682322852,0.02002221488380085,0.0050023628940021325,0.0196414116737329,-0.003400629415655998,0.028014219840629462,0.03243278825074525,0.029615045029525777,0.024663033931467737,0.013829391231350796,0.0026469588269900646,0.009035743504342442,0.010320049231097583,0.03048946120244267,0.018008675025305843,-0.0021055235616202483,0.011634730284065531,0.026326495806546668,0.022253721825492734,0.021083422213444725,0.032332264245590825,0.025823143786391833,0.023481336553303644,0.03303974246803015,0.03833955622195251,0.03208888108250263,0.04030969384891897,0.014139826506285424,0.022688226303637427,0.011730855553268527,0.023401279456236157,0.02697691910644162,0.042879317739166645,0.019045072353021886,0.002726703487510418,0.0,0.026203810660483995,0.047843713494861495,0.0026977967329703256,0.04512635235336393,0.018344361442621082,0.028930813761173346,0.026901492028194474,0.03370472079426945,0.009777287097355147,0.03652726513440274,0.011418736539075547,0.03573173619309544,0.0365670862691847,0.015697812556134005,0.010219719235644575,5.551115123125783e-17,0.0,0.037191299407122846,0.01276346007361101,0.006265214342568048,0.007763880779063925,0.030928228733797414,-0.0015713141911737893,0.0027953514563601733,0.018421485753399247,0.012578134587450385,0.0173961509510544,0.0396773878483182,0.029880312696459188,0.03258201381162762
0.009543471619093802,0.02511426697449165,0.025413740195971868,0.08364941034382728,0.011135829594773605,0.02373252029809797,-0.00395453642624416,0.019774007630252166,0.026298102863563655,0.0,0.0331895787476425,0.0015235057200272961,0.016906225453687806,0.12930581387342538,0.0344491933014085,0.039512933949490736,0.0015760708592151285,0.0219404815978671,0.025301383692422907,0.0032095514781560475,0.011737496501138811,0.01781061624417063,0.021774746163249925,-0.014475375572542859,0.014906530548343566,0.00010860473688084626,-0.0034386863060248962,0.0007189156093233007,0.01160572149322453,0.03349367076057902,-0.01082761107646607,-0.03285872065041717,-0.0074112981616536455,-0.028876299322755483,0.0055684725548287295,-0.026012617688032202,-0.011206460618398695,-0.04930878959551055,-0.033118102328337895,-0.03534312519299149,-0.09807834606649696,-0.05431104268254461,-0.023471622998583852,0.001593825471406407,-0.04624645626873519,0.026117321103572122,0.03743541615298496,0.016195198856991277,-1.1102230246251565e-16,1.6653345369377348e-16,0.03673867195257252,0.010794219128966165,-0.001299238687095139,0.00418419176748086,0.009640137720746067,-0.00038358724356507556,0.0077617936361709106,0.10543053365161292,0.0,-0.0004972406321872014,0.03640031172022473,0.016227606744365297,0.018227987040135785,-1.3557721750601104e-05,0.006728918662372851,0.00017131363005107314,0.012430064769099247,0.021978476440873917,-0.02684828010658402,0.020919853368041363,0.004546686960713531,0.02360033095454983,0.012733655824828771,0.035454995150567936,-1.1102230246251565e-16,0.011953378319009944
0.0006630091794688209,-0.0005961318508782565,-0.027259610135968892,0.012307170396214151,-0.0024806513950959563,0.019902512227988223,0.02218280819447732,-0.007949129497621055,-0.008496136682322852,0.0331895787476425,0.0,0.025952229405982463,0.03564411602810513,0.002340767186738313,0.0,-1.0183320955925446e-05,0.025829215078562784,0.021889921060397388,-0.014000591246437571,4.6801206813940066e-05,0.008289520363337077,0.006844205063441466,-0.03320152453455627,0.016853090110137137,0.025818707838670074,0.0306875970742172,0.0067205835313238205,0.03738910752324065,0.020917154343511324,0.021121849937373316,0.036270278575962045,0.023631076025659503,0.030262414096993207,0.04110055391575823,0.038286404709727884,0.020143605866222936,0.01225791384512298,0.015702241931436545,0.0269506137617449,-0.012415383403450553,0.00045069525228291774,0.0032813430594590964,0.03598020578580913,0.0008023201564753002,0.0023067919468058307,0.0,5.551115123125783e-17,-0.08243236256004921,-8.213677927570995e-05,-0.08753820092995529,0.02321848315508057,0.03915116895674331,0.04142017003989651,0.016655506739702286,0.002210972441474446,-0.07184954765784357,0.011213461146943715,0.04352972969415797,0.0008470245215232985,-0.00046442763896326067,0.0,0.0,0.0,-0.08526937370004684,0.012295297929795612,0.0,0.0057268933876606365,0.03979887467193932,0.0,0.0,0.007753899511927453,0.020377129064717003,0.01485304487634359,0.010708438780092921,-0.033096533388050575,0.004227025407630758
0.001445574188726928,0.000751374477981126,0.012559858262055579,-0.1500661358273388,-0.007174480659525251,0.009793375842637342,-0.026715740525612264,-0.01493807352296922,0.02002221488380085,0.0015235057200272961,0.025952229405982463,0.0,-0.005082947724909137,0.007906965734331417,-0.009156543383938509,0.03677589017629157,0.024876073553210976,0.03150108278429792,0.02210935997872765,-0.017499966576270454,0.01414005971384974,0.02960250520745772,-0.01794996511705893,0.004623315932569094,0.037595532789724495,0.04188997528132482,-0.007572271744789527,-0.019378363143460697,-0.011399197302798536,-0.0014579860018124058,-0.01434753471758754,-0.0028544668609332136,-0.030608636854719762,-0.035842054836838555,0.02808174243195899,-0.03088728531089585,-0.0376740378515425,-0.0345204453545635,-0.011146065044851328,-0.036487386928114984,-0.041175091574276956,-0.06805865374948483,-0.00084536275449143,-0.02748069879001705,0.014038645183173937,-0.006398815720467688,0.012231673283999656,0.00018369140335222633,0.0,0.00040772514375869706,-0.004913202574767517,0.01658637342544772,0.0,0.022762701724037604,0.007607180225289001,0.009892807469305376,0.023150274529662784,0.02815173211177957,0.0,0.005227917364943047,0.03274221236732788,0.008603966943542873,0.027666605357896057,0.0,-0.007036615497983012,0.00010357255934723142,0.01212527943351649,0.07879262262806158,0.02849685233508653,0.01795395891057905,0.005979181184151139,-0.004480541161238805,0.0720929125518136,-0.017127441043600367,0.0,0.002000558726686086
-0.00021354249964405936,-0.024096278098109547,0.02168394084898817,-0.00682705337783146,0.007279290888397905,0.022343888982340354,0.02131813815617556,0.03521345361861444,0.0050023628940021325,0.016906225453687806,0.03564411602810513,-0.005082947724909137,0.0,0.08234684380571095,-0.03308109390699082,0.016455984589277217,0.025153009274298588,0.013970449916666239,0.0280542832031363,0.003881665543010393,0.027285442983999153,0.011226072015508015,0.01813020815697569,0.002676916997449985,-0.0005637893505314739,-0.013847920544790504,0.010604175122563675,-0.00223126554794173,0.01620761144404842,-0.010437505804772873,0.01094779271007007,0.010436676579811566,0.006784023556087537,0.009901100725670409,0.01080333721654575,0.01153295939175314,0.01805005313601077,-0.021700060964700785,0.030096658281373534,0.020112902546563116,0.04272271356467805,0.021050466269454504,0.03780125917753929,-0.007938942595205334,-0.005519045168280057,-0.020481958402200684,0.01703445725758601,0.048428480507113014,0.0,0.04377006021297225,0.03864779312364175,0.03938246466898987,0.025844682797320995,0.04694248456543049,-0.0007469432858823177,0.031244314142668372,0.000340653828134696,0.04573823250183251,0.02874530620646354,0.018799756527217715,0.01079650171430624,0.011116937195479015,0.012097475786407241,0.04244180650033025,0.027184009731065495,-0.014378573438413478,0.014655400171882105,0.036144041598764276,-0.0026240110166173003,0.0187765919677374,0.008507928261947073,0.027430710556968108,0.03534157649388425,0.04476323852252384,0.040834330830979204,0.04555705003387733
-0.003581813432919967,0.0,0.001083771394486066,0.007783196642108636,-0.0007512506522638351,0.021662676323846886,0.027351114477489336,0.013354061510882198,0.0196414116737329,0.12930581387342538,0.002340767186738313,0.007906965734331417,0.08234684380571095,0.0,0.004968183877637089,0.0,0.0,0.0,-0.0030828524910910815,0.0012027436583754714,0.011926342521570266,0.000977056511840324,0.005632649332158179,0.022621983835611648,8.018189851743962e-05,0.008540669814368407,-0.0058294310365732405,-0.006824100419432766,0.015776188880215813,0.000223518021529312,0.06086989327589826,0.0036430025625917573,0.015341177647986204,0.05082827746586893,-0.002296573361867671,0.03434741168897759,0.025994708918290976,0.004896671389954588,0.014527866307746995,0.0,0.001954125586656641,0.0,0.034359457133270876,0.0,0.0,0.0,0.0,0.003217004376424526,0.0,0.028415809736143882,0.025934595655948023,-0.002988669102619468,0.01895581547406061,0.03772367161705481,0.0,0.030786279791851445,0.000836309115138878,0.024478187115410832,0.01296284216121063,-5.551115123125783e-17,0.0,0.0,0.0,0.024302350249427285,-0.0012304942274374842,0.0,0.0,0.029070501481820887,-0.00029884139062996695,0.0,0.0,0.032059154021057856,0.012835277591326244,0.00259055247560086,0.0,-5.551115123125783e-17
-0.02688389055689372,-0.002676818024031302,0.019977263523090427,0.005615190696009242,0.011512884457434147,-0.009920672662067476,0.009867024780980005,-0.03863409242132221,-0.003400629415655998,0.0344491933014085,0.0,-0.009156543383938509,-0.03308109390699082,0.004968183877637089,0.0,0.005108071912693302,0.008724736036301473,0.0062737524595977145,0.0,-0.012807867437466758,-0.015958056078218652,-0.013691057477105917,0.017042148702641202,-0.006667043972331255,0.007073302076206711,-0.019945864394112778,0.0166818780142986,0.030844608745227486,0.0004623822249046339,0.033347016923726824,-0.01982181622023438,-0.018539179728791877,0.0022362754690988806,-0.011977643546696393,-0.0015844061469714177,-0.009297500859636987,0.027790675414006982,0.004580506265291828,-0.01686326111936165,-0.003877347652264551,0.004366208180283548,-0.004919601679251873,-0.03525385068595166,-0.00012323967754479526,-0.008561453413079123,0.02856709149335923,0.008145117674620117,0.02212655037647937,0.0,0.0,0.012017023766418444,0.009759149338560369,-0.01303776545071289,0.023794031392731174,0.0001560526238006399,0.0,0.008987167093280957,0.023367361708873546,0.0,-0.012187856399999364,0.020137157037414588,0.0005342541379319554,0.027147551181147478,0.0,0.010328663797533333,-0.015176644974974007,0.0017054982642671357,0.0025489752072129224,0.013141233183370238,0.004662371373937713,-0.006768441370714973,0.00908846376207223,0.01723425835582537,0.020451612968799715,0.011498585696391395,0.005487762475128832
0.03613861299876803,0.017601162148108362,0.00916095860909627,0.0,0.019357640078079774,0.03224519009284543,0.011103171485314478,0.012807571476234791,0.028014219840629462,0.039512933949490736,-1.0183320955925446e-05,0.03677589017629157,0.016455984589277217,0.0,0.005108071912693302,0.0,0.01106907700567894,-0.0035261182960332205,0.0014741900586395795,0.014502859971746163,0.03305715816642274,0.010911536205870764,0.01099992005583278,0.024954539845787216,0.014781477336210824,0.01700842979821715,0.024610579847973546,0.013884854504552735,0.010248747777576284,-0.02345308687436698,-0.00033088534208447484,-0.002109561877900956,0.031989470134145215,0.0018643537261734955,0.04484299737832981,-0.017636919709962062,0.0034813518661938048,-0.0226276504372534,0.032417059596274556,0.055391114274389586,0.04714242559070431,0.055504837594440304,0.03941896218150864,0.0,0.0,0.04229960299368979,0.045265304705667364,0.0,0.0,0.0,0.06439851880110264,0.08610719999764854,0.014197480644282279,0.0,0.061473776461823004,0.0,0.040690247404330415,0.0779848833943016,0.0,0.017799073094951545,0.04863094810120827,0.06670554046504501,0.04374805179005725,0.0,0.03705680153493912,0.02290334099345509,0.03936803062883021,0.02688757842245343,0.02547071089612607,0.04537727599761554,0.03458604599292808,0.038126919887186195,0.029332531385809546,0.038401184572064595,-0.010500949494473333,0.045234311599420374
0.010749969729208386,0.008768841395478177,0.025227598494661774,0.00011062607870987451,0.030149236378561595,0.04275156429034188,0.021717424026536924,0.012582762791096713,0.03243278825074525,0.0015760708592151285,0.025829215078562784,0.024876073553210976,0.025153009274298588,0.0,0.008724736036301473,0.01106907700567894,0.0,-0.00460790471450373,0.03580359440727354,-0.0009934794953063153,0.005228425520191038,0.05426346485337913,0.023584032470049587,0.03352451526680239,0.000969061031733276,0.04073282076817197,0.011981406156231,0.04724467800471638,0.003486679742887522,0.00390128772236209,0.014602602269365772,0.0022348205615621564,0.026684647005444706,0.02511439377840219,0.03352696827136126,0.02665718041898879,0.007688294672175133,0.022041033239288854,-0.13934480963885149,0.034469358579427234,0.014669576415266838,0.01036962517750678,0.0,0.0,0.028937171461897504,0.017954730036029265,0.0038216705202398504,0.0,0.0,1.6653345369377348e-16,0.00038670215683844766,0.00012137711917481475,0.0,0.0,0.03301789756268064,-0.000215411804406207,0.0310758844926175,0.002520233500038105,0.0,0.0,0.05606458690796967,0.040821965216993494,0.04772613824237515,0.0,0.00026833032223200215,-5.551115123125783e-17,0.020440581295260274,0.027129938829590028,0.04386701462947695,0.0372722620129593,0.025569309261346984,0.0,0.005590459242769408,0.007360627522046914,0.0,0.0445948942776101
0.022430066329330756,0.016668036712789935,0.02779857034192118,0.0,0.021533168323583263,0.023595043379356695,0.011797081010297916,0.010013194426096661,0.029615045029525777,0.0219404815978671,0.021889921060397388,0.03150108278429792,0.013970449916666239,0.0,0.0062737524595977145,-0.0035261182960332205,-0.00460790471450373,0.0,0.007458312434018233,0.01559157087265528,0.027354509167573093,0.026821845901305263,0.00747317977131734,0.02739501153943502,0.018034529563340285,0.0227885674435776,0.017845549855766807,0.01807231687641131,0.022241155334247753,-0.04572731195985025,0.004487420917308471,0.0025947649914657145,0.028445953776110644,0.006058104235675821,0.032057746504426554,-0.01471971910633374,0.0,0.03136554597904079,0.03597681541951775,0.052108180355123324,0.027841993796020592,0.0601730709440238,5.551115123125783e-17,0.0,0.02888811062728802,0.03773559674963867,0.04043795755510721,0.0,0.0,0.0,0.02510727486646469,0.0001139856385415361,0.009339486431897193,0.0,0.04681532047034864,0.0,0.0461273703544085,0.011480495568519544,0.0,0.012485436335683775,0.05125245917467203,0.046869534618581454,0.04848663180452778,0.0,0.03576152156960133,0.013213276505337435,0.03604192997508149,0.024435975347004812,0.04708733352724498,0.04278504461677135,0.030939793057973064,0.02022954926528142,0.01642414363637379,0.0417282034766035,0.0,0.046866427884999284
0.0,0.02341523541396323,-0.0008728865366225969,0.03648328928155492,-0.009448477381411247,0.008876398892880055,0.01049122591148327,0.06601644493727271,0.024663033931467737,0.025301383692422907,-0.014000591246437571,0.02210935997872765,0.0280542832031363,-0.0030828524910910815,0.0,0.0014741900586395795,0.03580359440727354,0.007458312434018233,0.0,0.004938753362797255,0.007927927917091904,0.020912429524352905,-0.01625912303966326,0.015388659290674234,0.04267671954850771,0.02664098446024815,0.020184932858637983,0.033979863488210915,0.011089969676073397,0.032268305389210716,0.03414197941216718,0.02371655357310387,0.030923463720015698,0.03727253469770042,0.041146420409318596,0.009330568794894356,0.027211384602787714,0.026159461261538952,0.018567469881901055,0.011769611548258063,0.035974739710994186,0.0014144612118111022,0.05796104431113236,5.551115123125783e-17,-1.6653345369377348e-16,0.0,5.551115123125783e-17,0.1055850500580166,0.0,0.04284574947015729,0.03166196793587239,0.032340501384586995,0.04178017376468546,0.04255487755172993,-0.0010855526714267372,0.0141772683344632,-0.0007810816240539364,0.04397789286791021,0.030775453362237692,0.0005339697010132705,0.0,0.0,0.0,0.04914304461828811,0.018743070989031718,0.0,0.003953759652507272,0.042982749885952076,0.0,0.0,-0.002294756115455543,0.024921262112405085,0.01618220644905899,0.022349547112947177,-0.0017720580439114508,0.02823004029728915
0.012190394196806176,-0.004473544359692605,-0.01186098951658654,0.02380895961276175,-0.00963430734646803,-0.005271824686374271,-0.0001154130927638608,-0.011408096877865037,0.013829391231350796,0.0032095514781560475,4.6801206813940066e-05,-0.017499966576270454,0.003881665543010393,0.0012027436583754714,-0.012807867437466758,0.014502859971746163,-0.0009934794953063153,0.01559157087265528,0.004938753362797255,0.0,0.0018698956470949435,-0.015899468224196578,-0.02563823717081881,-0.0056159916217286,0.009804508498563014,0.00029885153172865,0.005862165222078164,0.012265494728442738,-0.009779835467501441,0.022200353221486058,-0.0038212793208839413,-0.015555771941348884,0.015350893595956205,-0.0023565047895695024,0.013881822525654508,-0.02317047186677229,-0.08138181831930785,-0.004196101477617897,-0.020649812024878256,-0.010509779344109127,0.005974668007244943,0.004005088107171151,0.010292207355004912,-0.000732400285010204,0.011126551123382677,0.01656442218965809,0.02682881189783004,0.02408067278222853,0.0,0.008602592963023348,0.01605847548095185,0.020802778860425364,0.0021762304409583266,0.03142068691599087,-0.01909419881032509,0.02925944671121017,0.0004909785324057614,0.011641558787863993,0.0,0.0032842014277945086,0.022942472075359988,0.004386404097249164,0.011442121398319294,0.005237023418259212,0.014761527262068419,0.0005846463803906854,0.0028202978108193832,0.01333556700992189,0.0027240704353597156,0.02246357926778214,0.01186572074137937,0.018754790069006655,0.014575818110946714,0.016859441419493082,0.01586146552658213,0.022627983504994342
0.012901916998627194,0.026825541421071963,0.00029205373268625934,-0.00043438073116131015,0.011499419136014044,-0.005022906246740455,0.02859983452061815,0.02655940178378008,0.0026469588269900646,0.011737496501138811,0.008289520363337077,0.01414005971384974,0.027285442983999153,0.011926342521570266,-0.015958056078218652,0.03305715816642274,0.005228425520191038,0.027354509167573093,0.007927927917091904,0.0018698956470949435,0.0,-0.010965365178647324,0.002493373946793054,0.008464956090812714,0.019770769575371827,0.00180049951105693,-0.007048302285115049,0.01691866258871183,0.0035659403801152623,0.008748854892664804,0.009805074390767332,-0.008199180340980106,0.028770323842279344,0.005352364878527804,0.014126996928084334,-0.004352712789815749,0.019203657857646383,0.024041090056754144,0.004139749890376132,0.07369953609111268,0.009883813429269028,-0.002852291219683445,-0.005912898204667505,0.0,0.0008219634623670147,-0.02813350620450583,0.019462933917266056,-0.0007661561539624717,0.0,0.0001467881860667264,0.01723665751283565,0.014179146385803976,0.034115425997175486,0.0029836639249760655,5.4203219123416524e-05,0.0,-0.0024167023154713085,0.009621732380384218,0.0,-0.008005936528362068,0.04049799198191101,0.0,0.026711172599716226,0.0,0.01247281145722462,-0.0028103150860782633,0.011906262705230486,0.01618607887660667,-0.009410684885799547,0.007247820387024817,0.006525000247864066,0.017142499074285167,0.018425018895281975,0.0205647307020142,0.022392892528945108,0.03188974598254751
0.00908961225945737,-0.006837932375978462,-0.024897339027164733,0.003944406587398697,0.0017834942492264139,-0.0029910049935568117,0.0050864744125837524,0.005468736335680124,0.009035743504342442,0.01781061624417063,0.006844205063441466,0.02960250520745772,0.011226072015508015,0.000977056511840324,-0.013691057477105917,0.010911536205870764,0.05426346485337913,0.026821845901305263,0.020912429524352905,-0.015899468224196578,-0.010965365178647324,0.0,0.001581769570386582,-0.007468160808859814,0.009765352389338233,-0.00932572333528603,0.001066649709513201,0.022456852879094824,-0.01657839899465985,0.019941332319479588,-0.011299126897263478,-0.018291294426157234,0.016509126295234378,-0.003813340204018578,0.013485773445021498,-0.04210212049167594,-0.03273751999466368,0.10467343648017924,-0.0014755251248463885,0.021351875186296,0.02157947184611786,0.017075199558955645,-0.021942460103981265,0.0,0.0014873031386343771,0.010120386625642963,0.03350509102223187,0.04615872973980012,0.0,0.000741778913173341,0.038989810932496316,0.062352292077082094,0.007845166624926014,0.047356145946036265,0.018028855696816615,0.0,0.006782353473962888,0.03321946783244717,0.0,-0.0052650654201070735,0.030996259010455718,0.007692814278855098,0.026346724039016778,-1.1102230246251565e-16,0.006942494425739298,0.00868894464887493,0.014731273500618591,0.008741011301084456,0.004703620888630633,0.020217372337075157,0.023519967557274035,0.016783991590277825,0.01767868980469789,0.021886725074605984,0.0034154351366068036,0.01991697688962929
-0.010136926783554823,0.0024445946451915335,-0.016278716389918957,0.0004296971392307447,0.015452868567399691,0.0023321580592592372,0.02132583886197509,0.019804898212785138,0.010320049231097583,0.021774746163249925,-0.03320152453455627,-0.01794996511705893,0.01813020815697569,0.005632649332158179,0.017042148702641202,0.01099992005583278,0.023584032470049587,0.00747317977131734,-0.01625912303966326,-0.02563823717081881,0.002493373946793054,0.001581769570386582,0.0,-0.00845125435419225,0.0008714006367889771,-0.013877402451744347,0.009018506907752022,0.012993232945489985,-0.004326684546432369,-0.009807481805009788,-0.005153824154093378,-0.0018772711749321935,0.0027118558825139916,0.0019930634827675098,0.013380862732651322,-0.0037257151149655,0.02484983555121978,0.002615952391713583,-0.0005391784475318184,0.005789622853232923,-0.0005426641584296288,0.003331640032810168,0.028930377834448073,0.03141544341240443,0.020958956952189634,-0.0036437071873504645,0.011524592917173782,0.07936963851985557,4.570257182040516e-05,0.035544561204259306,0.021401411432677597,0.026162099413942097,-0.005927936699270608,0.028540780172515934,0.03251031887508882,0.04423006544878183,0.03315913838901896,0.03301418436515724,0.03802156644822907,0.0032706656719696525,0.01145489558323931,0.013383549976208942,0.02137948769895548,0.07489089191319487,0.014917867362051418,-0.007291272610655819,0.004516334672164002,-0.007700623858295286,0.004201536624364566,-0.002059729801959398,0.002038118973303249,0.010083314336094773,0.023875891507547653,0.023910429019433854,0.01858362360591992,0.021633504303105622
0.01732514715242478,-0.004759292595650444,0.03345969961554701,0.0076965227137876235,0.007448710064710706,-0.01786322420592773,-0.0126066805640635,0.0044853339755807076,0.03048946120244267,-0.014475375572542859,0.016853090110137137,0.004623315932569094,0.002676916997449985,0.022621983835611648,-0.006667043972331255,0.024954539845787216,0.03352451526680239,0.02739501153943502,0.015388659290674234,-0.0056159916217286,0.008464956090812714,-0.007468160808859814,-0.00845125435419225,0.0,0.015512991525847175,0.026511390148322267,-0.024462213795824028,-0.006028332467594266,-0.04717115391008758,0.01318009024411787,0.00010583284814602578,-0.007448264636165214,-0.015389176675232652,-0.03436224567793256,0.0038587313186815853,-0.04458462145076797,-0.023213754503337958,-0.09136913037671435,-0.014806667278949526,0.05174258620279243,-0.019786235839557464,-0.0771450426051663,0.022434964902087073,-0.009946687194858084,0.009818929772574925,0.034996710789636454,0.03599547701176381,-9.803347928050155e-05,0.0,0.0,-0.008818652410996164,-0.005738128729609382,-0.0003478649269502143,-0.0024374725529398567,0.027924186235569026,0.000444405008912907,0.051177499985802954,-0.02064814801079884,0.0,-0.01012005730228005,0.03224854234012986,0.04465603063990131,0.04343477198885359,0.0,0.006560037615179148,-0.01512523914493441,0.04598457206961437,0.01275604043230305,0.05259337700564359,0.03371666858152972,0.028371249751692362,0.011710583069746872,0.0015633887065634178,0.07092256443241063,0.0,0.03651976123343753
0.017294175917514254,0.01788393676846839,0.06132494449113607,0.0,0.010167689831073523,0.0075092628071249945,-0.006084291738642722,0.003112874177857494,0.018008675025305843,0.014906530548343566,0.025818707838670074,0.037595532789724495,-0.0005637893505314739,8.018189851743962e-05,0.007073302076206711,0.014781477336210824,0.000969061031733276,0.018034529563340285,0.04267671954850771,0.009804508498563014,0.019770769575371827,0.009765352389338233,0.0008714006367889771,0.015512991525847175,0.0,0.014731757051469063,0.01060587834778809,0.01739176986955937,0.016482022740434976,0.01725168084903994,0.012078183350004601,0.0014905526965263705,0.03680273716479815,0.01676463514197135,0.05142259746102662,0.031652333915735575,0.0007450850488546767,0.009500163924538785,0.031880919048027034,0.05029745756948367,0.03597537076338131,0.06083423931671311,0.001269309449261402,0.0,0.02467438407808631,0.032348802442367264,0.04780412296801484,0.0,0.0,0.0,0.030783309446579366,0.011824019109735462,0.011671977029987068,9.671296845970012e-05,0.03460390324249685,0.0,0.02961787788499859,0.010197363998848574,0.0,0.020250045323070898,0.051922185134239685,0.04321847197750034,0.04499363339741347,0.0,0.02877962373123355,0.00279470543013971,0.036227373445113176,0.0235793079489226,0.047291696539559946,0.04075113864048191,0.02895763153020653,0.03009310040855856,0.04194364496080871,0.03649215646635273,0.0,0.0506138507503483
0.020293809255613304,-0.002532561264685207,-0.010987244334729751,-0.0015760351140411966,-0.012227143893805026,-0.00949613534789423,-0.015987512199413523,-0.00465823953049066,-0.0021055235616202483,0.00010860473688084626,0.0306875970742172,0.04188997528132482,-0.013847920544790504,0.008540669814368407,-0.019945864394112778,0.01700842979821715,0.04073282076817197,0.0227885674435776,0.02664098446024815,0.00029885153172865,0.00180049951105693,-0.00932572333528603,-0.013877402451744347,0.026511390148322267,0.014731757051469063,0.0,-0.0025823785678155686,0.0077250169322529705,0.002116366928318625,0.004062985256772955,-4.153422523101025e-05,-0.015001110894336978,0.021519727307101277,0.005600606577055911,0.023832404250770878,-0.02701851004605632,0.00025290053567622595,0.015283588729181175,0.018184700642857377,0.04407196329710461,0.030115234353621123,0.03356748678557908,0.0027965676567872078,0.0,0.03477251200780579,0.015771089377982883,0.02777692451038799,0.009537385988757696,0.0,-0.0003245954373372606,0.015667452540540472,0.018416082065786932,0.022438262856942393,-0.004430263331956785,0.02979225005349856,9.933020298774631e-05,0.034085181196968406,0.02145950979130573,0.0,-0.0030218452287823494,0.03181719730618432,0.042307452545957525,0.035257605808835635,-5.551115123125783e-17,0.01563314127984472,0.012716886590103171,0.026591277610570785,0.009178101118560711,0.035959177948047705,0.02852747857123894,0.0200932554107337,0.008058292070015127,0.017828286066988053,0.016585626210434412,0.00010627290904791087,0.03128991362671418
-0.017102285739697187,-0.009206885439462242,-0.0011906136463203376,0.012762760724508937,0.018307333560136307,-0.010359434901257403,0.01101008742520515,-0.01013021389719082,0.011634730284065531,-0.0034386863060248962,0.0067205835313238205,-0.007572271744789527,0.010604175122563675,-0.0058294310365732405,0.0166818780142986,0.024610579847973546,0.011981406156231,0.017845549855766807,0.020184932858637983,0.005862165222078164,-0.007048302285115049,0.001066649709513201,0.009018506907752022,-0.024462213795824028,0.01060587834778809,-0.0025823785678155686,0.0,0.007048885776711533,-0.008101343542687767,-0.019807032793653423,-0.005258735621356259,-0.006859247498161969,0.013025256825758502,0.0007423639023420581,0.009077008099066086,-0.0019224910956626151,0.010889230692991525,-0.020613619939792716,0.0034581105115658595,0.013395390469062907,0.001806550914158711,0.024844000873687544,-0.004888282000044708,0.012698324344225576,0.008559261731707846,0.027925648254919333,0.01954470190601848,0.025223084888263525,-1.6653345369377348e-16,0.01368644782588313,0.010762625840804563,0.01852607818489349,0.0003906844749682059,0.017625249523694153,0.02935244920643343,0.016659103814204324,0.01718455034145283,0.025707917303710914,0.0193375853465374,0.016964964119906667,0.016445975587768447,-7.903718290158679e-05,0.03278250903176294,0.036606670653580475,0.024988618823938047,-0.0010455605817555336,0.014789628065819294,0.01121807409466935,0.011162990271688822,0.016885466558330342,0.018455220889697588,0.01235793314951028,0.018806918811785533,0.025174374751286477,0.023231692759908773,0.02390937096493373
