0.0,0.021100299249366627,0.005130355387220731,0.0,-0.0004796560763218327,0.007544529119109744,0.010812646360097544,-0.006171441230297836,0.006599104069496986,-0.011792823811036524,0.0004059452327803692,0.0028771000375906186,0.013177991707503889,0.005024792625103247,-0.001295509969784614,0.0003809709907253156,-0.04253181942668399,-0.0016922302436971348,0.0,0.009127918190333262,0.014865781345661078,0.009053043329211474,0.004827124504071578,0.0049042021977040995,-0.0003656882768812153,-0.009662341292134613,0.00968754553262785,0.017735294335771423,0.012095513200102548,0.0209737177215798,0.0018604456956695659,0.013798773075032578,0.026971485346049928,0.012836905156704936,0.005256572386151626,-0.02143882610029202,0.0,0.00648786909277449,0.003438249193701226,0.0038336463000548937,0.015726176125316793,0.026766932870742166,0.0,0.0,0.0018506652665137846,0.032366280009956394,-0.005293386778952747,0.0,0.0,0.0,-0.00271071486736274,0.0,0.004407391033817376,0.0,0.017613709372976016,0.0,0.037324288384291526,-0.0009348080929788005,0.0,-0.03191914427256265,-0.007610518803831123,0.006288987309755356,-0.008106406623387907,0.0,-0.050802667156181536,-0.0027385426922195144,-0.0177849022583198,-0.018644945463848983,0.0936338286627742,0.0007227164884031079,-0.007746479364119985,-0.051499147717098126,0.001014153649447791,0.002269746695360564,0.0,0.013157624739280116
0.021100299249366627,0.0,0.028272805562337855,0.0,0.004037910649589083,0.005733780202545835,0.0016421024495509307,0.01750047553821671,0.008999414057133448,-0.0067273429073999025,-0.0016148193488688123,-0.012269465411798297,-0.002555426534282479,0.0,-0.0024905825185154162,-0.01346221118408869,-0.01983264831793008,-0.007542344286220304,-0.003983004633904497,-0.010756942577222484,0.009421138638671167,-0.01662524744486743,0.002404463133455881,0.016067617278697544,-0.008951336151890477,-0.008435617762382386,-0.004054565015587097,0.004871727138963888,-0.0067662434715061726,0.009131003548900563,-0.006485674264003316,-0.001053221745576871,-0.009960693835699697,-0.005937554221572439,-0.007555759174859955,-0.016225444164251368,0.001855794154374757,-0.0002321765636026929,-0.003793244442682142,-0.004418476537726201,-0.008130941411811643,0.00044160153638439503,0.02357103086099882,0.0,-0.0001440095602737168,0.0022114865668705908,-0.011433113360913238,-0.010842139583094546,0.0,-5.551115123125783e-17,-0.01562036885978535,-0.014636514585199989,0.003398867253323279,-0.027873820890457757,0.0008994209066433556,0.0,-0.002888027250091685,-0.004604617162316971,0.0,-0.015956763620136205,-0.011535797138044646,0.003895749073128285,-0.008614566510523669,0.0,-0.010721845514416628,-0.011400462156131275,-0.020790603537410857,-0.007032537145159556,0.022436848601688375,-0.01307981141465564,-0.01813357601054505,-0.005362979199499851,0.02673791574455814,0.011427559935587639,0.015333642226737554,0.002943891096733431
0.005130355387220731,0.028272805562337855,0.0,-0.007217247661680082,-0.03202755678012331,-0.06077993322269781,-0.0041572355132506456,-0.005113096064784273,-0.017707189643570653,0.0018759564407362372,0.008704724386213503,0.004652977884136711,-0.007678403188347005,0.003965371781131932,-0.0044461652337610125,0.004788606684216101,-0.007764940515011753,0.0032854276424063578,-0.020188889731178106,-0.014923723022429503,0.0007481358475641131,0.017531261051899005,0.0036010849056796745,-0.0005487918884750087,-0.019476791598873222,0.015411235377774779,-0.0275073030039219,0.0004738968509412911,-0.0009731742255996711,0.003616822313539547,-0.00523747902411259,0.009956981932886577,0.009746475451925474,0.0023575991945985475,-0.002083328482772373,0.0019369848094886732,0.02427989529579566,0.003675145186149087,-0.022295569029284035,-0.015063677620278437,0.014063848990733763,0.011339896299484287,-0.04001154185047967,-0.0032755659585875785,-0.0001972767628038996,0.0,-0.0017570940777002497,0.09743629165436934,0.0006246839297312512,-0.005519715754694232,0.00509732583434952,0.0025502235684896624,0.006241612039896816,0.026726553502137373,0.003886808062465996,0.0002233544867201731,-0.008796805647892147,0.00580882654826298,-0.0258957733494789,-0.004557327630508756,-0.0010954331336781031,0.0,0.0,0.04180706454194749,-0.022136692790057366,0.0009074448653938472,-0.020593768331900297,-0.006053760981173384,0.0,0.0,0.011037787590949144,-0.001790255645049199,0.005294518574748719,-0.02130838760577275,-0.005037805817441621,0.01722636717452042
0.0,0.0,-0.007217247661680082,0.0,-0.009648696893612085,0.03370523069010367,0.007940498787143035,0.028956971137556686,0.012559507931443503,-0.09590469144547889,0.002831342005972848,-0.07444880821924002,0.04088781245508416,0.019941443839574136,0.02415714840836558,0.0,0.0006695980594191298,0.0,-0.015909930186430776,0.018861058291441135,0.0007660419581581035,0.030524476909215004,0.036259121752314716,0.002058756800991046,0.0,0.04768388219570563,0.036836152639971864,0.00039736018143926577,0.030912997674183817,-0.00044295210403028085,-0.0010190449501834564,0.041649417760657226,0.2156355206130483,0.046138918766608084,0.07562088092384772,0.0030349416403728235,-0.02795637856365016,-0.01179861270022009,-0.0021232525400289304,0.0,0.0017236743415522948,0.0,0.00043190889793487397,0.0,0.0,0.0,0.0,-0.00012348097867642682,0.0,0.0,-0.00012178073200963535,0.0,0.0,0.00028908487100648417,0.0,0.0002959499341015359,0.0,-0.00021762318250606594,0.0,0.0,0.0,0.0,0.0,0.0,0.0,0.0,0.0,0.00863262460347447,0.0,0.0,0.0,0.006109937420700928,0.0002833537284683274,0.0011144661470005035,0.0,0.0
-0.0004796560763218327,0.004037910649589083,-0.03202755678012331,-0.009648696893612085,0.0,0.01544871451799168,-0.0068800151254654884,0.03950555737156264,0.00918038318263581,-0.05703202420239517,-0.007739421236386046,-0.04058075066052075,-0.01175646849881945,-0.016217709244632117,0.007903505710819547,0.007592774515871814,-0.07242831450635767,-0.011369878291725533,-0.026538382955163087,0.0013881278877406755,0.014155345318315193,-0.008430637221791548,0.01637080392073892,-0.009376201655485472,-0.010030388041237293,-0.0010239257912539323,-0.00435733793439691,-0.025771072971273623,0.0092281348440032,0.007448272318070104,-0.006159467689626386,-0.012079253056704597,-0.03848262554594767,-0.016445585757006165,-0.0019381126577313057,-0.02333862419552979,-0.024328473100417802,-0.012634032888762414,0.01644501762855899,-0.005854712562042563,-0.02893857396270144,-0.054870671652867076,-0.005950038628705578,0.0003039490394137201,-0.03076656153736529,0.0,-0.01004435684571603,0.0031430212662181267,0.0,-0.006813967333552995,0.015438313537275872,0.029398171725030564,0.016535712431748784,0.016541604083747274,0.0018624640452053476,0.012331527060520153,0.007827396294590727,0.022511434852806378,0.0005317743262131525,-0.0023045102250273675,-0.001145599210350623,0.0,0.0,-0.0007469488271651947,-0.018008359712481325,0.0,-0.008857883233427954,0.015584118501403732,0.0,0.00010568013099315765,-0.002705627737238092,0.014609317436416358,-0.0009947571966364421,0.019049867536606147,0.005603113258363823,0.03248119652318138
0.007544529119109744,0.005733780202545835,-0.06077993322269781,0.03370523069010367,0.01544871451799168,0.0,0.011137331935502814,0.0006559323479555235,-0.002935015496985882,0.0006104620742011235,-0.011401715429466719,-0.00837363035762928,-0.001930348211993449,-0.002314133042989275,0.011957928547696062,0.005162081491740966,-0.006400312251087614,0.00615556420290686,-0.027612619564467755,-0.0010451744401207552,0.012124202422357122,0.0018546069794100895,-0.017006647340265635,-0.011702132110239738,0.00849170442584396,0.009084079496845143,-0.015078295012522058,0.017762111500065292,0.02466124447567608,0.006785924337100513,0.0030311865914572356,0.016795188032117547,-0.0017860131777107657,0.004924095303574294,0.007007100564036806,0.0210148028630624,0.011897936918966068,-0.004740858124262282,0.038574709361483606,0.005955220665114946,0.03851110881830455,0.012808284956382643,0.034587543655091424,0.01374327934043107,0.007151489132226407,0.005997645795959072,-0.006517229708841943,-0.008142983253748404,0.0,-0.0009244756717177172,0.008885753625308412,0.018461315828465774,0.0013511413705186714,0.008333143491810358,0.01594437631947987,-0.012567111411639242,0.004163345832468246,0.021297789837407155,-0.043819767577869706,0.015603309023292544,-0.01017145743821446,5.551115123125783e-17,-0.016085604139238485,-0.0016450703322010707,0.008424607422049701,0.01052972340250552,-0.002779437586124589,9.343818680818128e-05,0.0,-0.006986549385634366,-0.009252884902234804,0.006074904536136572,0.012334685130320988,0.014473758075183751,0.012466231338217226,0.02710354127830983
0.010812646360097544,0.0016421024495509307,-0.0041572355132506456,0.007940498787143035,-0.0068800151254654884,0.011137331935502814,0.0,0.028494510063909517,0.020640220584473568,-0.006752685830875738,-0.007970201772420138,-0.019474166424360007,-0.0015148932281063288,0.00925875706189061,0.008494574157968005,-0.00023293567583410058,-0.02725684347000562,-0.017235964553964978,-0.010223962728565128,-0.005448785922464117,0.022948897385400346,-0.0038691929333997677,0.01810970075368834,0.0032920223710981578,-0.002721746118851065,-0.006676239796656325,0.013566263766103148,0.0018503371105915156,-0.0013916202737482841,-0.007136050185774234,-0.003399099612219403,0.010946177237620702,-0.008912221909714413,-0.005305776559468234,-0.012756567289727738,0.010415719749427232,0.009303302098529698,-0.0007272061191913037,0.004334565841691229,-0.03964604752922152,-0.036799079137725677,-0.055026715255621916,0.02063669142490332,0.00042636171299331727,-0.009573268353469389,-0.0006963335768108148,-0.01496665176495987,0.005242567303086365,0.0,0.0031040827106970648,0.015634422351045063,0.02466106410837199,0.01663147471912485,0.023948420638280732,-0.07222302262876723,0.01757221340544629,-0.05695354458226426,0.029574309123720055,0.006727710460022407,0.048473817979313105,-0.006426523156764619,1.1102230246251565e-16,-0.001079503071876764,-0.007792883596489553,0.02121188420731135,0.013149387020142289,-0.02081151970616124,0.01206741361489716,-0.03044308940475199,4.1340128927036535e-05,-0.0025609615923630757,0.016740137753831763,0.0014980265946534788,0.017639158328875082,0.01276540812766791,0.026963116129853026
-0.006171441230297836,0.01750047553821671,-0.005113096064784273,0.028956971137556686,0.03950555737156264,0.0006559323479555235,0.028494510063909517,0.0,0.0059015878201531535,0.007544998874327469,0.024456480722780782,-0.01116926885624503,0.028898925173745316,0.025207001845437393,0.020804620627735082,0.017491822810310476,-0.0009159359583661431,0.0077448640787324274,0.014249536118617567,0.010005967199557375,-0.013662837974725728,0.012986894479469102,-0.004672273645444258,0.0031109296467244363,-0.0059945313708302805,0.0038941188905811663,0.0017636163619813572,0.02863154148900321,0.0335206653881856,0.014586645466233561,0.029793174021472302,0.011032842758484762,0.008998113959145737,0.022492775304851553,0.005384658434389233,0.03774866661538012,0.10930052752469172,0.010783769253483177,-0.0067705955784150285,-0.0034081907581755,0.007731946278720703,0.0013576961878812854,-0.0320172490253508,-2.8234161377205247e-05,4.195234824660998e-05,-0.002562610106594143,-0.029810568852751074,-0.03708405780506774,0.0,-0.03854021403993113,-0.0023563321139269955,-0.014051177226503064,-0.012635173021701473,-0.006983220679449453,-0.0010531317470664492,-0.02701610550095951,-1.1102230246251565e-16,0.008301655223953819,-0.03406323497050845,-0.003321035297302488,-0.004015675200331581,0.0,-1.1583421112015824e-05,-0.042443418777644515,-0.0018865298616674298,0.0015745955304405368,0.0021536207419927678,-0.02767004332677442,0.0027853514921679645,0.001038939140407924,-0.026864509119972624,-0.017867320465166536,0.0021224584908584587,0.012316507854921444,-0.015964560205488698,0.017012643507739622
0.006599104069496986,0.008999414057133448,-0.017707189643570653,0.012559507931443503,0.00918038318263581,-0.002935015496985882,0.020640220584473568,0.0059015878201531535,0.0,-0.006713994480441465,-0.02708635422587158,-0.020587904182135353,-0.02902360382032315,0.009374790028863933,0.03742301448523094,-0.0166524684475039,-0.015486901962577126,-0.026441858901476267,-0.017370397512772418,-0.002044252413006653,0.008358255246137425,0.0009896183849960605,0.005594335508055603,-0.010573031389794818,-0.024499679065116187,-0.004307801280111545,-0.02144488482897411,0.001745597712928204,-0.00717791132705059,0.004571086827895143,-0.001296372389759215,0.01613447733873874,-0.021913558689408197,0.0006791179464399888,0.0037338310214928283,0.0073963812822996355,0.010367179468315224,-0.009380777639787563,-0.0037614302233476282,-0.011461427096678745,-0.02832140611593814,0.008011290525996029,-0.036436735681041554,0.008156374083945928,-0.017233430886840817,0.0,-0.0016520772528995087,0.02354637364351453,0.002409319594544712,-0.0053789278173485,0.011941461437391832,0.012136006176377334,0.013449951548788586,0.00933647791329395,-0.010204054550693453,0.028302335047695137,-0.009470072264147311,0.016018200764269186,-0.03828347788549402,0.03772507331503255,-0.0035463866045834513,5.551115123125783e-17,0.0,-0.005828856432290919,-0.0045875617974237,0.021692844121484978,-0.014800341905839842,0.005430003553139495,-0.0004401498520966163,-0.0019431696677253418,0.0007836692499613163,0.00518447254813148,0.014108285285669209,-0.004608692020691307,0.019736218362062408,0.014229842959794792
-0.011792823811036524,-0.0067273429073999025,0.0018759564407362372,-0.09590469144547889,-0.05703202420239517,0.0006104620742011235,-0.006752685830875738,0.007544998874327469,-0.006713994480441465,0.0,-0.055152394774672264,-0.024222270793500478,-0.011982502217595004,-0.11593033787657914,0.07216128211473694,-0.01104683100943632,-0.00319771923601192,-0.006591949031357736,-0.0019929722900340896,0.016033289511423132,0.006196823563477005,0.010280969903890047,-0.0009618416803412466,-0.011299664997928949,-0.032602294424257106,-0.03775562688612122,-0.0035237315670099134,-0.009944035996464928,0.0021936183535283815,-0.005089999375918086,-0.01467435853269533,-0.010730331481190514,-0.0264779566059668,-0.030850230041848836,-0.020407452944359805,-0.07692329615403953,0.012685661418165184,-0.028740545643586135,-0.059123590641396495,-0.02528058975762454,-0.07899780516767568,-0.07202869462349837,-0.041006413386327156,-0.01763295943262566,-0.061172445417384314,0.013160980540725953,-0.004349939734036912,0.006448230352058881,-1.1102230246251565e-16,1.6653345369377348e-16,-0.04839346848717613,-0.11429367686202807,-1.686234346287563e-05,0.013736737824196599,-0.020054056361851702,-0.0035750551783396145,-0.022833114113398167,-0.013205572726792014,0.0,0.0014885747346291,-0.015796827151502324,-0.024747884811097187,-0.03541396641278788,-4.465997064662108e-05,0.008090956942018113,0.0005643176508728365,0.00722466700286073,0.008493990967913922,-0.0028859466715263626,-0.025132170123335906,-0.017909960117613644,-0.0435238830254524,-0.1541162539366187,0.000820046479164005,-1.1102230246251565e-16,-0.015252694854597182
0.0004059452327803692,-0.0016148193488688123,0.008704724386213503,0.002831342005972848,-0.007739421236386046,-0.011401715429466719,-0.007970201772420138,0.024456480722780782,-0.02708635422587158,-0.055152394774672264,0.0,-0.06400980769956671,-0.01220433447478797,0.02352833372580665,0.0,-3.354448655523701e-05,-0.001480177324458487,-0.003696670545785319,-0.023992332764284946,0.00015416605835394392,-0.004876164064982591,0.001622040051391771,0.026452224944645497,-0.00607092806187759,0.004478817101352783,-0.0015786384697735745,-0.007851449916280562,-0.0036433219822939455,0.011001259543476638,-0.01486513943661627,-0.008714193776772072,-0.021626856670979633,-0.033638535812411885,-0.009133044415236657,-0.025398803692297134,-0.02303374470899261,-0.024431019488249828,-0.05567050017574238,-0.041712931528957664,0.007381846922293711,-0.024542017796122084,0.0015902698932984127,-0.057199719043035946,-0.07456858787775883,-0.0017144102065502764,0.0,5.551115123125783e-17,-0.05355160403177889,-0.00027056361083066527,-0.03096043212623595,-0.0055460915328521265,-0.03968039968666309,-0.006017788615272024,-0.029126166474082615,0.02260690031042789,0.0027032720250743103,0.0009269156333933104,-0.015783991716788404,-0.0694997918584398,-0.0015298532530201303,0.0,0.0,0.0,-0.07693222256602059,-0.02526005022045885,0.0,-0.006372518455938614,-0.005056189270718936,0.0,0.0,-0.006346413812855556,-0.026466520502885005,-0.014032082311756733,-0.025496531061754424,-0.0021138609453980606,-0.00785093913496182
0.0028771000375906186,-0.012269465411798297,0.004652977884136711,-0.07444880821924002,-0.04058075066052075,-0.00837363035762928,-0.019474166424360007,-0.01116926885624503,-0.020587904182135353,-0.024222270793500478,-0.06400980769956671,0.0,-0.013684684544787051,-0.007830518783983886,-0.00015342065827872453,0.007445642039686229,-0.010517996950051622,-0.009193973115387721,-0.05337317264888097,0.006156822004400431,-0.03253317971994413,0.018590257676940614,-0.0039352872101049985,0.0016799222029667549,-0.04142849619719735,-0.006142518004076614,0.020957560388929986,-0.020450716736520547,0.007709516982673303,0.004321812623269583,-0.019998144447658628,0.005365154123994242,-0.014385003524714945,-0.022226021968162424,-0.010108661282920373,0.020913090749486496,0.030792766405964622,-0.013576953187546509,-0.030414758366702266,-0.029099502584443715,-0.02945959874198445,-0.04504138436756072,-0.007736136751632761,0.004472502850303484,-0.0060410721265278244,-0.017381417380183672,0.002567625905933013,-0.0105653300721677,0.0,-0.00017394017749666757,0.01873970816704784,-0.0031748093799439103,0.0,0.004496977187978035,-0.010505141729534928,-0.06285405412251904,-0.007674532473767592,0.01528335677045567,0.0,-0.008142951726078318,-0.013634348190568857,-0.021602391013025413,-0.02750904687225031,0.0,-0.005927816705351807,0.0003411743909009779,0.0023854966499757824,-0.00978869247177322,0.001854249025853183,-0.006464862659681603,-0.008779902909416104,0.013063471610434807,-0.05457782728492977,0.012443285027299245,0.0,0.004900875102567148
0.013177991707503889,-0.002555426534282479,-0.007678403188347005,0.04088781245508416,-0.01175646849881945,-0.001930348211993449,-0.0015148932281063288,0.028898925173745316,-0.02902360382032315,-0.011982502217595004,-0.01220433447478797,-0.013684684544787051,0.0,0.02130061682544626,0.017549486897155187,-0.000602421558384636,-0.01564825978595652,0.0013529337436465338,-0.007900021389401324,-0.0030139405442631273,0.039286230061977456,-0.002639716975143813,0.015296973037960182,-0.030433917023304613,0.0006635908198712737,0.005863388359063693,0.010633868422241233,0.006486212768099409,-0.003344369044074369,-0.002785243269368076,-0.0006459954574986604,0.011622551699286776,-0.000786108912338157,-0.003897579034232268,0.004326088961078778,0.007502908274756026,0.015814241343850066,0.001543000605753575,0.025011818832360144,-0.0269095421739855,-0.011396991913284804,-0.027712439570081626,0.043399253364534096,-0.0063235612923991935,-0.014850756095107831,0.002806715008636773,-0.007207710159598979,-0.0009054176370373312,0.0,0.002697765595541246,0.01858512091285036,0.027412440596543575,0.018482691763472614,0.02263342001100399,-0.06939927745058838,0.01778273854814938,-0.051482701768015504,0.02715063899440817,0.001451015413109269,0.03148032314006999,-0.006769747103296808,-0.0028953133499818873,0.012077302002022061,0.002836450513147404,0.018627384014949344,0.04398228434797219,-0.015081364520764251,0.015638286464237594,0.01824477437501759,-0.006995902462912484,-0.006053733189280375,0.02110807629978395,0.027028512880105215,0.030374185045180746,0.0239118596878507,0.030192924409472632
0.005024792625103247,0.0,0.003965371781131932,0.019941443839574136,-0.016217709244632117,-0.002314133042989275,0.00925875706189061,0.025207001845437393,0.009374790028863933,-0.11593033787657914,0.02352833372580665,-0.007830518783983886,0.02130061682544626,0.0,0.017148711631084224,0.0,0.0,0.0,0.005328935392063028,-0.009574952390363323,-0.0021373676824302246,0.033127247280712924,0.016254492901494333,-0.01666995291632073,0.00026412411318604834,-0.004574252411457591,-0.009223694321991716,0.0006749729234702961,0.011585664138553997,-0.0003792996451854047,0.004078989954726442,-0.02208677227200423,-0.08346391398860564,-0.04515018217981853,-0.023074017574845063,-0.03151872456588253,-0.0023044924180146975,-0.1485553600673479,-0.10291875647636578,0.0,-0.00013549862994899353,0.0,-0.11820849924744875,0.0,0.0,0.0,0.0,-0.04822130857490303,0.0,-0.059207216543301244,-0.07086517651180368,-0.06503733644710658,0.0020438318788778553,-0.05561551136161552,0.0,-0.05004704942376248,-0.0004602535117351758,0.0002891760989904846,0.01036187931644822,-5.551115123125783e-17,0.0,0.0,0.0,-0.0722401468452804,0.0015476375922990337,0.0,0.0,-0.02605522527962989,-0.0009844019503509327,0.0,0.0,-0.0013889951292307412,-0.07464120584424355,-0.027850430930840442,0.0,-5.551115123125783e-17
-0.001295509969784614,-0.0024905825185154162,-0.0044461652337610125,0.02415714840836558,0.007903505710819547,0.011957928547696062,0.008494574157968005,0.020804620627735082,0.03742301448523094,0.07216128211473694,0.0,-0.00015342065827872453,0.017549486897155187,0.017148711631084224,0.0,0.004508294504121713,0.025641104345325683,0.018488319058997227,0.0,-0.02703560980385733,-0.010716243600765063,-0.00880734154776952,0.008343217192343821,0.0051342027483416985,-0.007780004747392821,-0.013531538412029587,-0.03495098393958168,0.002901935048417681,-0.014852774523250178,0.011900323960780168,0.012381825134572977,0.00892519533456404,0.012093194435988608,0.012602794739938528,0.009955165957063361,0.014662464685704868,-0.002220465706702701,0.0015700126268472503,0.019195472238379085,0.014993769724603367,0.01652243420316285,0.01851440249573344,0.07816012389888921,-0.0014761768154256671,-0.0031767352503718205,0.015956581974691797,-5.346990734600432e-05,-0.0019959547942397515,0.0,0.0,0.0020307963523771844,-0.007259306749358652,0.0031780982584699857,0.006397534665362858,2.3879734377285633e-05,0.0,-0.014354015339673398,-0.00034763784502933603,0.0,-0.003829855749874711,0.004687868913624882,0.031679913464432774,0.014530205479046654,0.0,-0.005989717332058719,0.006869270404650796,0.005753475150436338,-0.005777489022070648,-0.006539606189423952,-0.008202487676282122,-0.005593411328784992,0.006879382049896243,0.019510724395387924,0.010360459766666053,0.0016829958151342028,0.014891133736563256
0.0003809709907253156,-0.01346221118408869,0.004788606684216101,0.0,0.007592774515871814,0.005162081491740966,-0.00023293567583410058,0.017491822810310476,-0.0166524684475039,-0.01104683100943632,-3.354448655523701e-05,0.007445642039686229,-0.000602421558384636,0.0,0.004508294504121713,0.0,-0.016430374817269,-0.004391522872390752,-0.0013512257071577882,-0.0055761453816911555,-0.005443671271877448,-0.006581854655305308,0.003440812051971276,0.00604540842799961,-0.005312490785733703,-0.019564757583637404,-0.0031749023035066992,0.003348354576423851,-0.0026802771046836593,0.00627042391252236,-0.006118381253431504,0.0012990067551658102,0.004906135336494255,-0.006967530814285361,-0.022915289691439356,0.017130020718256644,0.005673066374819902,0.009563612446694347,-0.003600390340848303,-0.0005160492368005976,-0.00417037884478666,0.00830237293239855,0.008315520095791562,0.0,0.0,0.012435124238045603,-0.006850366365608707,0.0,0.0,0.0,-0.025625463382700275,0.012202588527199743,0.010520560065536033,0.0,0.020250409244415735,0.0,-0.001378688966957864,0.01667222964739362,0.0,0.011342562913884635,-0.0067919244919601995,-0.0008224093422514733,-0.006845675322748157,0.0,-0.0033666934667522797,0.0073171764375600246,-0.004497561562362751,-0.0009066589392478508,0.026297943346838992,-0.0057469388792931175,-0.008384941867435325,-0.005737442432693751,0.024896670324021486,0.014740731686303243,-0.00017343177217887806,0.003699819154839301
-0.04253181942668399,-0.01983264831793008,-0.007764940515011753,0.0006695980594191298,-0.07242831450635767,-0.006400312251087614,-0.02725684347000562,-0.0009159359583661431,-0.015486901962577126,-0.00319771923601192,-0.001480177324458487,-0.010517996950051622,-0.01564825978595652,0.0,0.025641104345325683,-0.016430374817269,0.0,-0.00425109390818218,-0.00034181424261131577,-0.018259950634086808,-0.0020508785361302295,-0.007609572130206799,0.012663284102133299,-0.017050412230518674,-0.012309184793210526,-0.033819342437879596,0.012549628727522355,-0.004081816316821141,0.006118423626552794,-0.010073690380142997,-0.016871821153425226,0.01204619866169171,0.002351817795686939,-0.009647646140553967,-0.008658086268754805,-0.010637306017729053,-0.012748715352331574,-0.009093513496665373,0.00030588646799334374,-0.0324211272913803,0.015671474691430765,0.00203155082310591,0.0,0.0,-0.009519115106192244,0.0025397287729865825,-0.013169356032471713,0.0,0.0,1.6653345369377348e-16,-0.0007648706309622,0.0003998237077929012,0.0,0.0,-0.015763362295280747,-0.0007095797537916559,-0.015020398944015856,9.107002885144766e-07,0.0,0.0,-0.0261272057880807,-0.014656218921634212,-0.024368573029297125,0.0,0.00014388627734812642,-5.551115123125783e-17,0.006202272794825825,-0.001972006357138345,0.008718403878848258,-0.014699452008397007,-0.012031646653616501,0.0,0.007123685834824922,-0.0007567554441160751,0.0,0.0019516027580921413
-0.0016922302436971348,-0.007542344286220304,0.0032854276424063578,0.0,-0.011369878291725533,0.00615556420290686,-0.017235964553964978,0.0077448640787324274,-0.026441858901476267,-0.006591949031357736,-0.003696670545785319,-0.009193973115387721,0.0013529337436465338,0.0,0.018488319058997227,-0.004391522872390752,-0.00425109390818218,0.0,0.0006375265856420897,0.0018538918920916192,-0.021811923732271754,-0.003979467651287094,-0.003383415154635583,0.005704093480577599,-0.006014770235558631,-0.020759319003478827,-0.00155019283076413,-0.009313787610736368,0.006022184098997407,-0.012127776029022541,-0.016320849704994755,0.009336387161452853,0.009974294832134245,-0.00919057833871112,-0.008346335349765366,-0.008246138316281959,0.0,0.004645660245103711,0.0012991939528093632,-0.004834463775965581,0.004955056668537294,0.019680097024913967,5.551115123125783e-17,0.0,-0.009119153716583561,0.02601587917680598,0.003701588238946951,0.0,0.0,0.0,-0.0044119132018566876,0.00037547571524743084,0.007566799776339783,0.0,-0.012181339455529516,0.0,-0.011946213483069623,-0.011884693793454193,0.0,0.01209250623775554,0.0033509522873021447,-0.01586159030639661,-0.01043284745093559,0.0,0.003696021319581466,0.0026670513096229698,-0.007495771333608903,0.003949037702367708,0.02536214972320988,-0.008568758724140868,-0.007638607772641692,-0.0053872663821276645,0.005459266663691842,0.0026290264864270996,0.0,0.003545425889048992
0.0,-0.003983004633904497,-0.020188889731178106,-0.015909930186430776,-0.026538382955163087,-0.027612619564467755,-0.010223962728565128,0.014249536118617567,-0.017370397512772418,-0.0019929722900340896,-0.023992332764284946,-0.05337317264888097,-0.007900021389401324,0.005328935392063028,0.0,-0.0013512257071577882,-0.00034181424261131577,0.0006375265856420897,0.0,0.004957913269828973,0.014874880191238005,-0.024103109965214253,0.02407391259235314,-0.07598539373678054,-0.021516536281754817,-0.005877270645149757,-0.012129950494775554,0.005151837813098414,-0.007331442726849546,0.023082429048764508,-0.003800705718954689,0.011601981810910378,-0.005306160346345401,-0.003796382091382111,0.00180557733924247,-0.016506887192542063,0.023231890132887734,0.0014379396029929326,-0.013794923926809421,-0.004928547945805939,0.0065233475155833665,-0.0005018612721064963,-0.046169125046088444,5.551115123125783e-17,-1.6653345369377348e-16,0.0,5.551115123125783e-17,0.06447978524177989,0.0,-0.020309356992051386,0.008133774245972614,-0.010849426044110322,-0.004200754824749353,0.0017799005939723722,0.0019759756645463256,0.12536484527419678,-0.0025729309868390837,-0.0002314612428377938,-0.029612087767263484,-0.002069482748912721,0.0,0.0,0.0,-0.0025919570437763495,-0.012402108760865505,0.0,0.0041108146788725874,-0.010147509712378211,0.0,0.0,0.04290842675361062,-0.0016509606086392292,-0.014125221663583543,-0.037859482866695215,-0.0004424545099410704,0.012516485092214924
0.009127918190333262,-0.010756942577222484,-0.014923723022429503,0.018861058291441135,0.0013881278877406755,-0.0010451744401207552,-0.005448785922464117,0.010005967199557375,-0.002044252413006653,0.016033289511423132,0.00015416605835394392,0.006156822004400431,-0.0030139405442631273,-0.009574952390363323,-0.02703560980385733,-0.0055761453816911555,-0.018259950634086808,0.0018538918920916192,0.004957913269828973,0.0,-0.009936292965847082,-0.010277818710962006,-0.018455430524564387,0.020238893953966997,6.652677235835514e-05,-0.01144040127303847,-0.028916058962516866,0.0019632501805054714,0.0016848772204085538,0.004629869285986576,0.004882438083680607,0.007198637806442865,-0.0005431327307640621,0.007785466964154608,0.00395504896755744,0.015078348550590648,0.02130743262609902,-0.0034497198329891954,0.03536662901198395,0.032982358319941785,0.024905942494782785,0.03394376754263401,0.07481159203540916,-0.0008462584763465619,-0.016604769726492552,0.01038407931558738,-0.006697087689831349,0.02366678035086306,0.0,-0.007139271421424509,0.02423545134744115,0.008063770281826588,0.024955489338943093,0.017226246074690643,-0.00942031883050043,-0.0036248300373017406,-0.009820731930640314,0.022626536749510373,0.0,0.010984642070839934,0.0012022521101123784,0.0022357629544660917,0.017643682002416616,0.0003119675794361343,0.006975620452706721,0.01151624253319139,0.009155248798545124,0.006623979526841239,-0.0010121949200188052,0.004718723088573851,-0.003935874472193457,0.01737579152514568,0.02310041206909086,0.01641726562219198,0.01766197416237092,0.016311132843594423
0.014865781345661078,0.009421138638671167,0.0007481358475641131,0.0007660419581581035,0.014155345318315193,0.012124202422357122,0.022948897385400346,-0.013662837974725728,0.008358255246137425,0.006196823563477005,-0.004876164064982591,-0.03253317971994413,0.039286230061977456,-0.0021373676824302246,-0.010716243600765063,-0.005443671271877448,-0.0020508785361302295,-0.021811923732271754,0.014874880191238005,-0.009936292965847082,0.0,0.0012305002728507097,-0.008384025795626193,0.00950809764898386,-0.00794820281610148,-0.014018495647431295,-0.0037270205688352265,0.03211305061494524,0.004711166189189209,0.01970703550601377,0.016480027379990825,0.0019091578528572795,-0.021321691036573498,0.012842953913989097,0.01549925242095912,0.005194427626128317,0.04403043496132347,0.01599556827593751,0.004479239981930283,0.016944039122282928,0.03299230547240001,0.018539376562670795,0.04504385384437365,0.0,-0.0011050140558769295,-0.013282032437753999,-0.006161282070659024,-0.0025237655688996607,0.0,0.0004835293275405328,0.015439234427598147,0.01783816531682353,0.017346557036723498,0.005673373776626023,0.00017854874288947276,0.0,0.003971884822070171,0.017331484769897487,0.0,0.004628949560835316,0.012758019227121276,0.0,-0.008622263823698295,0.0,0.005719799036294826,0.0065213137217690065,0.012382824375918866,-0.01719150069419212,0.00016663985553883043,0.006954048646496402,-0.0032768793867961055,0.0010235348793364296,0.02430537584104142,0.020695825876609286,0.0016299695831132888,0.03469330385504443
0.009053043329211474,-0.01662524744486743,0.017531261051899005,0.030524476909215004,-0.008430637221791548,0.0018546069794100895,-0.0038691929333997677,0.012986894479469102,0.0009896183849960605,0.010280969903890047,0.001622040051391771,0.018590257676940614,-0.002639716975143813,0.033127247280712924,-0.00880734154776952,-0.006581854655305308,-0.007609572130206799,-0.003979467651287094,-0.024103109965214253,-0.010277818710962006,0.0012305002728507097,0.0,0.0064449300472198545,0.029483253884021454,-0.009643466868781425,-0.008568576431740804,-0.009861651578106312,0.0030526515435966295,-0.0017827461510553366,0.006991711559163338,0.004754538567107391,0.008365057117162455,-0.008028989317410473,0.008645017822580647,0.007961968108422424,0.020208219274792216,0.020089053023527148,-0.00955309741649979,0.01743956178858752,0.013454422631268892,0.016956912752007725,0.016634426572676886,0.06102315024153493,0.0,-0.001106387771340811,0.008047634681963844,-0.00945436215186457,0.03866161978778565,0.0,-0.00015420177155306414,-0.009741053302278702,-0.0082383727418891,0.012561287136794275,-0.011951182202063426,0.0018996605125127797,0.0,0.004440511491316079,-0.01389015762635426,0.0,0.010951187419576458,-0.0008895822569389145,0.0036950956113642186,0.0007358303298727331,-1.1102230246251565e-16,0.012878097559417212,0.008764555530477613,0.00969456595738416,-0.0008235279579663635,0.02675586689165571,-0.006099842815689982,-0.008206525630318207,-0.0032966932501807267,0.008950870547239809,0.018980873110356455,-0.002901019668825444,0.010335418429753662
0.004827124504071578,0.002404463133455881,0.0036010849056796745,0.036259121752314716,0.01637080392073892,-0.017006647340265635,0.01810970075368834,-0.004672273645444258,0.005594335508055603,-0.0009618416803412466,0.026452224944645497,-0.0039352872101049985,0.015296973037960182,0.016254492901494333,0.008343217192343821,0.003440812051971276,0.012663284102133299,-0.003383415154635583,0.02407391259235314,-0.018455430524564387,-0.008384025795626193,0.0064449300472198545,0.0,0.006125482572583052,-0.007238807894848931,-0.0010027121904624403,-0.019873756620268357,0.009217051760502082,0.0010874395250558555,0.0034688064246125583,0.011490287779885755,0.01056956695326644,-0.015230310887377085,0.006487130095693516,0.0042613449762101685,0.02761440765771339,0.017660586251179777,0.010667598971208614,0.02836820384386174,0.01663302313088444,0.02556831356047562,0.025081885111640112,0.027539634175704042,-0.005135440377715517,-0.0013953313690164837,0.008999635720389254,-0.007128306762513803,0.029199350737477703,0.00015054708700573682,-0.006958219811817989,0.007124174910249859,0.012898924154059577,-0.004284543310871025,0.009958669011058907,0.0013640358737141423,0.023162751447010077,-0.0005856972175345421,0.01988798230735811,0.009561255030910654,0.003154461779317441,-0.007897802660754238,-0.0003529241110817871,0.016091499721852587,0.04413892096836858,-0.002521934241461965,-0.006729992685276354,0.0033789046499627107,-0.0020164492548447877,0.004888234077267961,-0.010696661271751562,-0.00506395521964792,0.002978890329996875,0.014274209486128897,0.015180054617066618,0.006887839349234426,0.023448292977988783
0.0049042021977040995,0.016067617278697544,-0.0005487918884750087,0.002058756800991046,-0.009376201655485472,-0.011702132110239738,0.0032920223710981578,0.0031109296467244363,-0.010573031389794818,-0.011299664997928949,-0.00607092806187759,0.0016799222029667549,-0.030433917023304613,-0.01666995291632073,0.0051342027483416985,0.00604540842799961,-0.017050412230518674,0.005704093480577599,-0.07598539373678054,0.020238893953966997,0.00950809764898386,0.029483253884021454,0.006125482572583052,0.0,-0.0009120554420609106,-0.0178680675674997,0.0058307568873433024,-0.022690917628573226,-0.025897562089079784,-0.016145569462548193,-0.014736664483560258,-0.014413298890765314,0.0005333012526052006,-0.03546012428191042,-0.06300287255473719,0.032852041837110324,0.004534820173728027,0.0189893106429066,-0.03818155922747768,-0.03562349725306546,-0.008290287718821066,0.001317429121824032,-0.0011959739848096396,0.0017499471337915629,0.017564666590365097,0.0601194050155458,0.0090029278289393,-0.00032292831993613325,0.0,0.0,0.052568757371060704,-0.002790916564286594,0.0008332382577481146,-0.0013828035798102434,-0.017041934137314696,-0.008624078146516168,-0.012425048625411217,-0.013995903680665833,0.0,-0.020368168151944477,0.00676215534675545,-0.020333791212168606,-0.011241904265241465,0.0,-0.0011736701405503092,0.005201804631780882,0.012750789456958345,0.013176391423419254,0.04865417251706705,0.009577915823956562,-0.0006871041851173598,-0.01286847658035245,-0.0029552826358321127,0.012692872111730757,0.0,0.06817783711194647
-0.0003656882768812153,-0.008951336151890477,-0.019476791598873222,0.0,-0.010030388041237293,0.00849170442584396,-0.002721746118851065,-0.0059945313708302805,-0.024499679065116187,-0.032602294424257106,0.004478817101352783,-0.04142849619719735,0.0006635908198712737,0.00026412411318604834,-0.007780004747392821,-0.005312490785733703,-0.012309184793210526,-0.006014770235558631,-0.021516536281754817,6.652677235835514e-05,-0.00794820281610148,-0.009643466868781425,-0.007238807894848931,-0.0009120554420609106,0.0,-0.01592878158852079,-0.002706467082271846,0.004410419417748612,-0.0004305858165658538,0.007179512204219196,-0.014137744036459843,0.007762196922254827,0.0027835449693845993,-0.007418736697844153,0.00012222087094582168,-0.05392863921684671,-0.0009298165121151558,-0.011356764612900472,0.004018858879751841,-0.011619892815905364,-0.007259380213815558,0.015375378343810309,0.0017905446845754014,0.0,0.06304060942646728,0.0200740648592036,-0.00511598870504637,0.0,0.0,0.0,-0.00320903644604692,-0.0018610253590197745,0.009301440998825183,0.00031857847594407573,-0.009568460008941293,0.0,-0.015680760771325186,-0.0005937166860065513,0.0,-0.007992944294075877,-0.008797243540110133,-0.016593648482673695,-0.012175406291055235,0.0,0.00448456923588858,0.002298332118373103,-0.007529368643853951,0.0005113791485033548,0.03504263930657603,-0.010724989468568202,-0.006995422095970094,-0.006169789063503628,0.030594248128616164,0.010261389345423144,0.0,-0.008574285846301655
-0.009662341292134613,-0.008435617762382386,0.015411235377774779,0.04768388219570563,-0.0010239257912539323,0.009084079496845143,-0.006676239796656325,0.0038941188905811663,-0.004307801280111545,-0.03775562688612122,-0.0015786384697735745,-0.006142518004076614,0.005863388359063693,-0.004574252411457591,-0.013531538412029587,-0.019564757583637404,-0.033819342437879596,-0.020759319003478827,-0.005877270645149757,-0.01144040127303847,-0.014018495647431295,-0.008568576431740804,-0.0010027121904624403,-0.0178680675674997,-0.01592878158852079,0.0,-0.0007996167216891004,-0.005374832835252696,-7.350876533362971e-05,0.00717741587134918,-0.016413154192553514,-0.0064480620335986005,-0.017323210119839505,-0.01432758833348502,-0.005045466272261878,0.000777520023697742,-0.016635135630151676,-0.013206981389784545,-0.007841802931391362,-0.013846064270036984,-0.010199141379080567,0.004719406618120148,0.052912843001423515,0.0,0.018090864473884305,-0.0031536036471003226,-0.018561469730642266,0.001067412797692513,0.0,-0.0010692373667391952,-0.01642385579329353,-0.011643664057096659,-0.0021165766812281106,-0.01711680702917817,-0.008378091281628752,0.00032719980771023227,-0.012058467811584594,0.0008557808139524337,0.0,-0.00842063126691428,-0.015328597721537829,-0.008560021643701288,-0.008550558175925704,-5.551115123125783e-17,-0.014824341583919376,-0.004495427595094137,-0.011982366485780216,-0.016233949335889952,0.016820126574958683,-0.008670125307692123,-0.016238048001357752,-0.021994015355191687,0.0028951411978974106,-0.005238030122266479,0.00035006950916544044,-0.00863053520136775
