0.0,0.008591253060413528,-0.0485579407393979,0.0,0.00011688845294866024,-0.04091487757640144,-0.02456343724955906,-0.0476158837583186,-0.022796270251042694,0.003658334347116876,-0.00041241585775286804,-0.018771474469695126,-0.03598211640532567,-0.007684617003449967,0.022270090384044816,-0.012598952630927307,-0.0029153477147472184,-0.010399227582209902,0.0,-0.03268954409196412,-0.027974266416091687,-0.0002449976046232094,-0.037820345665801336,-0.019740849092553914,-0.0037362813974501363,-0.010640158297317848,-0.009738909799457851,-0.03130792540279054,-0.042427266630291116,-0.015571153494763013,-0.02424764337902352,-0.019347278141684576,-0.048512943251384166,-0.026729215406965767,-0.019387100154912906,-0.01714513531997719,0.0,-0.02813357455228277,-0.030886576785898345,-0.03854930270399032,-0.032461581448218646,-0.03924095433715602,0.0,0.0,-0.015955105765390998,-0.013995073132319402,-0.030184906757029173,0.0,0.0,0.0,-0.02492581657721954,0.0,-0.006630462584228447,0.0,-0.007592621727193771,0.0,0.031903858588909095,-0.036497660284343425,0.0,0.025544798490814147,-0.03164025383702218,-0.07972702642413071,-0.037758866202511454,0.0,-0.043960223176107704,-0.02785318175985607,-0.005048700831551678,-0.015038531114657638,-0.0009813382364295409,-0.044492547264571636,-0.013360754637385008,-0.01685178798594683,-0.000247141351873037,-0.04290313440790533,0.0,-0.031488604349717675
0.008591253060413528,0.0,-0.025361210423569536,0.0,-0.04473506607727723,-0.02037624196994242,-0.05043189883618443,-0.02674006120395578,-0.031860823089798984,0.001321950183546694,0.0004550296813039534,-0.02146557373100383,-0.05006496425265333,0.0,-0.015579916675370009,0.036259797355739365,0.0060324281197189356,0.02167261274421256,-0.02596765189571576,-0.014524975239829818,0.0077954552363607155,0.032614757679345796,-0.03627574648126375,-0.052450225901659875,0.03906836237945843,0.029626731895168956,-0.010464814406835499,-0.040878573764932535,-0.018588636160541128,-0.07758169724215824,0.005924428414834204,-0.004463507903487873,-0.02073934558751428,0.004420929829084985,0.002601796009617241,-1.5143937493800053e-05,-0.010931858830909191,-0.0003334225672069757,-0.010762323866405465,0.003313203096412698,-0.0024832371989442215,-0.0018514872444609365,-0.02605940897319442,0.0,3.509400910622906e-05,-0.00481767157939722,0.0021652982096126427,-0.0031452955505341107,0.0,-5.551115123125783e-17,-0.014129120247262095,-0.0278683476575724,-0.01686941679301346,-0.005097627116586456,-0.03288998851405506,0.0,-0.03333866203866126,-0.035386060785586926,0.0,-0.008310381847027148,-0.0032821073668590217,-0.035385304594039546,-0.016224240913214893,0.0,-0.02861649314114456,0.019034364600133302,0.004401090571464983,-0.03311066019661424,-0.011882814209637327,-0.025276707054394998,0.012065116408461252,-0.025985143164626523,-0.03674973274535376,-0.018782806924053153,0.009215942693960089,-0.004940293359601
-0.0485579407393979,-0.025361210423569536,0.0,-0.040137386588082635,-0.041498631115979734,-0.005352493718581153,-0.029770785063960525,-0.01277570827192992,0.007890482827004941,-0.024122506533544197,-0.02090496776618378,-0.01165361607827009,-0.024176305903545248,-0.05694555474607277,-0.04018181835393009,-0.029096105217547685,-0.025873678789729793,-0.02738923359849632,-0.022012216780247895,-0.019950701022135087,-0.040058982892491046,-0.03168068933149587,3.7708074818454396e-05,-0.021398312862093982,-0.039275134609581375,-0.0396555362809583,-0.008579428325662553,-0.020529439742498656,-0.013833872808803327,-0.02355177429729549,-0.010325479139763893,-0.01224818167369679,-0.001333754270882448,-0.004912858546565424,-0.007877936253287865,-0.04662782767701962,0.00543624426596756,-0.010740535696792008,-0.0421195403047388,-0.013222050629564941,-0.031087888459492674,-0.012790615911009717,-0.03543167606091291,-0.006228936412437658,0.00012483661710921412,0.0,-0.005615599937583038,-0.022037717696197945,-0.00015223061216751432,-0.021453001869024435,0.00329530829970881,-0.020479533485479373,0.010598830912216917,-0.033631073362934416,0.005140114094355552,-0.016970934568290907,-0.004830957153051485,-0.01661773574284664,-0.019789638236611007,-0.0333201994585296,0.000266948529634603,0.0,0.0,-0.0024168714861998453,-0.029256158122898,0.0006850466098465846,-0.04096832029924713,-0.005500483643919973,0.0,0.0,-0.03398592042773779,-0.039729002752145526,-0.03108834317574133,-0.05756363233431738,-0.024568372506617586,-0.030094714653229715
0.0,0.0,-0.040137386588082635,0.0,0.002464575891473475,-0.012071023946801818,0.004392200135880597,-0.012726826194241814,-0.04060461268150428,0.06194309150756211,-0.023607622386469185,-0.04772052168740562,-0.02181672646202687,0.029283037559146685,-0.0084745686008868,0.0,-0.00010936753652140974,0.0,-0.039368369712588724,-0.00671422852355158,0.0002006634459581491,-0.06578171185344561,-0.025724632751391696,0.06663326870740854,0.0,0.0012013705860721702,-0.005681801384836149,-0.01943050115460565,-0.0030230979635733624,0.00010794398054442267,0.01659860732818741,0.02348068492878369,0.22136398446015404,0.008226670534008995,0.02998829784532625,0.051234616019604884,0.022339111894776997,0.025559230383185527,0.0005174201201132433,0.0,-0.00042004602280143466,0.0,0.00025115275926795855,0.0,0.0,0.0,0.0,3.009135353165826e-05,0.0,0.0,-0.012348712229986791,0.0,0.0,-7.044773330500131e-05,0.0,-7.21206957549625e-05,0.0,5.3033075957387155e-05,0.0,0.0,0.0,0.0,0.0,0.0,0.0,0.0,0.0,-0.021437240773737154,0.0,0.0,0.0,-0.0035732539789161133,-6.905109847032964e-05,-0.0002715867268596184,0.0,0.0
0.00011688845294866024,-0.04473506607727723,-0.041498631115979734,0.002464575891473475,0.0,-0.021197344018189235,-0.00723456384352128,-0.031293867933097685,-0.009135765478521019,-0.05082022545498316,-0.02005655703498238,-0.03495626878269337,-0.019143820441767267,-0.024574923398926585,-0.028349067675539852,-0.04039382635627492,-0.009291484956219176,-0.05199584820820802,-0.028836564532819797,-0.03829315535125177,-0.03922668420870734,-0.04163246067553361,-0.037695231514175365,-0.07696653616585697,-0.047345385378253224,-0.0337602733968822,-0.013479659056470084,-0.012479710927089271,-0.02365074274125384,-0.0331563258247734,-0.03997617363727951,-0.04317753029013366,-0.03548609680256942,-0.036302084791261124,-0.028820543315907388,-0.031233243944988,-0.004226907212288744,-0.03177433637263066,-0.033616762622063756,-0.007477982856406884,-0.027712046958879355,-0.01784144459410314,-0.05417037133061431,-7.407001546771985e-05,-0.008917598925344272,0.0,-0.006856074124967582,-0.03898381157521169,0.0,-0.048006337552740364,-0.024630972977480348,-0.0443789274614218,-0.027337763885029953,-0.05587076584041056,0.00022351787013025204,-0.06621481616847447,-0.0005072575736822516,-0.03719356299688814,-0.06050838415713572,-0.02773104397659082,0.0002791736121097732,0.0,0.0,-0.05645440397842333,-0.0592903736802427,0.0,-0.038296956161026796,-0.04322035459531981,0.0,0.00014449858387272085,-0.017793703792368276,-0.04694227440414095,-0.0439400314566189,-0.045609538465410104,-0.015762327296770184,-0.050010491813633595
-0.04091487757640144,-0.02037624196994242,-0.005352493718581153,-0.012071023946801818,-0.021197344018189235,0.0,-0.02006747405795356,-0.010016049753734935,0.006925694340999433,-0.01774415140140978,-0.024785549126214945,-0.0038767662340302156,-0.006822969611317675,-0.024744320751353133,-0.02140728092955907,-0.008939400595023406,-0.007237740138566262,-0.02424270539438783,-0.014505061331931302,-0.010975669530281618,-0.031114262164975703,-0.008459651905149523,-0.004151655217087491,-0.0450173808644071,-0.01981020947052209,-0.02394029699859107,0.015027184643012614,0.004795585600217367,0.002612598988514514,-0.010091315013124935,-0.018385451758395843,-0.011481204491883057,-0.03221357275148934,-0.018955097921637132,-0.009283603774398907,-0.0139986763554944,-0.007374194715200344,-0.006461273411257351,-0.023450105613927408,-0.025730038637051145,-0.03251690266316576,-0.03325213662388293,-0.02926216516914787,-0.05933230092208219,-0.004233493276411093,-0.02548952496100304,-0.01313071199735949,-0.01191016520532906,0.0,-0.026774214177972155,0.005758151069161888,-0.017760456243863132,0.00632512190032819,-0.024550455312074004,-0.015984694627517226,-0.02817628335973238,-0.006903759060167658,-0.011246913733805153,-0.03924596776738759,-0.03960558670694725,-0.017574097826895507,5.551115123125783e-17,-0.026361787761569777,-0.03983818100158609,-0.037406959753203295,-0.023194895692306816,-0.02491576140543289,-0.01621793965035845,0.0,-0.04231833190631079,-0.01296730904571225,-0.01776482311031846,-0.021257967314998294,-0.035203782449322374,-0.024422204604080455,-0.01949441769513105
-0.02456343724955906,-0.05043189883618443,-0.029770785063960525,0.004392200135880597,-0.00723456384352128,-0.02006747405795356,0.0,-0.03079449756755198,-0.01692269048418793,-0.015682243824783837,-0.04722906378955505,-0.012916269737006658,-0.02336307816936345,-0.012445541715793151,-0.049771930087450234,-0.030500897441417985,-0.023071815873157153,-0.03413432437885483,-0.048724609328057666,-0.032782767632162146,-0.036929385983993646,-0.03894201578956541,-0.03435717867282034,-0.02878823539501002,-0.041240696063497784,-0.028896662830786568,-0.01938435000213673,-0.024111328804732934,-0.010575865923081573,-0.013793348661643445,-0.015106653079991483,-0.014939445212907243,-0.0289634172284986,-0.009282528092075082,-0.004828593126979197,-0.027187523671302505,-0.0038806976337056875,-0.012864211355975264,-0.01226617295251009,-0.070487908654085,-0.035962818008860975,-0.025946119788824884,-0.03754428343928745,-0.0007626868798415454,-0.0011373224657002523,-4.6211427588926934e-05,-0.051377225581315356,-0.02713941914188489,0.0,-0.03883349341634401,-0.005101468136730958,-0.025290308832063846,-0.0062724842487492105,-0.03492668522427245,-0.04486228890671373,-0.024092718479588437,0.006853218017990048,-0.022696873700800924,-0.01941008935975752,-0.0361499792465248,-0.01988401133821993,1.1102230246251565e-16,0.0002630664975470931,-0.0390632908797896,-0.04463360605794686,-0.04790582207729693,-0.03709538455765987,-0.028296563999132496,-0.049796779340151476,-0.0336352479273217,-0.048527845543923975,-0.02352880674338259,-0.028839020232191093,-0.042282545364730806,-0.05331711917035442,-0.030612135996368195
-0.0476158837583186,-0.02674006120395578,-0.01277570827192992,-0.012726826194241814,-0.031293867933097685,-0.010016049753734935,-0.03079449756755198,0.0,-0.020266899246283443,-0.04310728263044494,-0.0008900857364367853,-0.03963595146184984,-0.02867981544557241,-0.02091416110895422,-0.015390188494777135,-0.03314478092463152,-0.025317827191513598,-0.02331436849694135,-0.017235041576491583,-0.02042643360787255,-0.032938745152414406,0.01487321154478255,-0.018785840406155774,-0.04768954865364655,-0.04011665901560496,-0.026061683482954456,-0.007140828894329543,-0.023164459836884532,-0.027312491090882574,-0.04453815504970837,-0.023768267023826006,-0.01596274322103347,-0.07799543874432524,-0.031348331956909226,-0.03067723797320604,-0.0036019489344190636,-0.0038429687561953307,-0.06648861025646235,-0.01254866068975774,-0.019449378914836613,-0.020936852654137417,-0.018745813226283603,0.0041075028516478485,6.8804453995374715e-06,-0.0001843890502192247,-0.010988306958223004,-0.024164605942306017,-0.005046008589745132,0.0,-0.022759650121070563,0.02117575129496968,-0.010825326525344792,0.05443033872844205,-0.013402349272341074,-0.00767677652717591,-0.01346340561613546,-1.1102230246251565e-16,-0.0003612508048702612,-0.015999734572932356,-0.03184049629589869,-0.05430858465625443,0.0,-6.834450813009152e-06,-0.020625847875647474,-0.025997340065119445,0.008523782083149134,-0.03347452919633842,0.0010675862977999606,-0.0002880308066931514,-0.017621672167734304,-0.04628964234677879,0.0034567672259486204,-0.0021209057614964832,-0.01480448366299214,-0.03806378031835045,-0.015067088688271724
-0.022796270251042694,-0.031860823089798984,0.007890482827004941,-0.04060461268150428,-0.009135765478521019,0.006925694340999433,-0.01692269048418793,-0.020266899246283443,0.0,-0.039106526264241825,0.0019388887405141775,-0.02636173868449121,-0.010352148804117889,-0.07370334165926273,-0.033698633845586023,-0.03815999551954308,-0.03858923514080592,-0.037769520210676366,-0.011427838696596193,-0.008716893501418466,-0.0354374197072333,-0.022224987864831625,-0.011159884584151292,-0.042612689533173986,-0.05032340992991696,-0.04172212623425631,0.005229906785331029,-0.02739036742228962,0.00026079490943126116,-0.02436281081208619,-0.026831750947993338,-0.016868355760237375,-0.012149677182353047,-0.022086904575663757,-0.022288538344082565,-0.06299811337873251,-0.022217255788763712,-0.023588748290878203,-0.025530549190293628,-0.02118028957658946,-0.04117592167517159,-0.0412587900256467,-0.04437618639037072,-0.014013630310950376,-0.02006444528613699,0.0,-0.027577491453038172,-0.0007314060204450801,-0.0051141497289491356,-0.03110681781605462,-0.004654385759768065,-0.030919928760709592,-0.0044120029354139945,-0.0332887331137387,0.005505732345546133,-0.013493388604101542,-0.01075767187789628,-0.026231754342559976,-0.036333284410906774,-0.041909708067191354,-0.02558159011337585,5.551115123125783e-17,0.0,-0.043018319261856675,-0.05429376372178524,-0.01921505080070285,-0.034119471599819984,-0.029008649405656284,0.0009422466315653355,-0.002789033346583647,-0.02370107578039876,-0.016718599469085937,-0.034069046961120786,-0.04517451913899384,-0.06057432572093241,-0.03778249327120303
0.003658334347116876,0.001321950183546694,-0.024122506533544197,0.06194309150756211,-0.05082022545498316,-0.01774415140140978,-0.015682243824783837,-0.04310728263044494,-0.039106526264241825,0.0,-0.049087337967542666,-0.004149322923674481,-0.01934472980042068,0.0034359316353408387,-0.029904926076646854,-0.002160244216691587,-0.0035793716391898656,-0.011543679765534609,-0.04315447387688515,-0.015409680588510999,-0.008071564296260991,0.0027083280557083644,-0.030953836974395466,-0.0071596212087742805,0.006009805365471854,-0.007359725812769613,-0.01711539261017042,-0.009003033191675835,-0.010191527435136738,-0.018156123450117745,-0.0052383524383171065,0.018160047999884688,-0.015788528485896236,-0.004929007638610816,0.008808198094839348,-0.013744095671446466,0.02231526608980894,0.005138971874612153,0.01954126212393459,-0.025679890371712144,0.027783138927998052,0.012653416874739642,-0.01667461600111869,0.051747537676978705,-0.043278610286539454,0.0026603094331178467,-0.03879599646771026,-0.01106516719397499,-1.1102230246251565e-16,1.6653345369377348e-16,-0.018408818268993987,0.059543298856687354,0.000755708979568781,-0.014147639370733711,-0.00889056389598869,-0.018965431106219288,-0.00277687385739972,-0.03821253756259013,0.0,0.0001884864390779284,-0.017241355615571052,-0.01861693324607444,-0.015311847059551464,1.0883287286933552e-05,-0.02659341439570495,-0.0001375198198008687,0.008236250300066306,-0.025745830207981935,-0.007437437476318864,-0.012816738818013096,-0.01455222409071999,-0.036844944817754244,-0.00680915654107811,-0.06831850684233831,-1.1102230246251565e-16,-0.01679889185556005
-0.00041241585775286804,0.0004550296813039534,-0.02090496776618378,-0.023607622386469185,-0.02005655703498238,-0.024785549126214945,-0.04722906378955505,-0.0008900857364367853,0.0019388887405141775,-0.049087337967542666,0.0,-0.04445230708036546,-0.049655457368553035,-0.018150002516547747,0.0,8.17453031881632e-06,-0.035314543906069695,-0.021172531730165645,-0.0049409753149395885,-3.756906864682552e-05,-0.023798799888626265,-0.02358472829216912,0.012923987664445136,-0.041075639953306986,-0.025074388399083714,-0.020462567048114833,-0.033464179472503464,-0.0445259734189411,-0.018110022409581983,-0.04524116097239156,-0.04458924359144173,-0.030382134297619157,-0.059607192199083614,-0.038820340416813814,-0.02446107254304697,-0.02431653082228241,-0.05732312291125097,-0.04305463400993376,-0.031386157995310915,-0.006850669835480605,-0.00965731175446366,-0.011387999319517894,-0.05338964285160369,-0.0006440522176100472,-0.006196163597151749,0.0,5.551115123125783e-17,0.03441685786309018,6.593424633899447e-05,0.0018200062762576685,-0.01242887049337238,-0.028269966005747826,-0.0019037393089054166,-0.004869523988354552,-0.013880478231250049,-0.04729977258097326,-0.018326103417531048,-0.023772573518628437,-0.020474292576136865,0.00037281333190952726,0.0,0.0,0.0,0.12326396079602775,-0.013584754404984689,0.0,-0.015650657990553596,-0.03743026967898261,0.0,0.0,-0.003229538794671194,-0.03652627111052453,-0.04422861115540455,-0.0820290966152552,-9.775446813847788e-05,-0.0833630865691184
-0.018771474469695126,-0.02146557373100383,-0.01165361607827009,-0.04772052168740562,-0.03495626878269337,-0.0038767662340302156,-0.012916269737006658,-0.03963595146184984,-0.02636173868449121,-0.004149322923674481,-0.04445230708036546,0.0,-0.01852148745866683,-0.036594829773234805,-0.020561413754339508,0.00540517729194484,0.0004760251850246533,-0.0005732348658877284,-0.050699177055264,0.02840723291013575,-0.004106951563076444,-0.026631240563107783,-0.03334225712076094,-0.008304114811315155,-0.00913434292413412,-0.019198791206599675,-0.005874215144745676,-0.00010997660683687016,0.015929636996455332,-0.00010523714976706788,0.005610106125342906,0.006222650892373283,0.008581783327417825,0.030184884594952555,0.03606694652856196,0.0026830460318568727,0.02538238377269325,0.02979338787761643,0.024968059947651833,-0.029198231054283152,0.0429631889194238,0.003273048611993734,0.009973067289352433,-0.011719816363594732,-0.020617529172089255,-0.047154383497041985,-0.030310467087665938,-0.0038968027476798395,0.0,-0.00022507867735194198,-0.010497025169340424,-0.0007229457875503331,0.0,-0.005835995034326691,-0.009371348581009686,-0.011718372628699514,0.003084652387467246,0.0030074482129971436,0.0,-0.008515694295922194,-0.02377928734889001,-0.021672830895382078,-0.016068630147368146,0.0,0.004236310632337148,-8.314154392430328e-05,-0.026645721945890544,-0.007572292111921952,-0.015121206853655478,-0.01968435080225034,-0.02777745797961889,-0.013940190727760704,0.0033857204728279244,0.0012401371221127944,0.0,-0.011503470439939045
-0.03598211640532567,-0.05006496425265333,-0.024176305903545248,-0.02181672646202687,-0.019143820441767267,-0.006822969611317675,-0.02336307816936345,-0.02867981544557241,-0.010352148804117889,-0.01934472980042068,-0.049655457368553035,-0.01852148745866683,0.0,-0.03085722337122626,-0.04345000765667639,-0.03132737832643856,-0.02634857620562242,-0.032239227483602195,-0.04709783238736259,-0.030475406658576898,-0.0370343977218876,-0.037322511729006025,-0.026580364367030707,-0.032732198362959264,-0.03598483924229762,-0.029971570749650622,-0.010046149919584801,-0.02447101437450455,-0.00969660855511445,-0.006384994701936986,-0.02356427459717958,-0.010396459808074743,-0.03709058029060203,-0.016282246339561268,0.0007160587115513928,-0.03269700646390389,-0.014837863884291647,-0.020014416898205045,-0.014554777384523154,-0.0811788576572462,-0.04706663241549097,-0.014707378208715538,-0.03699677703182708,-0.017524231498571963,-0.018615713422036717,-0.014979197817945322,-0.03046154859787592,-0.025826439561770997,0.0,-0.02648365430731081,-0.008350862830437955,-0.029632635475814684,-0.014861636753604357,-0.031153918929735624,0.0016090444695341932,-0.025355991914375264,-0.03112724285319496,-0.021930759528311694,-0.03942851493161792,-0.03334040834991525,-0.033012956327235665,0.00023803598935545622,-0.03452934070331498,-0.04479285009203959,-0.03975059437467371,-0.04301688175570145,-0.03636713949125303,-0.026611874502273647,-0.001720054030996121,-0.028044728607563685,-0.036424644680242035,-0.02787820910800487,-0.029815270566532104,-0.034830119148906824,-0.02687499813490074,-0.03624734583699568
-0.007684617003449967,0.0,-0.05694555474607277,0.029283037559146685,-0.024574923398926585,-0.024744320751353133,-0.012445541715793151,-0.02091416110895422,-0.07370334165926273,0.0034359316353408387,-0.018150002516547747,-0.036594829773234805,-0.03085722337122626,0.0,-0.0019703668496759974,0.0,0.0,0.0,-0.04753165452966235,-0.0008176025213290083,-0.0281523808844078,-0.0031192890681801533,-0.028094322650856984,-0.05085912309068408,-6.43649908774746e-05,-0.031149465063869064,-0.022617520784761258,0.005822680272938863,-0.05038205149288488,-0.017094093794000065,-0.04647650054380803,0.011593678155892073,-0.0027708182810531334,-0.047777624631718196,-0.034627419127964576,-0.0035160051543802195,-0.002124903484300056,-0.025471348866121568,-0.01770729104300195,0.0,-0.001125788463402222,0.0,-0.02697366490536801,0.0,0.0,0.0,0.0,-0.02502721633906768,0.0,-0.021432778723387058,0.008195147097715516,-0.028860786509798342,-0.0012938153622603643,-0.050192635425277965,0.0,-0.06980161804804108,-0.00045469996815949987,-0.00791409052028258,-0.03014647842186391,-5.551115123125783e-17,0.0,0.0,0.0,-0.02764603582685443,0.0006103662892078532,0.0,0.0,0.00018686044162741222,0.0002398910943411936,0.0,0.0,0.0031277367370574627,-0.06929826730936683,-0.020983558360940235,0.0,-5.551115123125783e-17
0.022270090384044816,-0.015579916675370009,-0.04018181835393009,-0.0084745686008868,-0.028349067675539852,-0.02140728092955907,-0.049771930087450234,-0.015390188494777135,-0.033698633845586023,-0.029904926076646854,0.0,-0.020561413754339508,-0.04345000765667639,-0.0019703668496759974,0.0,-0.0160745171702788,-0.014705148065125129,-0.022404965476670147,0.0,-0.04312194639037514,0.0013781905218018253,0.0007190440344732596,-0.0171240159371559,-0.048348785228577384,-0.012553301136804307,-0.003485820822516583,-0.002165899379611258,-0.024133232418423856,-0.032647292104234615,-0.04809837733842903,-0.02692639510581324,-0.038439734632116584,-0.06993964815329018,-0.034550333458070404,-0.03364874585527533,0.025421451873116285,-0.01980303820605872,-0.013945550969192921,-0.0408051214447378,-0.022876178360727417,-0.029059068416733003,-0.025970785547192732,-0.07178558137788565,0.00017104118113919764,0.00750963762187612,-0.03369766760516896,-0.01927962719431714,-0.01872181614662216,0.0,0.0,-0.025825714883845108,-0.03656868751496606,-0.013816468735781018,-0.029641223243594528,-9.224139063118697e-05,0.0,-0.003554262138881159,-0.03018671051910471,0.0,-0.026801774884206098,-0.025598574328950408,-0.0002598311608796311,-0.03112936566727975,0.0,-0.04060357825175315,-0.02727694080908344,-0.0258446111664819,-0.034014270900151244,-0.016302960582176063,-0.05008243714531052,-0.010567349253398528,-0.025387732228529747,-0.054055576977083575,-0.05577997200810475,-0.04639996306452382,-0.03996824243186353
-0.012598952630927307,0.036259797355739365,-0.029096105217547685,0.0,-0.04039382635627492,-0.008939400595023406,-0.030500897441417985,-0.03314478092463152,-0.03815999551954308,-0.002160244216691587,8.17453031881632e-06,0.00540517729194484,-0.03132737832643856,0.0,-0.0160745171702788,0.0,0.005935405467321464,0.034248183855622394,-0.0007651345167604129,-0.0014818409547663336,-0.011451584013684346,0.025329800505532518,-0.03194816242014542,-0.011988205095522508,0.023338516673803822,0.01134878921192678,-0.006139914478277275,-0.02396835621409793,-0.008751252011954758,-0.018974824516548194,-0.011082374826285601,0.006603275824105248,-0.001469327698570222,-0.00797924657269461,0.005151930964016949,0.01805582587972171,-0.01086342018477826,0.03585238382193362,-0.015623298186749068,-0.008674022943275073,-0.012245900541687949,-0.006551195475917371,-0.013931594787224666,0.0,0.0,-0.015443363490807105,-0.011435200873159357,0.0,0.0,0.0,-0.02307979866579163,-0.026498355250743677,-0.0346104350888089,0.0,-0.022787336107922884,0.0,-0.02145420129829506,-0.033991294117654114,0.0,-0.01651817124446353,-0.0102626301303414,-0.019448662113723536,-0.018621826980086187,0.0,-0.03469121129579694,0.015332541258921528,-0.00462512446856822,-0.045546823818135906,-0.011638618052647431,-0.026200462851533268,0.003686644170381781,-0.046660138382560945,-0.06807262958886984,-0.0356261161346374,-0.0001234204295500474,-0.01687081146771502
-0.0029153477147472184,0.0060324281197189356,-0.025873678789729793,-0.00010936753652140974,-0.009291484956219176,-0.007237740138566262,-0.023071815873157153,-0.025317827191513598,-0.03858923514080592,-0.0035793716391898656,-0.035314543906069695,0.0004760251850246533,-0.02634857620562242,0.0,-0.014705148065125129,0.005935405467321464,0.0,0.001873190878190767,-0.029899252006626853,-0.02503230789507066,0.007719557095848761,-0.011190629166671295,-0.023609225303084347,-0.012565238814534918,-0.0028755065677745772,0.0020357569372495554,-0.03245510454972039,-0.018468414441906944,-0.03612330273496467,-0.011815083854975872,-0.020262575581948605,-0.0076239003401871175,-0.024604757953993472,-0.017200551382411833,-0.011294700997975582,-0.03176055535559186,0.002810621423144366,-0.016404018835442014,-0.031848644309372065,-0.019404072714294285,-0.016814221535449148,-0.031010879499181354,0.0,0.0,-0.029608089611872057,-0.03063574758942772,-0.025707236689873236,0.0,0.0,1.6653345369377348e-16,-0.00017305157412550454,-9.743392602162837e-05,0.0,0.0,-0.023950625631328992,0.00017291906380167976,-0.021153124296943937,-0.016205199352796573,0.0,0.0,-0.01653833986538311,-0.024923135025309684,-0.02420953519877922,0.0,-0.00016553624834242386,-5.551115123125783e-17,-0.04439991046151959,0.0010041972358998397,-0.026363946708325703,-0.01782116028531444,-0.028739182970120458,0.0,-0.031084290319565888,-0.03535859615812298,0.0,-0.02450733653121623
-0.010399227582209902,0.02167261274421256,-0.02738923359849632,0.0,-0.05199584820820802,-0.02424270539438783,-0.03413432437885483,-0.02331436849694135,-0.037769520210676366,-0.011543679765534609,-0.021172531730165645,-0.0005732348658877284,-0.032239227483602195,0.0,-0.022404965476670147,0.034248183855622394,0.001873190878190767,0.0,-0.03846982395129794,-0.010862616088091914,-0.0023109586622386824,0.014931985468571496,-0.03818146690614871,-0.0018849219551164698,0.02459800567003334,0.010630352249473562,-0.018177485814989902,-0.029153643491403314,-0.01890499551000696,-0.022040527308214652,-0.012227570521375908,0.008469454242178043,-0.012852630636191353,-0.007681564764444482,0.006687433953511013,-0.008185076112335876,0.0,-0.012141315755070992,-0.021847206674545205,-0.017204541413864682,-0.022363548223848673,-0.027741525975284564,5.551115123125783e-17,0.0,-0.026833115085422243,-0.018165541189766876,-0.024779717191470485,0.0,0.0,0.0,-0.0297443421530868,-9.150050972289714e-05,-0.01635788906041019,0.0,-0.018226543878986534,0.0,-0.016880803921364762,-0.032027700459710984,0.0,-0.06132377850869519,-0.022573305193442528,-0.024114766419911282,-0.022651660528783812,0.0,-0.06738802069986738,-0.021881725825753373,-0.022808983087568957,-0.04779576245380979,-0.02057195537653067,-0.019754198597156325,-0.022190179269486132,-0.07983029107391676,-0.023408276183858878,-0.03416280413954792,0.0,-0.025136933408436646
0.0,-0.02596765189571576,-0.022012216780247895,-0.039368369712588724,-0.028836564532819797,-0.014505061331931302,-0.048724609328057666,-0.017235041576491583,-0.011427838696596193,-0.04315447387688515,-0.0049409753149395885,-0.050699177055264,-0.04709783238736259,-0.04753165452966235,0.0,-0.0007651345167604129,-0.029899252006626853,-0.03846982395129794,0.0,-0.01424401865386199,-0.01097607200246875,-0.03140994390199564,0.010765109440548148,-0.021620977372542427,-0.042729908888021084,-0.025828876821919422,-0.015455090947777694,-0.04117409092775032,9.604575015886851e-05,-0.024109055193443585,-0.03947968201736357,-0.035014152747206095,-0.04199268300093845,-0.031767130308494096,-0.021556998212565237,-0.0639531276017446,-0.03899616458302635,-0.04077089957890817,-0.061425072760940835,-0.010717747159791124,-0.03800864717996166,-0.0014787767196450252,-0.042433032205387744,5.551115123125783e-17,-1.6653345369377348e-16,0.0,5.551115123125783e-17,0.06922885466833562,0.0,-0.03961079987507493,-0.007647495062382492,-0.03204500741902405,-0.007079882720870345,-0.04015447030280783,0.0004973252723118327,-0.05657007994023239,0.0006270032580463769,-0.02963685658826648,-0.03507745491429687,-0.0001706759362531396,0.0,0.0,0.0,-0.025147822643621642,-0.0321989853655959,0.0,-0.007476567674924495,-0.026219504645185854,0.0,0.0,-0.002532336421684822,-0.02218326033799667,-0.0504117949755476,-0.047058755310897316,0.001058990080778477,-0.03639140639258431
-0.03268954409196412,-0.014524975239829818,-0.019950701022135087,-0.00671422852355158,-0.03829315535125177,-0.010975669530281618,-0.032782767632162146,-0.02042643360787255,-0.008716893501418466,-0.015409680588510999,-3.756906864682552e-05,0.02840723291013575,-0.030475406658576898,-0.0008176025213290083,-0.04312194639037514,-0.0014818409547663336,-0.02503230789507066,-0.010862616088091914,-0.01424401865386199,0.0,-0.03166842738794512,-0.009706948254279368,-0.021133826443640702,-0.1298279545836895,-0.01590155063033022,-0.019758328021739824,0.0057282385470200925,-0.021888016515170527,-0.013148145086929797,-0.01624619875302641,-0.012155122801217222,-0.019634914374914214,-0.06162441959880155,-0.0072599429287897865,-0.004737738073684994,-0.0001755326858251527,-0.06865888501423328,0.03862725542769402,-0.05191441457115975,-0.027506890946337015,-0.047933884481742184,-0.036294876727938685,-0.028631534336088726,0.0004823855259841192,-0.0037524024232446496,-0.06740519820081708,-0.02139973303286441,-0.01494186364415162,0.0,-0.004166278554889269,-0.04466482140092831,-0.053649111740636524,-0.03613628078566339,-0.0629467391373657,0.0014121150397871096,-0.024124076899914526,-0.013895377141482756,-0.04939448460843121,0.0,-0.04436347250719397,-0.03201532731173584,-0.003789426241904481,-0.022431586825385208,-0.009470736945869251,-0.05352382465417593,-0.05140449068741382,-0.03459580762126585,-0.0477357808264931,-0.0015138851038104528,-0.056541891759671725,-0.016665203882971324,-0.04353377351985116,-0.058530147544167244,-0.06435111209729094,-0.0337230144224997,-0.05249703904497499
-0.027974266416091687,0.0077954552363607155,-0.040058982892491046,0.0002006634459581491,-0.03922668420870734,-0.031114262164975703,-0.036929385983993646,-0.032938745152414406,-0.0354374197072333,-0.008071564296260991,-0.023798799888626265,-0.004106951563076444,-0.0370343977218876,-0.0281523808844078,0.0013781905218018253,-0.011451584013684346,0.007719557095848761,-0.0023109586622386824,-0.01097607200246875,-0.03166842738794512,0.0,0.0011208565844690876,-0.031116694758239083,-0.02677825832459718,-0.02035806351736541,0.006011259156204651,-0.009933621124087522,-0.047429476008672755,-0.06525793600340324,-0.0575209570982394,-0.03539241262586856,-0.04404896209695969,-0.06765711686796194,-0.028823187536235084,-0.016659678340403383,-0.036855873756153734,-0.04868143543566189,-0.02850573946876417,-0.03385388955628926,-0.03277913206542843,-0.024512852239806926,-0.008650394759230962,0.017688518362847683,0.0,-0.0004029238181188499,0.017350828094927773,-0.01981450260515155,0.0006150220283169805,0.0,-0.00011783233412776539,-0.020982131665625847,-0.038676512531394924,0.004213841090764836,-0.012612961482590057,-4.351093911347803e-05,0.0,0.004872670633426113,-0.02493446599843102,0.0,-0.017282551473352836,-0.018597360781906047,0.0,-0.028329966930547568,0.0,-0.02858610816845264,-0.02902075333244508,-0.015757065501746048,-0.013872821169476468,-0.0061979132032836115,-0.030052367128702406,-0.014053997232295556,-0.006002318804559259,-0.03622130768607423,-0.04258665728134353,-0.03501228300423881,-0.029813616518975516
-0.0002449976046232094,0.032614757679345796,-0.03168068933149587,-0.06578171185344561,-0.04163246067553361,-0.008459651905149523,-0.03894201578956541,0.01487321154478255,-0.022224987864831625,0.0027083280557083644,-0.02358472829216912,-0.026631240563107783,-0.037322511729006025,-0.0031192890681801533,0.0007190440344732596,0.025329800505532518,-0.011190629166671295,0.014931985468571496,-0.03140994390199564,-0.009706948254279368,0.0011208565844690876,0.0,-0.020666797609703358,-0.10628891742777324,0.02974342944358349,0.02500325371104506,0.0026469146501530982,-0.030255856705274586,-0.007724076612304287,-0.026852030610733102,-0.006522766066387742,-0.01826201612853323,-0.028177814123967915,-0.004915074853490464,-0.010755826841800709,0.005256081620724995,-0.000561725537440827,0.04210472291370809,-0.022031353396359477,0.006151293472898056,-0.016862936455485922,-0.015449573260375216,0.018217008230655696,0.0,-0.012540566964949984,-0.022496582994409542,0.007371284076544415,-0.021079027955327845,0.0,-0.00042042065573788534,-0.008186409360601332,-0.04567267461637353,-0.031129859792470127,-0.033017831772247264,-0.018437119665394297,0.0,-0.020456429285187094,-0.030314240701748263,0.0,-0.02892279530957076,0.0029666696444553,-0.02419711017096049,-0.016243988988629665,-1.1102230246251565e-16,-0.040009524773483685,-0.023906795121573177,-0.018054668164821153,-0.0278743110862546,-0.020997476547328475,-0.02220677180837871,-0.0014212934404383426,-0.020037384148422765,-0.04241267424194933,-0.04695490280661646,-0.04383697159142824,-0.019967425198562205
-0.037820345665801336,-0.03627574648126375,3.7708074818454396e-05,-0.025724632751391696,-0.037695231514175365,-0.004151655217087491,-0.03435717867282034,-0.018785840406155774,-0.011159884584151292,-0.030953836974395466,0.012923987664445136,-0.03334225712076094,-0.026580364367030707,-0.028094322650856984,-0.0171240159371559,-0.03194816242014542,-0.023609225303084347,-0.03818146690614871,0.010765109440548148,-0.021133826443640702,-0.031116694758239083,-0.020666797609703358,0.0,-0.039238102291583477,-0.04582733495919261,-0.02582927212839553,-0.005376254895394061,-0.028706994233516137,-0.029381202690237862,-0.037726765826095965,-0.031740457875116423,-0.037811278343656884,-0.07432580391584276,-0.03313279509968298,-0.027560428832892336,-0.029513248348672028,-0.019905693392216872,-0.02464211588588372,-0.04408502924344132,-0.05534570008146106,-0.041848455493514736,-0.03812241763464069,-0.04315796603425609,-0.016440270296450232,-0.02529143141824297,-0.026761769605622376,-0.034146011340409455,0.00827993945965566,-3.668715349336438e-05,-0.03727008005431348,-0.006959411569437468,-0.028951689496118815,-0.0007825133680686713,-0.029970722129189387,-0.02188028409851228,-0.01480923048156435,-0.013039935725777385,-0.028615546319955498,-0.03837710815094103,-0.04187269466474286,-0.050734265320816874,-0.01326180460264631,-0.04813174612369381,-0.015423674956080657,-0.04019758616883434,-0.03605940680905623,-0.03368491632271997,-0.02104172630206491,-0.012679006021890427,-0.04688375175646553,-0.060956923914263106,-0.02984885077918681,-0.03355383135372836,-0.041539750600901204,-0.03412983532125913,-0.04397508169769698
-0.019740849092553914,-0.052450225901659875,-0.021398312862093982,0.06663326870740854,-0.07696653616585697,-0.0450173808644071,-0.02878823539501002,-0.04768954865364655,-0.042612689533173986,-0.0071596212087742805,-0.041075639953306986,-0.008304114811315155,-0.032732198362959264,-0.05085912309068408,-0.048348785228577384,-0.011988205095522508,-0.012565238814534918,-0.0018849219551164698,-0.021620977372542427,-0.1298279545836895,-0.02677825832459718,-0.10628891742777324,-0.039238102291583477,0.0,0.003164342164442613,-0.030194506758603468,-0.08490500620712976,-0.019188503370130117,-0.10643333620660589,-0.035817921597920854,-0.01804725156906456,0.0301949829257116,-0.011500597116852973,0.0037212773872740135,0.008933352935873773,-0.002197036526435159,0.020693575543410947,-0.023195115459158144,-0.014856122847577313,-0.0576727231088901,-0.03600476369658112,-0.05562155619846648,-0.006987558815805817,0.029655848193459622,-0.04082248234299568,-0.047579543277548875,-0.04144132932886896,7.86951184278406e-05,0.0,0.0,-0.019613520775818627,0.014219909902725147,0.00014588899539530464,0.0015088114575161904,-0.02099749195350492,-0.0003567404223831505,0.0007954364741895592,0.02570587425308657,0.0,-0.023380747268042124,-0.055654964332654655,-0.03600331224702502,-0.04937524588917125,0.0,-0.007733259978886797,-0.03647308510073072,-0.037240670935362985,-0.03212869754038988,-0.02900517330197888,-0.03225416045751367,-0.044432090508266964,-0.004077149271594804,0.01561775697140838,-0.02609838132609521,0.0,-0.037308214733108025
-0.0037362813974501363,0.03906836237945843,-0.039275134609581375,0.0,-0.047345385378253224,-0.01981020947052209,-0.041240696063497784,-0.04011665901560496,-0.05032340992991696,0.006009805365471854,-0.025074388399083714,-0.00913434292413412,-0.03598483924229762,-6.43649908774746e-05,-0.012553301136804307,0.023338516673803822,-0.0028755065677745772,0.02459800567003334,-0.042729908888021084,-0.01590155063033022,-0.02035806351736541,0.02974342944358349,-0.04582733495919261,0.003164342164442613,0.0,0.024082452234740037,-0.014970241956268115,-0.025464357550632644,-0.018251289070803922,-0.02451120743990365,-0.009788897487646553,-0.00040472315014694615,-0.00865268046338974,-0.0018000474380461817,0.0022854096803881507,-0.024522942106273093,-0.00037007926567395044,0.0004182488991812394,-0.02625901883845938,-0.022976382775585613,-0.024404149233606842,-0.02416809046295093,-0.0005522394410455989,0.0,-0.015612221185471009,-0.01700614038089221,-0.020317895009882125,0.0,0.0,0.0,-0.029899042266085807,-0.014143737633752929,-0.023288672469142235,-7.763509529867818e-05,-0.024558251027138656,0.0,-0.019932033881629452,-0.030238111541606827,0.0,-0.01649256227778545,-0.020436060008644175,-0.029842015109566633,-0.027477759933126233,0.0,-0.03733860632745828,-0.011704282712726,-0.008665580570123455,-0.048962000092121316,-0.03644963027926906,-0.02865261214700615,-0.018798662255510967,-0.04656246923866497,-0.0380077978728281,-0.03748904430133354,0.0,-0.02994727041878842
-0.010640158297317848,0.029626731895168956,-0.0396555362809583,0.0012013705860721702,-0.0337602733968822,-0.02394029699859107,-0.028896662830786568,-0.026061683482954456,-0.04172212623425631,-0.007359725812769613,-0.020462567048114833,-0.019198791206599675,-0.029971570749650622,-0.031149465063869064,-0.003485820822516583,0.01134878921192678,0.0020357569372495554,0.010630352249473562,-0.025828876821919422,-0.019758328021739824,0.006011259156204651,0.02500325371104506,-0.02582927212839553,-0.030194506758603468,0.024082452234740037,0.0,-0.008140362049386007,-0.021853345953821213,-0.017720759781662265,-0.02978557104748336,-0.01465598617829389,-0.012045181182762765,-0.021275855804663513,-0.010702729707683378,-0.007677141075496885,0.026380795788063405,-0.03222262114601926,-0.025566516329984745,-0.025292143098449793,-0.021118999464372235,-0.020736258258835905,-0.017959257907010917,0.021765826553717338,0.0,-0.05173432667546862,-0.027832987121399644,-0.013305485718562327,-0.019895352453360327,0.0,0.0002605648250964543,-0.029963129261512345,-0.06859514408552903,-0.025008039755360534,-0.021548748431069742,-0.016781963512379594,-7.973604675620694e-05,-0.014211234178876653,-0.03345189563759732,0.0,-0.007333631144722519,-0.018277308928751512,-0.026506261809227993,-0.028033333507765712,-5.551115123125783e-17,-0.014799985566290252,0.017798381500283067,-0.0017794021497863355,-0.013901915397883768,-0.0375441435814477,-0.029531859225395696,-0.00821566013586661,-0.01037071145884011,-0.04527699825513104,-0.025354123976373544,-8.530921502042377e-05,-0.02416551472989692
