0.0,-0.006354141810717029,-0.015161503976130197,0.0,0.00019788630617467717,-0.00030227939814458926,-0.01592878934289238,-0.011444969298243846,-0.03133920328020867,-0.026998260783055006,0.00019178544454789836,-0.05317018762976744,-0.017890588472166624,-0.007911773286890578,-0.042066454212523696,-0.017035720649437536,0.005710484964279949,-0.010379839136929025,0.0,-0.00654583719869295,-0.00020115220676453216,-0.022343754996855203,-0.013614606449989186,-0.018718606022995077,-0.021131558114777127,-0.013585858238020998,-0.007431877285071775,-0.016895181264151737,0.002245661287109124,-0.02607799668029176,-0.003250086121895146,-0.002239908977906435,0.013123823222427333,-0.001232008293702458,-0.0002755339650546973,-0.024996530401867778,0.0,-0.0443709534105689,0.0048472915601687205,0.0482476745880111,0.010776050557889327,-0.026787441263383338,0.0,0.0,-0.16090850204887383,0.058518018101404945,-0.001580950861834296,0.0,0.0,0.0,-0.01948324357184933,0.0,-0.02353080160371035,0.0,-0.052831289530370196,0.0,-0.048049177015698885,-0.01642556130469447,0.0,0.0012415395833479392,0.010232066357444614,-0.045068855337155767,-0.0037144912418477505,0.0,-0.0406138907766837,-0.013647243280059285,-0.016789266223010746,-0.017757657603942267,0.014896208840671887,0.0010012528378123275,-0.00019533365008289616,-0.015560808570307672,-0.00041839795113585154,-0.02806806606938217,0.0,0.0070412983939429075
-0.006354141810717029,0.0,-0.03438652293610284,0.0,-0.015152831920671184,-0.0049823552748675115,-0.018308629805958543,-0.02624175309100918,-0.007318616188331573,-0.032927026114032254,0.0005957161023095736,-0.027985008999583005,-0.018222925490745556,0.0,-0.0302398193215892,0.0011094777854155358,0.008557403685300058,-0.010465151521523997,-0.01970027429290999,-0.0019409095677143662,-0.002165272317103728,-0.009737147686237457,-0.027796642122456416,-0.006923101717606794,-0.010622611694862172,-0.016357841286728514,-0.016679273780951742,-0.0020530439243526266,-0.001541122182692034,0.030055572526572594,-0.003042262991731659,-0.010960830332013949,0.012250838645214979,-0.0025522477379262276,-0.0008544811388708773,-0.017431746647658286,0.0020310050258751655,0.0005427314301461039,-0.0017420435713679794,0.010011048749264229,-0.0011970936912556462,-0.010634357714042753,-0.02570939142931139,0.0,5.941240264278891e-05,0.014639182344052759,-0.014042311755705361,-0.0006484906636471388,0.0,-5.551115123125783e-17,-0.026805411377923416,-0.014733161966882291,-0.02275580047601622,-0.0062923854409416835,-0.023797415686262258,0.0,-0.035399876581082346,-0.02425514163702608,0.0,-0.032044078456492486,-0.008776131117665564,-0.0007324944498051655,-0.007239029167277755,0.0,-0.01736131043241773,-0.014788611031661403,-0.0157601902402274,-0.012930098258078448,0.015161910623838593,-0.009941823344957135,-0.010373928944180377,-0.02360675226615494,-0.02193129026058943,-0.013096616906978775,0.009061638246497361,-0.008953055054751191
-0.015161503976130197,-0.03438652293610284,0.0,-0.01789610196386643,-0.016419113750475778,-0.02287616296384648,-0.02269317260412096,-0.05081879204731915,-0.02161597823211986,-0.012299437886544973,0.0059986763875441995,-0.03649360249103234,-0.020565901701717793,-0.029450156354970225,-0.025486328802728553,-0.014466773516807474,-0.024718631797050528,-0.024912482427459193,-0.010056186737389367,-0.08509600185559962,-0.049944018904439724,-0.04907122228327343,-0.036678090925478524,-0.022294970191637453,-0.029805631786585074,-0.030606013083038952,-0.022269820459848155,-0.024570800476861165,-0.0490352095652663,-0.05512441185686828,-0.012008563317366328,-0.022587647962430124,-0.008095994705552778,-0.014673476411765363,-0.01873686995093743,-0.01635376086501522,0.008166804349350687,-0.017738982332935305,-0.07453580860492759,-0.00993456835230555,-0.04960642153926709,-0.01995297653089867,-0.043442573141723506,-0.004375018859416213,-6.581258770288478e-06,0.0,-0.0027636344510024724,-0.007399775409451692,-0.0002577188145500564,-0.112553468086388,-0.04226502385318548,-0.07534482807024634,-0.038633480665468845,-0.06439200432608494,-0.009950473085224232,-0.006272094755609414,-0.006037455434377503,-0.06741666679458536,-0.018974823991702472,-0.03603835591454463,0.0004519305126858275,0.0,0.0,-0.07504489319137292,-0.0458927434498933,-0.0014128667106632076,-0.05258067565059721,-0.040006681724346405,0.0,0.0,-0.03113042314451714,-0.03180379917228493,-0.06231895284906119,-0.05162676658443199,-0.014861288172010712,-0.05930901689015872
0.0,0.0,-0.01789610196386643,0.0,-0.010772226862358458,-0.033392848775471995,0.003094947616431143,-0.05459782891300846,-0.02841460861300199,-0.020072851115690182,-0.025608523503531377,-0.010100939616476179,0.014744157115045509,-0.006043623576898416,-0.005726485089694311,0.0,-0.00033791318072007304,0.0,-0.03767305238156349,-0.02264998018008124,-0.0007599335674886021,-0.020225261707533082,-0.043200331521071444,0.005200904024270148,0.0,0.0015601323743776319,-0.05526262046686725,-0.009628948698509776,0.0071935915487795765,0.00018274376163662787,0.021955696526390955,-0.04030376100294408,0.039866594154884305,0.026705050545367537,0.027081585945677666,-0.04473767123256972,-0.0025140397211466103,0.0024810141356179094,0.0008759663912619731,0.0,-0.0007111169134219053,0.0,-0.0005866308440944379,0.0,0.0,0.0,0.0,5.094315689824214e-05,0.0,0.0,5.024170527634375e-05,0.0,0.0,-0.00011926448995114303,0.0,-0.00012209673172730584,0.0,8.978234583079114e-05,0.0,0.0,0.0,0.0,0.0,0.0,0.0,0.0,0.0,-0.009969384660700076,0.0,0.0,0.0,-0.003246466692971295,-0.0001169000570105938,-0.0004597827486682582,0.0,0.0
0.00019788630617467717,-0.015152831920671184,-0.016419113750475778,-0.010772226862358458,0.0,-0.022527850090955315,-0.028763697941413202,-0.06371327904910984,-0.03785017000160634,-0.019272408084079207,-0.04499939635088274,-0.026182557088533787,-0.020267089697341034,-0.04401377303707449,-0.018512079859812014,-0.005396314125377499,-0.01774266799462365,-0.025928529341715134,-0.05149544002612455,-0.0077360128305701825,-0.03427764705009473,-0.015832559443565986,-0.025035093219300864,-0.03456623807610659,-0.027623503371392022,-0.02341651028119629,-0.029554530311837357,-0.008819998396366158,-0.01904471591262069,-0.03472754537134465,-0.016022274176286322,-0.03404205835117541,-0.03651786150798303,-0.01771412821588958,-0.008633818639168844,-0.011955046010688752,0.01453148671528176,-0.00365620964598945,-0.10274953037130197,-0.008371561096367663,-0.019450236723962677,-0.02145114369151374,-0.030202076066952632,-0.00012539683253093292,-0.011800948712452963,0.0,-0.011726757153731227,-0.04382461242858665,0.0,-0.049367005543494547,-0.050230702351333756,-0.05004364475014267,-0.03332589434126626,-0.04488569078935761,-0.0015446642758959461,-0.03414487333651306,-0.023768248449445084,-0.03552496729575555,-0.007405437913104884,-0.007726132436651101,0.00047262696603656007,0.0,0.0,-0.06095368620104524,-0.0342185469692971,0.0,-0.026958417755400865,-0.04174362944556487,0.0,-0.0002387091344345782,-0.017857503104638572,-0.04013056990001429,-0.037818437562064156,-0.034425271387246104,-0.015033817403020677,-0.031486491915593606
-0.00030227939814458926,-0.0049823552748675115,-0.02287616296384648,-0.033392848775471995,-0.022527850090955315,0.0,-0.03401233691351674,-0.017572864662212584,-0.029017602052706204,-0.005748591417630233,-0.017753464749994285,-0.013087299263582375,-0.019837321975505418,-0.04670496670022484,-0.01952654268807208,0.007612642473118325,-0.00530226296629821,0.0012913300310865572,-0.029879189924760186,-0.007379439310094993,-0.015029382291305238,-0.005735508147797663,-0.02841240161330577,-0.012438284616735018,0.0066769924282563675,-0.020745034712110144,-0.017791274587155237,-0.019731020142999767,-0.02763544342075258,-0.02298825904812185,-0.008839362777723736,-0.019847151890201586,-0.006434880179312985,-0.008948391329642091,-0.0108757786181094,-0.021584576103164332,-0.014026819754140663,-0.0010582767383646718,-0.050061153750633636,-0.048338643605852494,-0.01858115494916146,-0.026780304892911777,-0.017380851591905777,-0.10862134044753063,-0.07950651428492839,-0.0018551035985271969,-0.02438609426370425,-0.023363305387173128,0.0,-0.04610738478507381,-0.03596833031473379,-0.03861096430125599,-0.024967769672683826,-0.021620553263216657,-0.026031354839209375,-0.015528111996089444,-0.07564357354064066,-0.03895290526850992,-0.07015234732422138,-0.0245545328134526,-0.018218589644047045,5.551115123125783e-17,-0.02599427726726361,-0.033101895583827035,-0.02337577212309988,-0.028928043543613113,-0.03565349558894776,-0.026477963437979313,0.0,-0.01033070577335532,-0.02779009389962278,-0.02853015659824698,-0.030874073886104914,-0.03106416350456309,-0.03698017047242208,-0.023595823832025187
-0.01592878934289238,-0.018308629805958543,-0.02269317260412096,0.003094947616431143,-0.028763697941413202,-0.03401233691351674,0.0,-0.04087932266870542,-0.028791560227160506,-0.01093315435483827,-0.03963345616850683,-0.02498035744942012,-0.021382170524984645,-0.011770820745543031,-0.03535827093764621,-0.014125892783281246,-0.015199087910204023,-0.01257529251214734,-0.031031734235381636,-0.017995647070365328,-0.022943171669196794,-0.019465768143746343,-0.033547575467551105,-0.0014614312379037098,-0.018063438114848784,-0.011789457291585814,-0.022724630197361928,-0.013089666163864533,-0.026600378877816466,-0.03664547125314854,-0.0007381767561003838,-0.0218908523556946,-0.005118803990334819,-0.004767547068485922,0.006050024206466553,-0.026858374270473995,-0.04660227771697689,-0.0025252164441671443,-0.02885438555776665,-0.037941532161003266,-0.023078102998382533,-0.03848036112483871,-0.036765788446102454,0.0005790734722369018,0.0012646838227619028,0.0005347041259630148,-0.020479921920678212,-0.020177894589993972,0.0,-0.02685637709404165,-0.03126704716549861,-0.04074682314671996,-0.03061315131640574,-0.023046699731537057,-0.006302654524058149,-0.016943611632068978,0.01496219329007431,-0.04134705877557743,-0.02263347458000381,-0.005010626530777995,-0.018231210184970703,1.1102230246251565e-16,0.0004453584264713095,-0.021966432665595614,-0.030072048034840426,-0.03779383609711007,-0.01880187953007728,-0.025000246738776377,-0.011775836311051835,-0.023514578468290248,-0.016923135906138698,-0.026706003524392508,-0.034199274340471764,-0.036436084842095096,-0.011539581514328212,-0.031257114281591725
-0.011444969298243846,-0.02624175309100918,-0.05081879204731915,-0.05459782891300846,-0.06371327904910984,-0.017572864662212584,-0.04087932266870542,0.0,-0.043353732736743145,-0.022217233712931383,-0.01290346117378477,-0.020534969092197097,-0.02611154765570106,-0.07682473186640415,-0.039181534533299534,0.002255629220301758,-0.03268257713753403,0.007182802338181027,-0.03086833904197711,-0.02832212849407917,-0.030607590039012422,-0.009550489525533057,-0.017879177250099354,-0.007083845026499613,-0.012985799245179952,-0.013700909272686967,-0.022716062802441317,-0.018094515196433014,0.001873986426568941,-0.019602124190612136,-0.00981575156225778,-0.030217264610449268,0.036441679480337386,-0.013530326551759064,-0.018947524066315558,-0.047177677825317454,-0.04727770805840514,-0.030323061846435684,-0.014138375128409486,0.010065464961030779,-0.03521912329711285,-0.03964867882935169,-0.020857456885092662,1.1648250024753892e-05,0.00018228705228412467,-0.013415177388809152,-0.021195964436572345,-0.04083127241237744,0.0,-0.027415723070081555,-0.041095638238333065,-0.04187889755127705,-0.04650242394501869,-0.03985938232082642,-0.010419879283643574,-0.03043153684689187,-1.1102230246251565e-16,-0.041094652129744,-0.0067145808824771724,-0.0299795163150815,0.024532341231758015,0.0,1.584609979976559e-05,-0.032069341930762774,-0.0254722428137239,-0.007135182941060136,-0.02479838473044188,-0.02514697687968087,-0.0015969089321902774,-0.0047536477658197684,-0.021799255437920106,-0.036227074933908365,-0.029327402719840745,-0.027204231198096007,-0.010719339717979948,-0.030044016057846512
-0.03133920328020867,-0.007318616188331573,-0.02161597823211986,-0.02841460861300199,-0.03785017000160634,-0.029017602052706204,-0.028791560227160506,-0.043353732736743145,0.0,-0.01075793703672634,-0.025884256239569914,-0.01861858773511088,-0.017960482044865334,-0.02199085368271586,-0.018694321161735472,0.008441385441820104,-0.0176234006839871,-0.0024178023287804717,-0.029301486318146025,-0.01246709407927954,-0.026464453404855814,-0.004788100033073506,-0.02426784055654535,-0.01005246939843335,-0.007085671016416106,-0.030548954563472563,-0.02949145445682161,-0.019155968118611755,-0.011243287743424424,-0.02658051642643261,-0.0037105950571320045,-0.004168451757514624,-0.00038663070162847646,-0.006775714309944003,-0.006409717470656939,-0.02300021147899234,-0.016701215769360955,-0.005534996692109051,-0.06139669947248072,-0.009280964906058453,-0.03724890577735496,-0.03645819031071856,-0.05200394774392053,-0.010151119611080062,-0.07342253763241818,0.0,-0.04510833701970013,-0.030419892442820284,-0.007079059547754896,-0.05756546917728067,-0.037853315368307994,-0.04394587818559814,-0.03253618938289393,-0.04496455693378543,-0.006808303330788856,-0.039369618752233215,-0.010619373645429309,-0.03630445828255896,-0.05320943026142816,-0.02237646180347186,-0.02834934500070413,5.551115123125783e-17,0.0,-0.04611523144983343,-0.013003165680238682,-0.02683606780260206,-0.041443342553355134,-0.038588139831989166,-0.0007753110066279767,-0.002641118104561413,-0.03714645305898284,-0.03607970557992701,-0.029112639959170128,-0.04533602698256828,-0.03214241482615399,-0.039813436124641
-0.026998260783055006,-0.032927026114032254,-0.012299437886544973,-0.020072851115690182,-0.019272408084079207,-0.005748591417630233,-0.01093315435483827,-0.022217233712931383,-0.01075793703672634,0.0,-0.028590147389218,-0.016454800710260065,-0.009519263786885335,-0.016128174309269383,-0.019893262942984935,-0.012003136279841509,-0.010821616515497623,-0.017685385243694007,-0.018791527481042902,-0.033731897294749236,-0.014100776527629255,-0.021725392083011552,-0.02461608824097039,-0.01582473518046179,-0.009952216313599882,-0.0058075106959546985,-0.01453247014781267,-0.006729622621403697,-0.002170124083647751,-0.003464008874028257,-0.008477012005153661,-0.034900682761265844,0.004297903159393879,0.0018126990908886587,0.012373429907857558,0.01525371717123064,-0.022091366494601195,-0.020737614535373594,-0.02268391105664158,-0.004215287017979685,0.0005097759108596556,0.009544502464860993,-0.03543894297392791,-0.0024422067149239,0.011075039983733881,-0.03805375724432075,-0.015526252817634534,-0.011094691846607718,-1.1102230246251565e-16,1.6653345369377348e-16,-0.018195668168008106,-0.01129192886379854,-0.0008543813392285493,-0.015122912351874573,-0.016026369492416204,-0.02120564505094996,-0.027686132432199806,-0.029950310347314435,0.0,-0.0012458496135324681,0.0026446480198394906,-0.013635894884942046,0.0008635072099500984,1.842486118974751e-05,-0.032505112920556745,-0.00023281417864390308,-0.0204238661906172,-0.022427977199240667,-0.014603924186595674,-0.01692579848412623,-0.02058387489964636,-0.025573567063474134,-0.003928706208151722,-0.02947973501917034,-1.1102230246251565e-16,-0.0021565636442463787
0.00019178544454789836,0.0005957161023095736,0.0059986763875441995,-0.025608523503531377,-0.04499939635088274,-0.017753464749994285,-0.03963345616850683,-0.01290346117378477,-0.025884256239569914,-0.028590147389218,0.0,-0.03827139141600411,-0.03208737943195372,-0.04492053594963369,0.0,1.3839071085985921e-05,-0.03711532416746771,-0.015605098686768126,-0.026084354737444443,-6.360255468695897e-05,-0.038874995942792534,-0.023613392628946794,-0.04203588522254775,-0.04811217790980693,-0.02020818492614329,-0.01893905197356105,-0.008601875250585256,-0.026824493071305855,-0.042104639216153594,-0.032511357505171756,-0.02514991037251879,-0.003672722201301659,-0.02344741871619388,-0.022688378253493402,-0.025035848294100493,-0.013833087683384815,0.02605345337325765,-0.020063981926756735,-0.11297399241698014,-0.005635426362625151,-0.017566003285579834,-0.012850152121452019,-0.042776909791642614,-0.00109034820045395,-0.005221643140386645,0.0,5.551115123125783e-17,0.014626763941107956,0.00011162338220155332,-0.028576107445890564,-0.04381238200403076,-0.05602726764303262,-0.035533095876267684,-0.011790809370685384,-0.021894994407074264,-0.02154587677104225,-0.02238211981540189,-0.05186016703754637,-0.029196355091866633,0.0006311543294753585,0.0,0.0,0.0,-0.19963729072254943,-0.009276801207024787,0.0,-0.019473075184404,-0.04450755027239439,0.0,0.0,-0.0034377274241455535,-0.04100403180819112,-0.019814908901771344,-0.016570951179660454,0.0015744629344960348,-0.02408831392754024
-0.05317018762976744,-0.027985008999583005,-0.03649360249103234,-0.010100939616476179,-0.026182557088533787,-0.013087299263582375,-0.02498035744942012,-0.020534969092197097,-0.01861858773511088,-0.016454800710260065,-0.03827139141600411,0.0,-0.021865685529240564,-0.08268517040507944,-0.01076026666256813,-0.007631365752883368,-0.00753711523071654,-0.009190833217997296,-0.03402078129932323,0.012246738573473581,-0.01279400087503263,-0.02770358548847074,-0.017288695189566994,-0.023459622650978895,-0.0052791194772593975,-0.0020171904520788764,-0.00030737584324092015,-0.026197164800892625,-0.004846210986013844,-0.014830882392826539,-0.008965845585790555,-0.026239817262824372,-0.0005182749367571571,-0.017835924014800553,-0.012278042717325077,-0.01191291645188719,-0.033699765409331395,-0.028362309714658057,-0.027348095262321293,0.01523844980550676,-0.019902431989991476,-0.000284686210229923,0.021869514727745343,-0.01521881827787172,0.023367323989613553,-0.046490017344057055,-0.027107554726416738,-0.0069990247997432364,0.0,0.000378278881981553,-0.010400689594080192,0.004063722012331239,0.0,-0.010354856689629044,-0.014177987021948057,-0.01392043343289845,-0.01695655600164586,-0.019946453340315473,0.0,-0.011045652613722368,-0.019100039824986703,-0.014277958534592294,-0.012378715057992484,0.0,0.005126685419356181,-0.00014075447661260343,-0.012111650810513908,-0.017104930749209823,-0.017675924693424994,-0.02147215355096993,-0.02594464995783813,0.004146428522630086,-0.005138805856109596,0.017013897973619352,0.0,0.002731708322704196
-0.017890588472166624,-0.018222925490745556,-0.020565901701717793,0.014744157115045509,-0.020267089697341034,-0.019837321975505418,-0.021382170524984645,-0.02611154765570106,-0.017960482044865334,-0.009519263786885335,-0.03208737943195372,-0.021865685529240564,0.0,-0.01725546612812706,-0.028393155357567423,-0.015895821533244814,-0.017728329711791835,-0.01629355560777085,-0.02071670107585799,-0.01767014818051066,-0.024535957613051274,-0.01612151213322799,-0.027209022541116457,-0.018618478695026197,-0.014794667394237015,-0.010523869330137603,-0.013218105878524733,-0.015082635276136291,-0.022417847600763763,-0.04320035937350558,-0.002572879540272577,-0.022706791444498275,-0.00399048443047334,-0.007338218669103724,-0.010854170767264804,-0.026920678057217207,-0.011779317685334967,-0.003909297605163953,-0.017637231059891734,-0.016761798613075196,-0.027457590115338937,-0.01949587402134073,-0.014712115811344018,-0.0111921336529614,-0.005378159631785617,-0.015643258139256766,-0.019361481060570784,-0.01636233501100237,0.0,-0.04330588914080985,-0.0358231540391033,-0.04008444653449583,-0.03570638890840261,-0.02329310193979428,-0.051592988405676776,-0.015433160321265404,-0.03086446901657408,-0.03725504962426429,-0.023165336645541268,-0.022413006120976298,-0.015968066993710117,-0.002612524566400043,-0.028694399110499702,-0.022624598816750274,-0.021022141598453836,-0.033262022769722455,-0.019188703343055002,-0.025419686012876086,0.016196085539900318,-0.021726065155098173,-0.017980377264412373,-0.030798183636233156,-0.03335839228136389,-0.03527926645570367,-0.0329364367338954,-0.026573225421019975
-0.007911773286890578,0.0,-0.029450156354970225,-0.006043623576898416,-0.04401377303707449,-0.04670496670022484,-0.011770820745543031,-0.07682473186640415,-0.02199085368271586,-0.016128174309269383,-0.04492053594963369,-0.08268517040507944,-0.01725546612812706,0.0,-0.0026809649608732222,0.0,0.0,0.0,-0.009843787235864487,0.003826869438146252,-0.011779438048563795,-0.007636236814688946,-0.033079005637982384,-0.056450464235411724,-0.00010896671117122114,-0.01888846388895693,-0.031036794635232512,-0.015161929275621877,-0.05041649843810542,0.00038189115533682205,-0.025528666032232195,-0.021618967324490257,-0.0150032763514662,-0.062343945466621364,-0.10304440115163699,-0.015370075606229744,0.009855003007361057,-0.0032674047774459147,-0.019314952798090368,0.0,0.0013839028825566313,0.0,0.004975104932067043,0.0,0.0,0.0,0.0,-0.0613709218057375,0.0,-0.016678156350918905,-0.11018084060404382,-0.02584520138700852,-0.07430549966217809,-0.05722053415373979,0.0,-0.0020103156602331307,0.0008395069230210384,-0.0304531555085083,-0.02407796689040609,-5.551115123125783e-17,0.0,0.0,0.0,-0.011981455779372263,-0.0017701881219616133,0.0,0.0,-0.06709304294208551,0.00040612362766251353,0.0,0.0,-0.06547655545904651,-0.04851991946238032,0.037338905231959096,0.0,-5.551115123125783e-17
-0.042066454212523696,-0.0302398193215892,-0.025486328802728553,-0.005726485089694311,-0.018512079859812014,-0.01952654268807208,-0.03535827093764621,-0.039181534533299534,-0.018694321161735472,-0.019893262942984935,0.0,-0.01076026666256813,-0.028393155357567423,-0.0026809649608732222,0.0,-0.026803028758865755,-0.0076256916447366985,-0.016143613719374783,0.0,-0.017979669161358625,-0.045678668350408125,-0.031062279816427008,-0.01998660905231925,-0.027458829857062772,-0.02864839961595217,-0.027919346160792335,-0.016243795072297118,-0.0064776899136020916,-0.0305710123348803,-0.030843189176891606,-0.031543516937700244,-0.041431637483496875,-0.02821279244715158,-0.026605465081266377,-0.0390213978561913,-0.04082376012529648,-0.047970148818913816,-0.015809794091410145,-0.04493153562104424,-0.018493547626243834,-0.04068716738201028,-0.04526223732332407,-0.0470178419774665,0.0008252514293143332,0.01053038721798577,-0.08535324829743907,-0.050998508840871704,-0.01765819843642291,0.0,0.0,-0.04992048871202931,-0.02625194395499858,-0.07271530973119383,-0.026939741756659086,8.918845972599732e-05,0.0,-0.005936480642970088,-0.020164655492211414,0.0,-0.050464323708133085,-0.03843552961909785,0.0008157973480282243,-0.034174855513730173,0.0,-0.03919664670963774,-0.051033847422710554,-0.04551960299899216,-0.03869816457091019,-0.017313171146670636,-0.025174242964256688,-0.05320219242887164,-0.03813938149310919,-0.03426251037251976,-0.04020763984537745,-0.0584699256109002,-0.04728539293717504
-0.017035720649437536,0.0011094777854155358,-0.014466773516807474,0.0,-0.005396314125377499,0.007612642473118325,-0.014125892783281246,0.002255629220301758,0.008441385441820104,-0.012003136279841509,1.3839071085985921e-05,-0.007631365752883368,-0.015895821533244814,0.0,-0.026803028758865755,0.0,-0.03435168814536943,-0.030024803061124872,0.0018116695440870134,-0.012349140014762339,-0.007018448618095086,-0.03563952255669184,-0.01862339171552896,-0.014301604322187578,-0.003336285213409673,-0.008262872226814932,-0.0062589153708280665,-0.004512586743168512,-0.013579566319564529,-0.0016178450344762618,0.00918163297363439,-0.005935197046446072,0.02081351069718307,0.010261805108860322,-0.0012844097882458438,-0.07088970278393059,-0.007899254565101432,0.017247550980043436,0.0028181652705888682,0.0177081477451414,0.0019708446962797277,0.00825527763526629,-0.014035535479484662,0.0,0.0,0.017880725264044106,-0.00580244809975472,0.0,0.0,0.0,-0.017647139427064973,-0.00497886049382279,-0.037288319856051244,0.0,-0.010209120706465291,0.0,-0.033288351979153696,-0.024100440948522206,0.0,-0.029214878122182153,0.0005402190079019098,-0.0056762678144449685,-0.007787736145790813,0.0,-0.014918783606238661,-0.01732839799946362,-0.0104652894337246,0.004985531997681203,-0.0020272848699862678,-0.005696701684987648,-0.010133663397018156,-0.002308334316116656,-0.008851224769234056,-0.011175283764924104,0.0002614261602021939,0.003415570310483007
0.005710484964279949,0.008557403685300058,-0.024718631797050528,-0.00033791318072007304,-0.01774266799462365,-0.00530226296629821,-0.015199087910204023,-0.03268257713753403,-0.0176234006839871,-0.010821616515497623,-0.03711532416746771,-0.00753711523071654,-0.017728329711791835,0.0,-0.0076256916447366985,-0.03435168814536943,0.0,-0.029573705586536714,-0.030206793822412648,-0.017404901156575503,0.004036984539697808,0.0015671844907204635,-0.027957447602305785,-0.026265743486761528,-0.024487369271637638,-0.018675304916690727,-0.01598001559233736,-0.01595549595966822,-0.001844612590861161,-0.01542192850117352,-0.021392306224617352,0.015813981999223903,0.007829041302258755,-0.006169404009609913,-0.0016818701716957984,-0.042320869774344794,0.012303001065653907,-0.009598263666476092,-0.006268489184313164,-0.0009636619980343264,-0.002002334493403868,-0.025476501598883927,0.0,0.0,-0.043467027230042254,-0.04155288718743183,-0.026856454952220887,0.0,0.0,1.6653345369377348e-16,0.0007274798277052685,-0.00016495076485423255,0.0,0.0,-0.014176841741390223,0.00029274332870099506,-0.032109536288468965,-0.01791478355075793,0.0,0.0,-0.013596847913838972,-0.014726180260487776,-0.00038486783861030327,0.0,9.016051441579354e-05,-5.551115123125783e-17,-0.03671070859665071,0.00021347987548758773,-0.021365358027181036,-0.012051504510625533,-0.014666912494718354,0.0,-0.013565768190813177,-0.02434263859753011,0.0,-0.010500925126001148
-0.010379839136929025,-0.010465151521523997,-0.024912482427459193,0.0,-0.025928529341715134,0.0012913300310865572,-0.01257529251214734,0.007182802338181027,-0.0024178023287804717,-0.017685385243694007,-0.015605098686768126,-0.009190833217997296,-0.01629355560777085,0.0,-0.016143613719374783,-0.030024803061124872,-0.029573705586536714,0.0,-0.024509349259114355,-0.013203475435541068,0.01337209478625695,-0.011548174264996103,-0.0074372460313567035,-0.019823148753595032,-0.012551782213268692,-0.024177019526966104,0.003194733116306525,-0.012062696867979839,-0.0021652090322332174,-0.02310731099273211,-0.008571705841618038,0.005637671832337154,0.016073310727246215,0.001738115483647995,0.002982024211359957,-0.01598387415135699,0.0,-0.004487359074707986,-0.0007482063359562363,-0.002558758785809301,-0.0076331920817100385,-0.003433574108992088,5.551115123125783e-17,0.0,-0.02910282082677995,-0.010871393486836689,-0.0010655493648218384,0.0,0.0,0.0,-0.025979485197414276,-0.00015490578774368657,-0.019001122638958257,0.0,-0.01162065854308486,0.0,-0.02362749977366535,-0.026972178740578168,0.0,-0.030602389937732233,-0.0050888721502071466,-0.005654453743953791,-0.005388141490415832,0.0,-0.029588326016820987,-0.018804107465873077,-0.0028249185408112387,-0.026883776055638076,0.0048592449625277645,-0.009008344249880063,-0.013949417175897094,0.01925668627230498,-0.021415731157310047,-0.02786422807424571,0.0,-0.008293112158747229
0.0,-0.01970027429290999,-0.010056186737389367,-0.03767305238156349,-0.05149544002612455,-0.029879189924760186,-0.031031734235381636,-0.03086833904197711,-0.029301486318146025,-0.018791527481042902,-0.026084354737444443,-0.03402078129932323,-0.02071670107585799,-0.009843787235864487,0.0,0.0018116695440870134,-0.030206793822412648,-0.024509349259114355,0.0,-0.0043089444699921375,-0.018146813384897098,-0.018452076116931504,0.0010729789236086362,-0.021072977092285228,-0.028157449032874426,-0.020416535492913057,-0.01963968943383293,-0.016714452925292167,-0.010719255303550501,0.0014718218551856288,-0.008268370873033004,-0.010542261765682848,-0.018267885959207475,-0.010578570471110826,-0.015711908664298502,-0.01736444234400286,0.003860528236657501,-0.0182013467006647,-0.04428182185543572,-0.011291272933367014,-0.01574933010175228,-0.004624283222994241,-0.056292834908410194,5.551115123125783e-17,-1.6653345369377348e-16,0.0,5.551115123125783e-17,0.0027004081196584373,0.0,-0.02965873873877556,-0.05933840182676303,-0.04102046186753333,-0.030261652213497692,-0.04869949407949331,-0.0019369801996064195,0.03798695780196265,0.001061485164396414,-0.001962027243665787,-0.02934490365182807,0.00162732915872138,0.0,0.0,0.0,-0.04890018584957634,-0.03312708543701265,0.0,-0.008426469759594324,-0.045501674414085314,0.0,0.0,-0.005919767766348283,-0.049615369102393836,-0.0485488705879108,-0.03686390651223509,-0.0009075052981853959,-0.01176843433621455
-0.00654583719869295,-0.0019409095677143662,-0.08509600185559962,-0.02264998018008124,-0.0077360128305701825,-0.007379439310094993,-0.017995647070365328,-0.02832212849407917,-0.01246709407927954,-0.033731897294749236,-6.360255468695897e-05,0.012246738573473581,-0.01767014818051066,0.003826869438146252,-0.017979669161358625,-0.012349140014762339,-0.017404901156575503,-0.013203475435541068,-0.0043089444699921375,0.0,-0.02477474781088651,-0.02603906674685391,-0.016258585063105402,-0.041183413006168956,-0.01518805010447083,-0.02036525235447978,-0.03611867913148359,-0.017534233090508666,-0.02580439029398085,-0.007859823749085337,-0.025345037173838347,-0.030022627776394528,-0.01231989464443084,-0.012222380858860626,-0.022623135038707498,-0.021892365440675077,-0.027548708439442404,-0.04608317818587926,-0.038497283805494775,-0.043873280798069125,-0.029030114998881418,-0.04604926441252599,-0.040411392898082876,3.265147075043329e-05,-0.00221427581578576,-0.010515974544324569,-0.02892971486602941,-0.013612335086657212,0.0,-0.01365510156049865,-0.030432379000476184,-0.03985214475782067,-0.039010029882475095,-0.025850600208926988,0.003863272255464234,-0.021336828614600234,-0.0015137204064639698,-0.04061646722826662,0.0,-0.041800495494022316,-0.029873789633208192,-0.04559581780189942,-0.023738178793146103,-0.009038014074179368,-0.039918407894502295,-0.02986811012996171,-0.03937838177171765,-0.03124853248996956,-0.03175846468343679,-0.011839959129327005,-0.031109370990560936,-0.03445500374488475,-0.040637228633537636,-0.03735752219399863,-0.048249042548384136,-0.04264132799593057
-0.00020115220676453216,-0.002165272317103728,-0.049944018904439724,-0.0007599335674886021,-0.03427764705009473,-0.015029382291305238,-0.022943171669196794,-0.030607590039012422,-0.026464453404855814,-0.014100776527629255,-0.038874995942792534,-0.01279400087503263,-0.024535957613051274,-0.011779438048563795,-0.045678668350408125,-0.007018448618095086,0.004036984539697808,0.01337209478625695,-0.018146813384897098,-0.02477474781088651,0.0,-0.022522007332515193,-0.02471470424913136,-0.008214589481857382,0.007373715441839013,-0.02215889611432903,-0.021992952468203764,-0.017232932502722287,-0.01712058221744006,-0.040005329434797066,-0.01667194897594626,-0.025733682063434626,0.012793079365999327,-0.01894127139473345,-0.017419151949519818,-0.013875870062042606,-0.04123393746918863,-0.0233928850528351,-0.03110527489613224,0.02082654741706358,-0.03406722697854375,-0.03425293289605136,-0.03469786381990764,0.0,0.0012262368178760918,0.02524401885623384,-0.03335829296422066,0.0010412015415510734,0.0,-0.0001994842498148075,-0.023890103443853394,-0.03605691558455704,-0.025649432837604846,-0.017479200231312164,-7.366184428109213e-05,0.0,0.0007641705756166184,-0.0355703675492855,0.0,-0.054142647302032776,-0.021783681478366734,0.0,-0.005297709188645139,0.0,-0.048657903323977014,-0.02724192498322231,-0.04976968652560909,-0.022576096071283636,0.0233985228659227,-0.0023178850953677332,-0.03697102418614534,-0.029766827867577283,-0.04171159787302048,-0.03155787193665882,-0.022138959967818672,-0.04360333441737341
-0.022343754996855203,-0.009737147686237457,-0.04907122228327343,-0.020225261707533082,-0.015832559443565986,-0.005735508147797663,-0.019465768143746343,-0.009550489525533057,-0.004788100033073506,-0.021725392083011552,-0.023613392628946794,-0.02770358548847074,-0.01612151213322799,-0.007636236814688946,-0.031062279816427008,-0.03563952255669184,0.0015671844907204635,-0.011548174264996103,-0.018452076116931504,-0.02603906674685391,-0.022522007332515193,0.0,-0.017777740393032093,-0.028274949932773907,-0.008895804583011702,-0.013363839083260998,-0.03582553187743037,-0.012162616364859935,-0.037452823122180956,0.0005376110876860185,-0.022721236544230805,-0.030416913785140443,-0.008875406227703997,-0.022782417961241586,-0.030539793425295836,-0.025635376603080795,-0.03015354070755555,-0.07446130296913239,-0.033441257799942115,-0.018787094551406647,-0.03679448290916182,-0.03984915439925524,-0.0384183935210729,0.0,-0.010127140322125305,0.00033254390424447555,-0.02742825643551461,-0.013265876150951983,0.0,0.0005884863649775474,-0.03252277790683189,-0.026673200669060704,-0.012496269285879935,-0.006643202526867009,-0.015934383708102517,0.0,-0.026406822387706863,-0.031861708385097665,0.0,-0.05607685692707853,-0.019106646263454596,-0.017239498925943675,-0.014233173225986329,-1.1102230246251565e-16,-0.05121077501644283,-0.043687182843156425,-0.04303324645948481,-0.03372182118541622,0.01827231495197268,-0.00834967779885426,-0.034862621353198786,-0.03662438829623993,-0.030092155500118345,-0.035805801134119464,-0.032715041529883804,-0.035994846684858195
-0.013614606449989186,-0.027796642122456416,-0.036678090925478524,-0.043200331521071444,-0.025035093219300864,-0.02841240161330577,-0.033547575467551105,-0.017879177250099354,-0.02426784055654535,-0.02461608824097039,-0.04203588522254775,-0.017288695189566994,-0.027209022541116457,-0.033079005637982384,-0.01998660905231925,-0.01862339171552896,-0.027957447602305785,-0.0074372460313567035,0.0010729789236086362,-0.016258585063105402,-0.02471470424913136,-0.017777740393032093,0.0,-0.01699302472204689,-0.017150658280706665,-0.020727067096212415,-0.01855256939105898,-0.03157266585790447,-0.020752241397786697,-0.04106596873469581,-0.020281292515610005,-0.033304702489851845,-0.02754127448205851,-0.023514643405545876,-0.027427425057502397,-0.015541225534533909,-0.02230433496627493,-0.026998795906208406,-0.03780168586577065,-0.0755585171965299,-0.03147727808196921,-0.02715852102502958,-0.01891956911547732,-0.010127943692222252,-0.015681776006882087,0.011896495828327247,-0.0361734967258141,0.002364166583246119,-6.21095164297647e-05,-0.04329820678948165,-0.041775955702441414,-0.04435135633669246,-0.029336553224712014,-0.03228811185753799,-0.0339934103412281,0.0029465006694615603,-0.07940470347479267,-0.04443099765561176,-0.06888722276438264,-0.034203011733436706,-0.03333470001951255,-0.03402498244659513,-0.015982800692718624,-0.02571859988243258,-0.031820305259189996,-0.01868406165711728,-0.03616385684562062,-0.02382140125851029,0.0003819872450052664,-0.009109787478537135,-0.032619864990628356,-0.03468424358461125,-0.037695117476099216,-0.036179628635972794,-0.04217323972702086,-0.03393425252272292
-0.018718606022995077,-0.006923101717606794,-0.022294970191637453,0.005200904024270148,-0.03456623807610659,-0.012438284616735018,-0.0014614312379037098,-0.007083845026499613,-0.01005246939843335,-0.01582473518046179,-0.04811217790980693,-0.023459622650978895,-0.018618478695026197,-0.056450464235411724,-0.027458829857062772,-0.014301604322187578,-0.026265743486761528,-0.019823148753595032,-0.021072977092285228,-0.041183413006168956,-0.008214589481857382,-0.028274949932773907,-0.01699302472204689,0.0,-0.01800952654775473,-0.013574851020145828,-0.006740475791538192,-0.013449245609928828,-0.021187700724247416,-0.048371512121791194,-0.009947118137062672,-0.011682745374393622,0.019536139037653166,0.01658528545421012,0.014474271657610671,-0.03761308233939237,-0.04458090503087006,-0.019422464013385432,-0.053351028169912496,0.015563967907794685,0.023094805373906013,0.004833674002843902,-0.0029614098449730064,0.004684291686485043,-0.0012293935903802677,-0.02168475359356964,-0.011358516422028009,0.00013322690057748776,0.0,0.0,-0.015229788119804355,0.015685268570969746,-0.0007436502231328301,-0.0007724402663304986,-0.023300208252582943,-0.000603943697326248,-0.04147315871195273,0.020213230464076026,0.0,-0.008049772413410816,-0.016805662923617626,-0.027292844296568586,-0.011059715966437289,0.0,-0.0008919913846008876,-0.0590448967551766,-0.012623537304708221,-0.05641412149561098,-0.025992082849501552,-0.02196711648472177,-0.023005212334098746,-0.004417475242060764,0.026222102805614156,-0.010397666983118004,0.0,0.019204004737642277
-0.021131558114777127,-0.010622611694862172,-0.029805631786585074,0.0,-0.027623503371392022,0.0066769924282563675,-0.018063438114848784,-0.012985799245179952,-0.007085671016416106,-0.009952216313599882,-0.02020818492614329,-0.0052791194772593975,-0.014794667394237015,-0.00010896671117122114,-0.02864839961595217,-0.003336285213409673,-0.024487369271637638,-0.012551782213268692,-0.028157449032874426,-0.01518805010447083,0.007373715441839013,-0.008895804583011702,-0.017150658280706665,-0.01800952654775473,0.0,-0.013205632359572894,-0.008602222238653867,-0.005328289189612867,0.004343498880923502,-0.024096386549183557,0.0005745258180817059,0.0022201065370618944,0.016154199752220932,0.002771513531383385,0.005917606715184154,-0.023471249184429943,0.0010673895656426735,0.004208823264993278,-0.0019996658608250617,0.0055738588264469535,-0.013538706474981899,-0.013281856567746386,-0.00023892226658334126,0.0,-0.01588694069685287,-0.0058143598119357875,-0.009497220868425194,0.0,0.0,0.0,-0.02255236015471712,-0.003201380176327484,-0.04174769668280326,-0.00013143233442336477,-0.006902339853700534,0.0,-0.02160597495120964,-0.020365340822672495,0.0,-0.021329919082123505,-0.008341401371246226,-0.01112413501209264,-0.014097772466591663,0.0,-0.01540757516258967,-0.02380976334487772,-0.01399027713962181,0.01955586705995377,0.0002288894321720858,-0.01529999505460039,-0.01902758941191446,0.023519597498686373,-0.02396159893790345,0.010481492482113441,0.0,-0.014046067157662379
-0.013585858238020998,-0.016357841286728514,-0.030606013083038952,0.0015601323743776319,-0.02341651028119629,-0.020745034712110144,-0.011789457291585814,-0.013700909272686967,-0.030548954563472563,-0.0058075106959546985,-0.01893905197356105,-0.0020171904520788764,-0.010523869330137603,-0.01888846388895693,-0.027919346160792335,-0.008262872226814932,-0.018675304916690727,-0.024177019526966104,-0.020416535492913057,-0.02036525235447978,-0.02215889611432903,-0.013363839083260998,-0.020727067096212415,-0.013574851020145828,-0.013205632359572894,0.0,-0.021249993505633225,-0.005256525682539148,-0.010104563176717152,-0.00697231795506853,-0.006889185617289351,-0.01151757633669076,0.0017256739222251127,-0.0042642661537564686,-0.012177997839312449,0.00021248950730407,-0.04490895499503661,0.0028099477572948173,-0.012661614318359327,-0.009622426280234186,-0.014759981964450053,-0.024172453786859838,-0.011236228165340145,0.0,-0.026899095866310452,-0.006233338690618984,-0.021781925029396243,-0.01651740098348875,0.0,0.00044112322010120275,-0.03467489994284684,-0.02603247395688174,-0.013814721756542359,-0.015733460508537356,-0.015765199041218536,-0.00013498914018877928,-0.03157287718712504,-0.03431498640992442,0.0,-0.05674237580364899,-0.012368336143903869,-0.015030773933888741,-0.015966737357364758,-5.551115123125783e-17,-0.03531501202414572,-0.0477681180889728,-0.039147036489139364,-0.032590395631571456,-0.005213555285424498,-0.014803359497750357,-0.02688164313608732,-0.03531050454584406,-0.030267944754077736,-0.016708366823590948,-0.00014442423539023919,-0.01626020098659875
