0.0,0.0335788370974579,0.0071837832854321215,0.0,0.00015778643602515352,0.01520083350812168,0.021275124900119957,0.001084793437355569,-0.00908486488550242,-0.006441473939993614,-0.000468521171587577,-0.0009531086411133094,0.021243658469011717,0.007435771783606826,0.030304636143443364,0.028867831948716227,-0.02132802231379788,0.013271802203372318,0.0,0.015737977300761596,0.006413446394623434,0.031749559550290574,-0.006324682500629175,0.004181361222333313,0.02327126818057612,0.032384921220854235,0.005633752099205691,0.02237745890498727,0.007264270166617903,-0.020147823961051636,0.012770366275443423,0.010231105688100706,0.010092738711582061,0.00555142225437244,0.00686457549193209,-0.009727730605350204,0.0,0.04073659266070334,0.004648399819834115,0.024078163387411977,-0.006384068001383414,-0.0003670735078866172,0.0,0.0,0.046105819389536506,0.01768573886686009,-0.0018564377186669478,0.0,0.0,0.0,0.027979581097382078,0.0,0.0014712511754570445,0.0,-0.0023838329471339015,0.0,0.061770743899488945,0.003395964470899071,0.0,-0.013915208017798109,0.012315127073036891,-0.010295833402732324,-0.018195084072271883,0.0,0.0009725724437131267,0.025409932793458323,0.005770251372384461,-0.026424526476800603,0.01976996153694316,-0.014757560732017339,-0.011555021849682434,-0.0157202794448707,-0.0003336133905682548,0.039840752802938084,0.0,0.0060365909853067334
0.0335788370974579,0.0,-0.0020537379833262537,0.0,0.04621896406674342,0.024291352315448322,0.03213920967756817,-0.013925558795104154,0.031748290567319815,0.012869951138550328,0.0005969346799307162,0.010423984406976894,0.030622780147617323,0.0,0.0069709201734441395,0.01729464643186468,-0.005224106874797019,0.018120489599421474,0.013613859036079534,0.015890747854814924,0.01941990780448749,0.01679509592172418,0.007985385924380528,0.02051611971631867,0.01770387025133885,0.03558464461173244,0.013106066546073325,0.018336609314174135,0.01760373027473433,0.011160647606431595,0.023624798265357128,0.02258575780563926,0.017903464675981695,0.016238902997247173,0.010006980386428721,0.05302990697337456,0.007534701747788364,-0.0003403638048494195,0.007226387170675974,0.019016466617656158,0.00421647086210053,0.002209481307424155,0.0045912138253851875,0.0,4.7373016606955254e-05,0.011296902739677317,0.0010344096783449497,-0.002617614243371591,0.0,-5.551115123125783e-17,0.01739767445097712,0.014954371440853376,-0.0066266475016982795,-0.011941537825690685,-0.005507863882325936,0.0,0.003655267042294741,0.01794472394186092,0.0,0.010103508061001687,0.010744243388728869,-0.0059948539505413345,0.009596452188978477,0.0,0.022526100739213406,0.0037464360337168268,0.010759396427010959,0.0033831183231688433,0.014201137260665742,0.01195506629820503,-0.006522731198834897,0.013881671839716836,0.032618233381947526,0.03176452040847777,0.0036804419054982662,0.011635058644396346
0.0071837832854321215,-0.0020537379833262537,0.0,-0.02842419976088445,-0.00778958836325272,-0.005310036058532641,-0.015010297448448284,-0.01318986440187081,-0.04473574854803519,-0.011446346387471829,-0.032118468335472106,0.00894347173485377,-0.00799647149015259,-0.029753725793495223,0.0008312025045776883,0.01373215810518802,-0.019374889595704825,-0.014179661959798306,-0.05144534882420718,0.0014512430617569239,-0.012488169672265625,-0.001078937991653206,-0.009149954256478465,-0.016165989873847708,-0.003101311019888253,0.00040972357005197857,-0.029489949189574094,-0.004831486270647833,0.0015072358871777713,0.0018737764137038981,0.005183929522529995,-0.0006319981752604398,-0.0024460849791069217,-0.004356259186738043,-0.014667331942654072,0.005228348310330422,-0.002314726935793987,-0.01551346917820634,-0.0033320380197209287,-0.008385699381330658,0.004572182172088879,-0.006748933604157847,-0.06544579612487106,-0.00562538474534463,0.00014692011115535752,0.0,-0.005880131920721066,-0.02661565738513083,-0.00020549442773770688,0.008905611892356946,0.004690123778320454,0.003999411979001888,-0.008682949244713023,0.014615661409301373,-0.020665555021037008,-0.03886563552393052,-0.004559065958567976,0.007760501004458686,-0.06239283426394898,0.014659705374346244,0.0003603508818077472,0.0,0.0,0.0007357730906175086,0.0044238351428019795,0.0006697993992105244,-0.004976526278772764,0.010452956060119645,0.0,0.0,0.009466041846635465,0.007406443707850374,0.013562949926013146,0.019896413649265587,-0.0026007976366201335,0.008805998984419028
0.0,0.0,-0.02842419976088445,0.0,-0.004027872359288365,0.00501791219468084,0.00950398365819416,-0.06562994819880336,0.0013420983993443492,-0.12073258727315717,-0.03838760085541948,-0.03198370600472106,0.016161337979772483,-0.05774725767598293,0.009567782057362084,0.0,-0.0001627719685407536,0.0,-0.0020355773417233824,-0.01886093496969049,0.00016190214702871408,0.021576118396518962,0.012097089671803007,0.012799588272584539,0.0,0.001574772110945255,-0.006347980797563435,0.006330417675314282,-0.018420110947231894,0.00014571239117994184,-0.05603831491684613,-0.059051821719765196,-0.1261417485786833,-0.04180102772408362,-0.049351700737341075,-0.06482196422859798,-0.03014900900252826,-0.030247514440649603,0.0006984597248131941,0.0,-0.0005670155026645807,0.0,0.00023876045469145568,0.0,0.0,0.0,0.0,4.061998691184954e-05,0.0,0.0,-0.018250436570727946,0.0,0.0,-9.509661975870554e-05,0.0,-9.735493335533141e-05,0.0,7.158876549107074e-05,0.0,0.0,0.0,0.0,0.0,0.0,0.0,0.0,0.0,-0.012389948766960646,0.0,0.0,0.0,0.01060165234591015,-9.321131776834912e-05,-0.0003666119331884876,0.0,0.0
0.00015778643602515352,0.04621896406674342,-0.00778958836325272,-0.004027872359288365,0.0,-0.002973909641330097,-0.0007764683325518495,-0.03542638773817147,-0.0065293139390426025,-0.004904006000632344,-0.02490849667424133,-0.008350774544481132,-0.022730619384154993,-0.02443545019248472,-0.003504281025716427,0.013594390620737418,-0.013657944409083522,-0.00043441364477248,0.0033550151137932693,0.028929848746966857,0.019398854845571134,0.029711768473202504,-0.005719749698590071,0.008947168931226268,0.015719178076111895,0.02890482220305768,-0.008403006940289892,0.0033845241711354945,0.025051743410993643,0.008784792481088766,0.006131053023494093,0.002670044065170407,-0.0026978512329771664,-0.004509756274365118,0.002851084687160943,-0.022619807168235362,-0.03366352412444454,0.006096947494290017,0.03348050877432235,-0.0006335190041615868,0.01613503230346558,-0.0184291205919605,-0.049525675280796544,-9.998629857910224e-05,-0.010546416809293246,0.0,-0.008798233297456715,-0.043006370370696156,0.0,-0.041456154918639465,-0.00910561380512398,-0.01977620613811626,-0.0012978042375011989,-0.04248001250156597,0.00011115476956924386,-0.0790420425061788,-0.0006119686048829398,0.0007745490615869155,0.008434625717840705,0.017185625886164346,0.0003768533860775136,0.0,0.0,-0.05698764653926319,0.011073706610942702,0.0,-0.0018569904153711847,-0.014329638739780437,0.0,0.00014715990478175733,0.0076099896468294626,-0.008078117335957757,0.0157155165487477,0.017520202440999444,-0.009433300735659511,-0.007237619285977881
0.01520083350812168,0.024291352315448322,-0.005310036058532641,0.00501791219468084,-0.002973909641330097,0.0,0.01600858328694199,0.028426976095748624,0.008765886051113947,0.016167587711356568,-0.00501784910768488,0.014248569520414645,0.02056149674312574,0.002144296225280673,0.009543020752965758,0.014552956297415265,-0.011036887557914377,0.019063870702057673,-0.007811090088853667,0.01747207491039765,0.02097114309524012,0.016498507092418346,0.0075643174844042815,-0.0123682499630835,0.0249319331062704,0.03162773911686573,0.0224739724912274,0.023410716706864065,0.03509678867262933,0.019138178250340088,0.029121722289011276,0.028490336407879957,0.019039674575568655,0.0181431740971868,0.014928662354713518,0.040438443215058406,0.02424188268545624,0.006155154515640637,0.03158161933305792,0.04272254761150879,0.03615963001523581,0.022159200061858675,0.019797358343995708,0.022257173486513293,-0.0039252168721749525,0.002355860140901056,0.02140231825835942,-0.00693323782138644,0.0,0.0070094468246589825,0.014309399888703056,0.008129857163917564,0.017566703174920983,-0.0027819435266532855,0.003358867792592646,-0.03467643216916494,-0.0002595627134263645,0.011406635206637983,-0.05650571880700389,0.015443879914336878,0.01589676985697719,5.551115123125783e-17,0.012853471032188424,-0.012843604914252738,0.024143986968276854,0.03635289234399436,0.016750963807767694,0.01701316760399152,0.0,0.024217433207508132,0.007786943628845078,0.0162029153742842,0.020768458602541062,0.027236276389783154,0.024160966497594694,0.03384851994768445
0.021275124900119957,0.03213920967756817,-0.015010297448448284,0.00950398365819416,-0.0007764683325518495,0.01600858328694199,0.0,0.0046356763300460235,0.0259827450588474,-0.00639023486811946,-0.0036165330663131545,-0.0021194234925859257,0.019482138677017646,-0.013579452028206818,0.015783070645575714,0.018328221833106895,-0.011727127543271654,0.019613540982770628,-0.004489953514984546,0.012652729028100496,0.01033536524884554,0.020429665906268712,0.005399797352244329,-0.00520065175552159,0.02614435131660775,0.03714769684029462,0.011150773362982203,-0.00017875384839383113,0.009504992471144114,0.006110478913792239,0.002582373056733811,-0.005131223176673416,-0.010581284249742917,-0.007054412906572327,0.00013818198819315342,0.007183861526165181,-0.002177195059655912,0.0024023006425784588,0.02772232158248933,0.08199436457326326,0.023623428235795663,0.02069500528961632,0.016459004558329438,-0.0008442058391828766,-0.007347805087753789,-1.640262567881301e-06,0.014791099955507259,-0.026942081504456428,0.0,-0.012798373314693356,-0.0009859829119670538,-0.010157492211214314,-0.0003402833360134361,-0.016348730392157673,0.00018720818523937366,-0.0638212976276133,-0.014993495439139082,-0.0031791790520463437,-0.003146304531664479,0.01651001194266749,0.004159713641441909,1.1102230246251565e-16,0.00035511056942294505,-0.03499975539086786,0.01767172136140649,0.010776786659552284,0.032305826033368845,-0.0008746105022469086,-0.00890078398381583,0.022627640789616654,0.017175527982563166,0.001712111458345822,0.005421632624560746,0.012153878190214407,0.013013320206489709,0.01906480866296978
0.001084793437355569,-0.013925558795104154,-0.01318986440187081,-0.06562994819880336,-0.03542638773817147,0.028426976095748624,0.0046356763300460235,0.0,-0.006598225614719566,-0.00262679761627449,-0.007234035141919004,0.044186026894011354,0.009442162833503964,-0.034615383826767765,-0.0740131136770219,0.009385623137477261,0.008224409114772513,0.0036805452509254266,-0.022761289104201277,-0.005525104668305636,0.005930178121483609,0.0018979538078610636,0.027225720291910616,0.011210382919668804,-0.011214388094399452,-0.002174715210890077,0.00481223628788352,0.010426091462164389,0.01817848386473314,0.025443605385171764,0.021744060938864995,0.03181870342862936,0.0028851678194730113,0.01267088024948071,0.006326767192462723,-0.073849591342047,0.007401828276442979,0.01955301756646971,0.012347872913340052,0.01652722994217448,0.015314313616088315,0.008594140656159488,-0.007353565356956249,9.287837510640884e-06,-0.00019990659539775857,-0.0010473908640440954,-0.007272504283236725,0.007321843425263319,0.0,0.02167848551951468,0.016667413010482912,0.01202417718565596,-0.0004014221562074205,0.012785993695236031,0.003292484505317772,-0.02984450182068249,-1.1102230246251565e-16,0.007972853549983838,-0.029132994556179737,0.015601093463938454,0.004252904471367058,0.0,-6.508870244725795e-06,-0.00912578611371151,0.02488801258674378,0.054439768074556694,0.00539000506475551,0.022908613872682837,-0.0004987361791825573,0.027068810053003323,-0.011084805598287728,0.014722588197725761,0.021400214835463394,0.02818001998818881,0.037823942071226024,0.03508452300343079
-0.00908486488550242,0.031748290567319815,-0.04473574854803519,0.0013420983993443492,-0.0065293139390426025,0.008765886051113947,0.0259827450588474,-0.006598225614719566,0.0,0.010213619235832194,-0.060227485412631065,0.009756718035322465,0.033012973614383156,-0.016176163376682928,-0.0036598346852582675,0.035850787232804826,0.002959163392712849,0.014684479005207307,-0.048264373039485164,0.029570961464451984,0.072621734611371,0.025055232636170044,0.004552220482124836,-0.024035399846563055,0.02630846207271892,0.04458803799463368,-0.004140310787805801,0.020881271414709968,0.025514822594190523,0.0242172773049672,0.027961593129617712,0.021009100412331727,0.00879950684159353,0.015131586316275258,0.008571263109327931,0.03028094905924872,0.01727184153949618,0.011506506995067445,0.02043211150452029,-0.005419960202856677,0.01798632322979965,0.016508471059439866,-0.04422012709843165,0.0027242919695976697,-0.0043231465871065855,0.0,0.019646312980642122,0.0049644079484018055,-0.004749951003624686,0.0025704367524830296,0.0004329948270339612,-0.00020841598801546457,-0.002022185147124156,-0.010959659733101645,-0.014432060266759639,-0.02565222673578721,0.0013629824027458493,0.004697132500392609,-0.06279241450517953,-0.00424214038095988,0.006004055260671104,5.551115123125783e-17,0.0,-0.018156220137825918,-0.006556482975073219,0.014219224747326675,0.06290036194015652,0.0018722747326085365,0.0010370211625847503,0.00017949399640532215,-0.010029114020660923,-0.002337276701043778,0.011434764949337262,0.01924266387746687,0.02662094832089512,0.019590059429641316
-0.006441473939993614,0.012869951138550328,-0.011446346387471829,-0.12073258727315717,-0.004904006000632344,0.016167587711356568,-0.00639023486811946,-0.00262679761627449,0.010213619235832194,0.0,-0.0008428905844329315,0.016577783857899542,0.0031584270835364747,-0.09494878889746433,0.010807209362423686,-0.0025808911102252474,0.01017578279037501,0.007229461285492456,0.0006947745769874114,-0.0012631479113323074,-0.007118263734407271,-0.0025658525569908774,0.006510648405225139,0.013077650781540273,0.009350671356657458,0.009662965877640206,0.009039580762902455,0.0075221723875242286,0.002991890724711954,-0.006087143826515429,0.0077320589265723605,-0.0076386388426738505,-0.0018074179785159683,-0.0007598055887835797,-0.023474106081284307,-0.050456356491203225,-0.004199578551119354,0.0021882249523840214,-0.05061963685389931,-0.01746644627753252,-0.0021488660366532075,0.011386619990390257,-0.016059756663867664,0.00017211760977198232,-0.013869073499077844,-0.01173571111507854,-0.013407391332512952,0.00020282274930161215,-1.1102230246251565e-16,1.6653345369377348e-16,0.008967842529952974,-0.00643366917388688,0.0008086750321337766,0.0013659259835444582,0.0049862317278521195,0.004488553821411889,0.003534787647872961,0.0070786342246306755,0.0,9.935480430384169e-05,-0.005234953937918618,-0.003079742847788225,-0.005471179389288983,1.4691229714591802e-05,0.016809676859160183,-0.00018563649104613722,0.004477258832887909,0.011643584458636225,0.00025771605911273365,0.002511775914374348,0.00484708448001675,0.0008411535097500034,0.06138422170184843,-0.012898935551197255,-1.1102230246251565e-16,-0.014049924823076432
-0.000468521171587577,0.0005969346799307162,-0.032118468335472106,-0.03838760085541948,-0.02490849667424133,-0.00501784910768488,-0.0036165330663131545,-0.007234035141919004,-0.060227485412631065,-0.0008428905844329315,0.0,-0.0028353105368641995,-0.0011777355176021964,-0.02591758612935846,0.0,1.1034708498947055e-05,-0.010750340849130346,-0.01809732044109147,-0.04399868255429348,-5.071407223750102e-05,0.006342881557762747,0.002162104272430798,-0.029474335409157615,-0.0025625197528568178,-0.012949000104526709,-0.008075763676841485,0.007405505467481699,0.000489460893197402,0.035787872969693935,0.013600940808644768,0.00982012858032738,0.016406094291748552,-0.012934875953489688,-0.0009002928173151847,0.0004300666829440969,-0.07344510040805569,-0.018135765767331502,-0.0018552131540093275,-0.04941347651580885,0.012586668470003448,0.00019594025354097155,0.006817155611499148,-0.07384804673248285,-0.0008693989993640017,-0.0058874930515800394,0.0,5.551115123125783e-17,-0.014939758204253306,8.900391338401148e-05,-0.0708791611749005,-0.020353451688335078,-0.03218057054717338,-0.03120134712205125,-0.011667515647819371,-0.027121837880592137,-0.08516681475743204,0.004874574568189072,-0.015323917700036882,-0.008890203364686877,0.0005032566131275562,0.0,0.0,0.0,-0.09837329884488596,-0.01086815978550748,0.0,-0.015010303826769933,-0.014979243056761626,0.0,0.0,-0.003015851642261702,-0.023922700935170682,-0.01045139752321339,-0.01374867270764124,4.046604104668283e-05,-0.0011578986014350034
-0.0009531086411133094,0.010423984406976894,0.00894347173485377,-0.03198370600472106,-0.008350774544481132,0.014248569520414645,-0.0021194234925859257,0.044186026894011354,0.009756718035322465,0.016577783857899542,-0.0028353105368641995,0.0,-0.000619488195224116,-0.010427465662553426,0.010960298449163852,0.004275968083634063,-0.0077062940575287064,0.0027717203194761453,-0.03193434804648493,-0.045027221386400695,0.007446067654453936,-0.01893638962265165,-0.0034682703835183792,0.017354658486086583,0.004106916729822385,-0.01244064172746373,0.0038066086474395355,0.009301055767390765,-0.010140657578320778,-0.009034387221657225,0.00516335565293552,-0.011499307700332029,-0.018210758211624434,-0.017046463538928913,-0.007237143937935064,-0.0010553507984564225,0.0013070394700818166,-0.016956051964149954,-0.033105617583470415,-0.002571915987174489,0.036515749777976,-0.038852757419376105,-0.023790995602650522,0.016188206563454433,0.017282335273338445,0.009183598272606341,-0.034952755707938266,-0.0036952767932183495,0.0,-0.00022858463776059823,0.0003969059115461193,-0.008983687424840292,0.0,0.0021829290222925013,0.0009150775035085545,-0.002297294259945737,0.01229292944365068,-0.0034996452543431533,0.0,-0.007899015173791768,-0.006453785141898261,-0.005991243399195212,-0.0077521590885304414,0.0,-0.010862731470069775,-0.00011223185499092958,0.007453761836024864,0.003942609002628883,0.004411980851397601,-0.002338662270904901,0.0031035615761895174,0.01562688541557311,-0.017691979713558348,0.012236204931623806,0.0,-0.006283474801921762
0.021243658469011717,0.030622780147617323,-0.00799647149015259,0.016161337979772483,-0.022730619384154993,0.02056149674312574,0.019482138677017646,0.009442162833503964,0.033012973614383156,0.0031584270835364747,-0.0011777355176021964,-0.000619488195224116,0.0,-0.02393961912046,0.008537591036522463,0.014179704869228371,-0.005812307559255048,0.015914391703160835,0.0049279720637703806,0.007531234514084273,0.014241462786420023,0.016625755041696944,0.004279066415151633,0.010803535882276394,0.024587195092619862,0.0314676024583847,0.008411240689171762,0.019119127771132227,0.01665950130009064,0.005727954716670591,0.005514265006176855,0.012527488015362964,0.004183010024985723,0.0012940533239109153,0.006984916147101616,0.011447960541628388,0.020175353005524532,0.008591220643286879,0.03687590124504314,0.018181228637649482,0.03319578554806801,0.031112975838362533,0.011825019634266853,0.027535587242681403,0.0005174755917636831,0.007543035438250967,0.014902250164546715,-0.017543147510170498,0.0,-0.0018472750920963676,0.007727598489938203,0.0012900097618642192,0.007686034189513913,-0.011353009144557058,-0.013420942652864143,0.0030785091336206216,-0.07280411382529878,0.004978101217668507,-0.010578871506227994,0.020983580613219477,0.01972560856267358,0.00045285259057337157,0.015950078191897143,-0.03674816043994705,0.015894305752130744,0.02891348387840098,0.01925733010911379,0.009868371174905688,0.003105373214586482,0.005280736863678193,0.011278833805851152,0.010577655361790006,0.009774723403656704,0.014538769979883737,0.010608278957721207,0.015853975820547817
0.007435771783606826,0.0,-0.029753725793495223,-0.05774725767598293,-0.02443545019248472,0.002144296225280673,-0.013579452028206818,-0.034615383826767765,-0.016176163376682928,-0.09494878889746433,-0.02591758612935846,-0.010427465662553426,-0.02393961912046,0.0,-0.0018442081180513048,0.0,0.0,0.0,-0.02828915566230905,0.0027776048473957538,-0.0077363808997603645,-0.002653917440664344,-0.004146717570762959,-0.03346674473161715,-8.688559270958462e-05,0.0006443780625202122,0.018945486860116323,-0.03486816194231718,0.022222484429737732,-8.540106876425702e-05,-0.015332109576473796,-0.08769088056360125,-0.019666133729146218,-0.08813414739993175,-0.060843995230855985,-0.037680236271761564,-0.02033699898218852,-0.08803464481854922,-0.01956279240360348,0.0,-0.001193680891984128,0.0,-0.01861247997374499,0.0,0.0,0.0,0.0,-0.006293299848688649,0.0,-0.0377441808650027,-0.12418054427383057,-0.019560981507667774,-0.02762263020226763,-0.034353220240493365,0.0,-0.09542676818327867,-0.000454319227544131,-0.021915726551979653,-0.02694470294493634,-5.551115123125783e-17,0.0,0.0,0.0,0.007421865474660727,0.0005461087124285502,0.0,0.0,-0.02921320310045533,0.00032382634773081564,0.0,0.0,-0.031400975978477075,-0.01889539642073551,0.006520804399298308,0.0,-5.551115123125783e-17
0.030304636143443364,0.0069709201734441395,0.0008312025045776883,0.009567782057362084,-0.003504281025716427,0.009543020752965758,0.015783070645575714,-0.0740131136770219,-0.0036598346852582675,0.010807209362423686,0.0,0.010960298449163852,0.008537591036522463,-0.0018442081180513048,0.0,0.01099063957587415,0.011424264801452033,0.024133505817135026,0.0,-0.006590985193741239,-0.0008091380325354058,-0.020669496926316144,0.008444833403291274,0.03330962381207081,0.020780437368617122,-0.016525674780589972,-0.009927725626268924,-0.001256163575383551,-0.014794730623005736,0.02312821687167782,0.00081426015411451,0.0015455099294018892,-0.004005122984912457,-0.0019504285545212108,-0.009098425150290357,0.019868770487395437,0.0024961483451213518,0.012626008115574516,0.007607799437118923,0.012043160495405547,0.009570751152429446,0.008352564219393788,0.0682442621762323,0.0002839713823920009,0.01454579801661604,-0.007261116753969177,0.013095059881009452,-0.005816142234361887,0.0,0.0,0.017870851411266653,0.008016556976933653,-0.005247310473675437,-0.0021612585676674123,-0.00010020243892250313,0.0,-0.003206101591315902,0.02187459646895712,0.0,0.009875707610163542,0.017893438600023015,-0.00022630978029142268,0.024687908174976902,0.0,0.009841413060626192,0.01386490904424914,0.016171349804650847,0.009940573187945834,-0.006975392566835492,0.013292860023477793,0.0046885265879862414,0.016130891258090863,0.011633151545149878,0.013123513012241184,0.003484770601274778,0.012516202035603496
0.028867831948716227,0.01729464643186468,0.01373215810518802,0.0,0.013594390620737418,0.014552956297415265,0.018328221833106895,0.009385623137477261,0.035850787232804826,-0.0025808911102252474,1.1034708498947055e-05,0.004275968083634063,0.014179704869228371,0.0,0.01099063957587415,0.0,0.009129556060780919,0.019902851837554858,-0.0007249531951490362,-0.002502718264399517,0.02004157883911606,0.015241850488417363,0.009804869189908638,0.019278059609554143,0.016984905987948773,0.018566035500043876,0.009086144918526162,0.004851316619704948,0.0013022427643601397,0.007864688778567885,0.0053043546427078425,0.004585771956648221,0.0009242584587814684,-0.0035047056951464373,-0.004838969839298435,0.0015064790069823641,0.005244500914950989,0.0006746972720032551,0.00786802165163164,0.02071468560481332,0.0013871426630584494,0.0067332798710856845,-0.013376466602520787,0.0,0.0,0.01700460991381275,0.005162084903285624,0.0,0.0,0.0,-0.015286838290486271,-0.005376971467272451,0.01337113659090794,0.0,0.011420933400930977,0.0,-0.011616522774661353,0.010360761815673747,0.0,0.016086337783466187,0.012218376793204588,-0.002719740879367105,0.0021889444423636717,0.0,0.012739824781965225,0.011247841816319215,0.012219868968276426,-0.023153819838829526,0.002443631357563425,0.007774066913891375,-0.0008584992242967049,0.017305508467975295,0.0122328582614592,0.010766447629867115,-0.00011999174494381482,0.0075652665059645074
-0.02132802231379788,-0.005224106874797019,-0.019374889595704825,-0.0001627719685407536,-0.013657944409083522,-0.011036887557914377,-0.011727127543271654,0.008224409114772513,0.002959163392712849,0.01017578279037501,-0.010750340849130346,-0.0077062940575287064,-0.005812307559255048,0.0,0.011424264801452033,0.009129556060780919,0.0,-0.00915399725966276,-0.006512580256806677,0.024708619510706298,0.00588968757292474,0.022813690156539612,0.007482700782719953,-0.006637144272805706,-0.009193482229071737,-0.020754610968086173,0.001345996394175708,0.0008871976274553717,0.008835782028854933,0.0011033698775000933,0.0014669579089117146,-0.012776052781016956,-0.009540449071154533,-0.016932870365333752,-0.018913261251051028,-0.012073200632447989,-0.006920025568078025,-0.004074054529484894,-0.01378653093297344,-0.006696365581903341,-0.01622626358074164,8.180163520526973e-05,0.0,0.0,-0.0007361945385773172,-0.01032346533914058,0.008702986567392434,0.0,0.0,1.6653345369377348e-16,-0.0001324775606474926,-0.0001315249842654409,0.0,0.0,0.002971025039705366,0.0002334215408776319,0.0004398642558496868,0.00031524037664082405,0.0,0.0,0.0018633521705121447,-0.007321214402829901,-0.010372670362477632,0.0,-0.00018674968103393752,-5.551115123125783e-17,0.014176743436147388,0.0012082402171156303,0.014483553184805376,0.0006241643736012437,0.0014495242580488399,0.0,0.004020016464709786,0.0058997088131382824,0.0,-0.026846762156949144
0.013271802203372318,0.018120489599421474,-0.014179661959798306,0.0,-0.00043441364477248,0.019063870702057673,0.019613540982770628,0.0036805452509254266,0.014684479005207307,0.007229461285492456,-0.01809732044109147,0.0027717203194761453,0.015914391703160835,0.0,0.024133505817135026,0.019902851837554858,-0.00915399725966276,0.0,0.02087973707353713,0.014681384125625918,0.012019666611656377,0.022300056662182932,0.008087591085404855,0.006185006043991137,0.009441603797128939,-0.0014663213273861109,0.01592353485265341,0.011844534696451359,0.014592585119654056,0.034371673587549445,0.009248720188530402,0.0007239625328547827,-0.01312878720796451,-0.010661284950116479,-0.013395385352677924,-0.03005040326134245,0.0,-0.0018206741270455074,0.002124642633594853,-0.0041766663201866505,-0.018258331199058897,-0.010152314610173518,5.551115123125783e-17,0.0,-0.015037579001130064,0.010762112361197784,0.003868479583396922,0.0,0.0,0.0,0.012403301215487383,-0.0001235155309138869,-0.003990440200352108,0.0,0.0012066616283018528,0.0,0.005343825264997382,0.00950125899584675,0.0,-0.010187685287333104,0.005824988592299629,-0.006785431864034741,-0.010031936217564708,0.0,0.011074932440243546,0.007737198086951669,0.007309044720162139,0.014267461423748629,0.013511721391341158,-0.0065988728156680665,-0.006240050062289559,0.03926789001552944,0.01110830347753744,0.014797877152489536,0.0,-0.009884879532894686
0.0,0.013613859036079534,-0.05144534882420718,-0.0020355773417233824,0.0033550151137932693,-0.007811090088853667,-0.004489953514984546,-0.022761289104201277,-0.048264373039485164,0.0006947745769874114,-0.04399868255429348,-0.03193434804648493,0.0049279720637703806,-0.02828915566230905,0.0,-0.0007249531951490362,-0.006512580256806677,0.02087973707353713,0.0,0.007830461104060216,0.01293654939983413,0.00253781991729507,-0.0581795835397505,-0.04511126436312851,-0.012004403835803756,-0.01197520477066305,-0.023979906576122867,0.0006501825666033745,0.05211767738364731,0.013180522682564089,0.006325981244415135,0.013500737040682054,-0.015046588446467224,-0.0035896763802254483,-0.009129003606314579,0.002505962946848017,0.002203942606125442,-0.000325256283033426,0.009889818496859437,-0.009853419511084704,-0.015029391764048383,-0.0011566462392041954,-0.0650310644255277,5.551115123125783e-17,-1.6653345369377348e-16,0.0,5.551115123125783e-17,-0.12584144174256068,0.0,-0.026999949366034337,-0.01834626267854711,-0.0158202121077593,-0.020564383345950787,-0.03062866683835952,0.0003959517523977052,-0.15969313940490332,0.0008463847965096694,-0.01621662585062622,-0.050164587304548036,-4.049727384097812e-05,0.0,0.0,0.0,-0.0968433688570694,0.0023066390360826916,0.0,0.006108059011930456,-0.015059395286937893,0.0,0.0,-0.0019102550637786764,-0.006047141270851264,-0.01631864459076987,0.035517058270223,0.0011619263285329584,0.004666322391541855
0.015737977300761596,0.015890747854814924,0.0014512430617569239,-0.01886093496969049,0.028929848746966857,0.01747207491039765,0.012652729028100496,-0.005525104668305636,0.029570961464451984,-0.0012631479113323074,-5.071407223750102e-05,-0.045027221386400695,0.007531234514084273,0.0027776048473957538,-0.006590985193741239,-0.002502718264399517,0.024708619510706298,0.014681384125625918,0.007830461104060216,0.0,0.006157066380852727,0.01349603533291771,0.006809276753113269,0.025824958271986886,0.016654443291750365,0.008204440093798171,0.005454511425666164,0.009741814745424682,0.02053361667182224,0.026078280261492726,0.012321057696553672,0.015098663709146698,3.874409376031229e-05,-0.002183737765214133,-0.0058023214940236545,0.043035749040015614,0.021407573985845918,-0.01441908872021358,0.01563399576729535,0.022075375370221917,0.018327328092273,0.013326623294388273,0.07190465262901025,0.0005734748868880812,-0.0032488560313110315,0.0022282577376005475,0.013487962204925097,-0.0016098449314688734,0.0,-0.005535760464666584,0.01967063854788048,0.013577955609051784,0.0013895595707332786,0.0009571021354763398,0.0015518256368545202,-0.022960956062165028,0.0016778018421070295,0.014132873968583592,0.0,0.00564004572249871,0.012658890697486158,-0.0035111134930650434,0.019020480757359737,-0.008744673481663578,0.013438153574447276,0.01760627558301997,0.015687121208996957,0.015895101676464407,-0.001548280049434081,0.013963206021420094,-5.1076876689371e-05,0.02253363031017791,0.01296154820783657,0.017396375816662146,0.011037037099296043,0.017844673164072455
0.006413446394623434,0.01941990780448749,-0.012488169672265625,0.00016190214702871408,0.019398854845571134,0.02097114309524012,0.01033536524884554,0.005930178121483609,0.072621734611371,-0.007118263734407271,0.006342881557762747,0.007446067654453936,0.014241462786420023,-0.0077363808997603645,-0.0008091380325354058,0.02004157883911606,0.00588968757292474,0.012019666611656377,0.01293654939983413,0.006157066380852727,0.0,0.026217157872454877,0.0193392871079483,0.0046877914358803285,-0.0019415770901398677,0.011326480630980018,-0.0007919513866499472,0.009195195901133435,0.012230958131287384,0.015542342240057627,0.021675806197896774,0.02172516071998204,-0.007437547719751525,0.005540495629301756,0.008734222749999132,0.04258730598420862,0.014317579049874685,0.0011955819512582955,0.02425891377358963,0.006318431026112736,0.024271656109245476,0.029294009038081548,-0.0071202987102828574,0.0,-0.00035478981763253925,0.03593179958405718,0.016561269415329538,0.0008302114663772953,0.0,-0.00015906057083936442,0.02590940561815519,0.0029801601307409276,0.040650617573310566,0.0076294417624842015,-5.8734937777304985e-05,0.0,0.002266563670831223,0.006269196235972774,0.0,0.012732436388410207,0.013342489356942655,0.0,-0.011293884047846647,0.0,0.014177705945251473,0.04361865133152232,0.0271730492341673,0.029684925804490336,0.032470142456167084,0.011757245807633043,0.0035093020646237427,0.04805832731879944,0.027315502818634763,0.03735509983384416,0.03751664606421917,0.038561466137410405
0.031749559550290574,0.01679509592172418,-0.001078937991653206,0.021576118396518962,0.029711768473202504,0.016498507092418346,0.020429665906268712,0.0018979538078610636,0.025055232636170044,-0.0025658525569908774,0.002162104272430798,-0.01893638962265165,0.016625755041696944,-0.002653917440664344,-0.020669496926316144,0.015241850488417363,0.022813690156539612,0.022300056662182932,0.00253781991729507,0.01349603533291771,0.026217157872454877,0.0,0.015125914326025391,0.0019122112719209272,0.025438335496955344,0.02046309197073959,0.010537314840769307,0.0007747273168223212,0.006388726927710198,0.0020573600264627845,0.01619717100665935,0.01790187954831035,0.013007909041568011,-0.0018155021042923214,0.002119574878737651,0.03022817656711707,0.017600378640148184,-0.08046365277025946,0.019097927227311295,0.022589443263366926,0.025239187683183284,0.02344685015068787,0.07277887705475256,0.0,0.012732528580734315,0.007102708074945507,0.023661128989514446,-6.75488208856656e-05,0.0,-0.00043867212714659987,0.02358761854041691,0.012054229621407009,-0.004250471032717529,0.0011449112168654407,-0.01548879350117488,0.0,0.02196235506306793,0.015639342361890185,0.0,0.015188438260705817,0.0163269349767996,0.017861220314897508,0.0087115557668766,-1.1102230246251565e-16,0.01357087082807601,0.017971291550067547,0.02295812622882709,0.01723603551093905,0.002635060048646165,0.014530992121439712,0.008948049185184437,0.02031184043437506,0.020885655074919796,0.01860625055297066,0.02139745334808324,0.022303876765586594
-0.006324682500629175,0.007985385924380528,-0.009149954256478465,0.012097089671803007,-0.005719749698590071,0.0075643174844042815,0.005399797352244329,0.027225720291910616,0.004552220482124836,0.006510648405225139,-0.029474335409157615,-0.0034682703835183792,0.004279066415151633,-0.004146717570762959,0.008444833403291274,0.009804869189908638,0.007482700782719953,0.008087591085404855,-0.0581795835397505,0.006809276753113269,0.0193392871079483,0.015125914326025391,0.0,0.01819885687393724,0.0020252167593952097,0.011276181983271572,-0.0034761050748534084,0.009651226932298362,0.011522975021394266,0.02260889344630468,0.020619130675156472,0.017182589945680393,0.014340812722242191,0.00829957468723408,-0.0028242343804391057,0.025706871795116826,0.023458228709783646,0.0018910255697562883,0.018070675672070324,0.025009081009311873,0.02346931675903441,0.016527893170009578,0.005948889094992416,0.005724214411085615,0.00580656334719859,-0.00876216432552196,0.0005590983872271194,0.005539885626721697,-4.9523584679245225e-05,0.020144066112983583,0.013954269064134217,0.008318136091632566,0.007171832551690294,0.0008047040902935398,-0.0009715116239635835,-0.009412464498963602,-0.014541228821453922,0.0097592767656004,-0.04566699454383388,0.008994940068183688,0.003296884528865507,0.00043689030567228837,0.018874669304461245,0.022873625571864453,0.012653647005794355,0.02330817581692851,0.00025689734134837217,0.022043535044084628,-0.0019161731313518393,0.0008568859191483424,-0.009476783858920479,0.012311810966305847,0.011441693123738439,0.016823845033030804,0.016417407256435812,0.024957375229898382
0.004181361222333313,0.02051611971631867,-0.016165989873847708,0.012799588272584539,0.008947168931226268,-0.0123682499630835,-0.00520065175552159,0.011210382919668804,-0.024035399846563055,0.013077650781540273,-0.0025625197528568178,0.017354658486086583,0.010803535882276394,-0.03346674473161715,0.03330962381207081,0.019278059609554143,-0.006637144272805706,0.006185006043991137,-0.04511126436312851,0.025824958271986886,0.0046877914358803285,0.0019122112719209272,0.01819885687393724,0.0,0.01884174098214836,0.018957011072573804,0.014143035169815188,-0.022631888588090898,0.020602518184166252,-0.014219197784738957,0.015039403451761413,-0.020619757338822875,-0.004678795674265379,-0.018099080536419954,-0.020753562670904113,-0.013830957292167045,0.004786314982729578,-0.01920575174279382,-0.06355476337163524,0.0028677282054535014,0.01772611236092686,-0.021144811063823987,0.00786722267496559,-0.002997020244119797,0.03014111014868298,-0.03333051050373265,-0.0074867248097303385,0.00010622967415568896,0.0,0.0,0.010656177990276017,-0.006543944595056195,9.876560875771156e-05,0.0017070552047262488,0.013145726901868993,-0.00048155996947490953,0.0022232274406484565,0.004122135403381411,0.0,0.022512875620865125,0.011053234079542451,-0.00160533946306618,-0.006181584388263495,0.0,0.0015442778469640372,0.0027676060967052885,-0.017577269526077133,-0.004743941171469146,0.0335482591384908,-0.006203113437765195,-0.0043458971583514305,-0.011679013144160755,-0.048318375800491364,-0.005117574277201775,0.0,0.0023401626383252605
0.02327126818057612,0.01770387025133885,-0.003101311019888253,0.0,0.015719178076111895,0.0249319331062704,0.02614435131660775,-0.011214388094399452,0.02630846207271892,0.009350671356657458,-0.012949000104526709,0.004106916729822385,0.024587195092619862,-8.688559270958462e-05,0.020780437368617122,0.016984905987948773,-0.009193482229071737,0.009441603797128939,-0.012004403835803756,0.016654443291750365,-0.0019415770901398677,0.025438335496955344,0.0020252167593952097,0.01884174098214836,0.0,0.011271346724604503,0.02103681100410726,0.009437630019718923,0.02082029828201859,0.02332094160381859,-0.00011428128416274275,0.009315989576475725,-0.003195191664522423,-0.009561612772016559,-0.001264524043385784,-0.018201403812043937,-0.00033170472142957097,0.002691219136953804,-0.0009650946588782849,0.008455841073644443,-0.008871093397080532,-0.012504602373716478,-0.00031175872136735006,0.0,0.0033153532311078204,0.018974073276633363,0.005177641789437026,0.0,0.0,0.0,0.014650355852241614,0.004917128092856549,0.018097745440822988,-0.00010479876060159876,0.00018410385417505504,0.0,0.0003724580877225159,0.004221590891688776,0.0,0.02467344913723507,0.006051664132415091,-0.006546594977335007,-0.009517811859261704,0.0,0.022404702733176796,0.007509819138080853,0.009591763482843685,0.004876015924191457,0.00973332434468721,-0.005621537951926769,-0.003112350498486516,0.020306264356931836,0.016644799863254067,0.017286251645563022,0.0,-0.0030793318673481007
0.032384921220854235,0.03558464461173244,0.00040972357005197857,0.001574772110945255,0.02890482220305768,0.03162773911686573,0.03714769684029462,-0.002174715210890077,0.04458803799463368,0.009662965877640206,-0.008075763676841485,-0.01244064172746373,0.0314676024583847,0.0006443780625202122,-0.016525674780589972,0.018566035500043876,-0.020754610968086173,-0.0014663213273861109,-0.01197520477066305,0.008204440093798171,0.011326480630980018,0.02046309197073959,0.011276181983271572,0.018957011072573804,0.011271346724604503,0.0,0.018067910839170254,0.01653285920059011,0.021023915867759535,0.029085058430037114,0.02274021361093037,0.014399929216152962,0.010693509606761353,0.013154865669902704,0.01555666440433906,0.0650523105775368,0.02810586747415339,-0.010904484640080814,0.004927793794557878,0.014333152238780122,0.004680959823066877,0.002531394036758894,0.0828998565672806,0.0,0.013335098684198354,0.02039006344380745,0.0048111812579429425,-0.0003884787993120309,0.0,0.00035173358931811505,0.01940579937189696,0.0002643700931735937,-0.0033710017526614733,0.0006185906012813325,-0.003650265383592144,-0.00010763481184838941,-0.009512599570100089,0.004408595576355145,0.0,0.00928761039955428,0.003977723879976192,-0.0131163388979188,-0.011139399138728356,-5.551115123125783e-17,0.02580191844210461,0.01130457660178974,0.017337770542055764,0.008451334258203269,0.00512744201758264,-0.0039466567374358275,-0.0006134951126984256,0.01291388458627929,0.014946520322361101,0.019202052980658968,-0.00011515797034367115,0.003917358265716875
