0.0,0.022247817226280775,0.01274827561547126,0.0,-6.503722681916457e-05,-0.0017478524493004244,0.012269196433349616,0.01569990485438255,-0.004753316446231004,0.042223790171091014,0.0005524733372871404,0.044890639576332714,0.01664028119908917,-0.007195753470093713,0.02875083759563718,0.028254515427456994,0.03563380844346048,0.028028925035896657,0.0,0.010084802759446732,0.03527211315699025,0.019219470303265596,0.03415095371572241,0.05366903745478846,0.03105589880133719,0.03565421714144429,0.026699638786838287,0.02035344758961971,0.015351553000527152,-0.04903919432746645,0.018938184337878305,0.0034712767955353274,0.02187624300858898,0.016780651913648192,0.01345498803735068,0.054807341247203545,0.0,0.017212356004288887,0.010452290262566,-0.01081162881726222,0.0034315342470668253,0.05721266764252736,0.0,0.0,0.012485221478066855,0.027304426060414277,0.03144391281388054,0.0,0.0,0.0,0.005956355229690846,0.0,0.0026962979853857316,0.0,0.05634775914203488,0.0,0.02528560087825177,0.0058802418905679055,0.0,0.0222841633215492,0.02081359097181512,0.03219575051630669,0.028784875797249476,0.0,0.0065308155019267455,0.0016045725397781374,0.014011879516043768,-0.0009104698463660021,0.05371269022345665,0.027816138930427003,0.028359961971049397,-0.009283716103453687,0.00013751048758586792,0.017344983876003528,0.0,0.028999617148489365
0.022247817226280775,0.0,0.016959791038959893,0.0,0.023945928844907316,0.030944263358940904,0.03485872781242699,0.004882015348166624,0.034232209043009054,0.015367990386506714,-0.00031655782373307684,0.024330500674796918,0.034742594553191786,0.0,0.021077435132156208,0.024792616396918266,0.04159204752651979,0.040460559458903644,0.03861183351521197,0.029899029604543326,0.013867045649653131,0.003583398114368863,0.01825472045879628,0.020962317103633665,0.03765613470605028,0.03086065947977845,0.02464896279244394,0.01458463788711123,0.03833887178450435,0.0014739102877966426,0.018027860794909922,-0.0047645235532707275,0.04721370921119766,0.015200142457171273,0.016136680363573686,-0.0840382507755687,0.006139292089447856,0.0005873550175951037,-0.0015357520986662432,0.013761512934707398,0.0029599402140149667,0.003523509341969877,-0.0048956152225833605,0.0,-1.952645426156474e-05,0.02347155405332313,0.0034319447736582687,-0.004040829921904965,0.0,-5.551115123125783e-17,0.013696602839104288,0.005881170172367223,0.0021671182004797673,-0.004012633837379209,0.01638060579415368,0.0,0.001982830691804549,0.02082868555463846,0.0,0.010393465746926511,0.012338736996456934,0.006762952705940906,0.01936839296524223,0.0,0.008891044759076372,0.028962170338272142,0.0033085558010491622,0.00310948091025659,0.01981055794259179,0.01414536243923259,0.011131618969407175,0.015094013697353748,0.02786838653695284,0.016395904004028294,0.029062246879737352,0.007512688117308319
0.01274827561547126,0.016959791038959893,0.0,0.009637904626784655,-0.009823048899543163,0.0009534771272871057,0.017116225444345767,0.011427144015303425,0.0025185415739192307,0.005037626917063498,0.008547467335450587,0.05152388089234761,0.015611486778568329,0.00324756277882976,0.022802800812469992,0.018938668476597253,-0.0014985465626962124,0.010823336310329779,0.00999203398170101,-0.005083050524001709,0.07726551473548943,-0.00388038314178768,-0.036963268643640135,0.006915588696529362,-0.03127961100538701,-0.014257498312542582,0.030149210482256272,0.00507198167653955,0.009219843241086989,-0.016843200167836414,-1.791759632396861e-05,-0.016678795593735363,-0.014962270203687233,0.0039062046864117295,0.002598465669621519,-0.008976423196748962,0.02665061747474129,0.011679176734261276,0.006345478316607589,-0.04084036917746753,0.0038184554068898535,0.00646232091196719,-0.00892532513805172,0.004065848715816611,-0.00014855085821474656,0.0,-0.05003219448843915,-0.04861743603086416,8.470175284680526e-05,-0.00862992632760462,0.0051740089023861735,-0.006422306814667489,0.0021461473453342483,0.002281015699604705,0.009099973578955867,0.020720692900910664,0.000834510478876227,-0.0231901415045368,-0.012253472014156108,0.01646035565243864,-0.00014853128459563214,0.0,0.0,0.10752950943625189,0.0185002054026695,-0.0013148459725438322,-0.02287522201567571,-0.00457491932350218,0.0,0.0,-0.015395037879507523,0.0053055158802328695,-0.016228416314763794,-0.004111510498723547,0.0048433461728786265,-0.0011276948266826237
0.0,0.0,0.009637904626784655,0.0,0.053644238870042715,0.014062173049593563,0.047474345071613744,0.017049411326774344,0.02736061658641681,0.0015098631540677032,0.04698296231909982,0.021859532054727737,0.04987286990943435,0.010727289939042262,0.007019749655867158,0.0,5.411376820974034e-06,0.0,0.05969124050704511,-0.0016139887537522934,-0.0005107462753207725,0.005708199305463735,0.01594197892592203,0.008129864864253267,0.0,-0.0008403783784702856,-4.935912170722645e-05,0.054206899187222324,-0.01555072038212657,-6.006048475548642e-05,0.01833450100737921,-0.018853035542408192,0.08907943705483035,0.06619819579243952,-0.04940054369451319,-0.007669496271032028,-0.006319549531728391,0.0003784815838606126,-0.0002878947309476465,0.0,0.00023371537367650186,0.0,-0.0005069636268847932,0.0,0.0,0.0,0.0,-1.6742955660065117e-05,0.0,0.0,-1.6512416877334513e-05,0.0,0.0,3.9197415093283894e-05,0.0,4.012825843646706e-05,0.0,-2.9507826504016066e-05,0.0,0.0,0.0,0.0,0.0,0.0,0.0,0.0,0.0,0.01265221980829856,0.0,0.0,0.0,-0.001629605948516688,3.842032159734332e-05,0.0001511119970386554,0.0,0.0
-6.503722681916457e-05,0.023945928844907316,-0.009823048899543163,0.053644238870042715,0.0,0.011100045138159875,0.02791373630273558,0.01106275109253807,0.01769029094528346,0.02087913187569429,0.01939787572855861,0.023183443672917026,0.03920111458662806,0.04210147064702424,0.013399613928255227,0.021247085003243904,-0.0030569905641698036,-0.01199889558582401,0.030519733232171442,0.023903923766636748,0.009416606656227289,0.014746847802101892,0.025070277864881307,-0.0011411941493936206,0.011346194362861106,0.003475941205958899,0.016098941808637468,0.07046488899391362,0.022942077361421065,0.023540790967771508,0.021625362152053407,0.03698338862033185,0.005545841705137944,0.012283627662499352,0.014299244933429267,0.06206638740088649,0.15838895910545903,0.018449786482555963,-0.009586602963426671,-0.012002207352470262,-0.06323769653486461,-0.023700798416370017,-0.025863919856420836,4.1212868122864066e-05,0.01856350067485668,0.0,-0.01223385421842016,0.012253002341219621,0.0,0.005537524455653364,0.014876848983949031,0.010721983904273813,0.00418135068028519,0.009216139827403658,-0.0008223082779884039,0.009009004537058607,0.010565317774843652,0.012221272034043329,-0.04437742234541098,0.001297246062450963,-0.000155333371899935,0.0,0.0,0.0030173093198145873,0.012974905979416529,0.0,-0.011586936057896235,0.013017756219892651,0.0,-0.000255818141852604,-0.012276568974712965,0.009546203687739507,0.01807590470884357,0.007983757281145254,-0.001564977207424989,-0.007157665964555471
-0.0017478524493004244,0.030944263358940904,0.0009534771272871057,0.014062173049593563,0.011100045138159875,0.0,0.018626832612269772,0.02579241767107715,0.006931093591516169,0.0032923020010792725,0.018080330807832612,0.008112129750475261,0.017796406209570403,-0.0053073199108121805,-0.0023548663251785062,0.033588473645248085,0.018918340515200693,0.04047798540697539,0.018787640635395564,0.031256727570992904,0.011582516410337196,0.025305859736775627,0.027577147914219502,-0.04512103231257725,0.03835662155568509,0.01535313536118249,0.018103926295241823,0.024533715975267878,0.022985561056475312,0.009470500461895959,0.021523324370431363,-0.00320474138460497,0.016633861766668034,0.010393254791082662,0.010941607659391728,-0.007490148097214655,0.020304885687508545,0.016223639956094715,0.03227593976091764,-0.011044716638429097,0.021841488967680678,0.010136601886313379,0.009203820502708626,0.02587996815328225,0.013750736905776717,0.01648341928223218,-0.0011710025178882089,0.009548092643570372,0.0,0.00865431419234819,0.017532747831389917,0.005195466132062121,0.015050166480823524,0.0026259921897836547,0.01346644383831952,-0.0025753796616651004,0.01003892953058133,0.011420730992648509,-0.020149559299421083,0.004488967543183231,0.0006871342740930042,5.551115123125783e-17,0.047161770872709396,0.009876876317689298,0.010069141389872416,0.010356260189728073,-0.0015347044477218574,0.009845759383813601,0.0,0.02253617090854282,0.0045366102260401275,0.016573928196881416,0.019560423809584004,0.0281755410266617,0.01506344390716341,0.009233155343491006
0.012269196433349616,0.03485872781242699,0.017116225444345767,0.047474345071613744,0.02791373630273558,0.018626832612269772,0.0,0.004520902085103029,0.018834683264382868,0.029351899226795763,0.022396389394800875,0.03351976505675636,0.01799781515152865,0.04517181638829626,0.013491010266037717,0.039703616008829434,0.041471139124385215,0.04842926152669247,0.026282915803189866,0.03195683911156755,0.008489227517115505,0.02971272760617899,0.02303375778679906,0.01849374853585045,0.04555332478886687,0.026173137516925293,0.016313880289727467,0.0662812233423854,0.030315376298570673,0.028708616500052075,0.038610477054972725,0.029918533984724216,0.026433132876117815,0.0290230826142322,0.038573776679576954,0.008975080510014943,0.059833313722857495,0.03229584184694834,0.004769913556310068,-0.014050148689780662,-0.005576588487377299,0.0030960198309821774,0.008618412790300845,0.0011031397264556486,0.005752525054384727,0.0002481665684734291,0.0007753928096798091,0.006326425332531471,0.0,-0.007826290883519271,0.013930895777265029,0.007204098038183004,0.006928138140515516,-0.0004829093511650173,0.010017982642500145,-0.004258805290587475,0.019485209054774855,0.009207974147806275,0.019720798333518863,0.009470430948252617,0.00024205148101169582,1.1102230246251565e-16,-0.00014637130561528933,-0.013271671459907597,0.02031318253535891,0.02046630495117241,0.01673227871420896,0.005157310348684496,0.017593624497169835,0.0385476452059047,0.014790146156270279,0.00917938984175981,0.01344828673269216,0.017561367303782882,0.014910488800386812,0.006881182281644804
0.01569990485438255,0.004882015348166624,0.011427144015303425,0.017049411326774344,0.01106275109253807,0.02579241767107715,0.004520902085103029,0.0,0.007251739006889468,-0.0017769310309794228,0.029446581376765313,0.04623227033087596,0.007208178628450246,0.032212486548459096,-0.005389615086730304,0.011563547934469065,0.00883711601674797,-0.0034339842030690626,0.03225216492375749,0.011899295396843368,-0.005148158696302363,0.013926539915267544,0.01997551361548222,0.012907577278376436,-0.006252593963886277,0.008573352405042978,0.01567625116686827,0.0014873808014333467,0.025438216990933904,-0.0006111708108753611,0.0011379017167150174,-0.003449303298715012,-0.024430440168820677,-0.0019355023899250146,-0.008120127309976799,-0.02504122617480037,0.08958671428962278,-0.03566887474581931,0.004559804221870856,0.021392722547797116,-0.0010716089615937507,-0.017532570779388634,0.0006412688181217652,-3.8283087573920405e-06,0.0002820457077196137,-0.03367375004077483,0.015867160736148245,0.006525452660672948,0.0,-0.023662702819920056,0.018611004810023313,-0.010587652817534488,0.045723054836518284,0.00538538059221183,0.002957297173228235,0.009871186166563573,-1.1102230246251565e-16,0.012995683219365783,-0.022082212185648264,-0.0002985642917157638,0.01586611588602399,0.0,1.375301875072843e-05,-0.0066806916277951656,-0.0058064409004269235,0.03779638770305127,0.00385393424070285,-0.007135531179866872,-0.00024233355246899846,0.021269878420778043,0.006083465268835853,0.002019376788386984,0.020419748562800932,0.01903116660235349,0.005445106381203713,0.0003923530359596361
-0.004753316446231004,0.034232209043009054,0.0025185415739192307,0.02736061658641681,0.01769029094528346,0.006931093591516169,0.018834683264382868,0.007251739006889468,0.0,0.011439820568142911,0.00831461405002537,0.024281763205707074,0.0006137053686699478,-0.0054988639053541455,0.007461911299082968,0.043536846519592165,-0.009989174067908724,0.010191111601617342,-0.0037631836624419934,0.0381711690524118,0.012427418048476746,0.03291186274632957,0.025346588506970302,0.00266082774142834,0.01306193405014705,0.005062258037988376,0.018287259906655695,0.02066262350724335,0.03157215310334577,0.02075841688641189,0.016512022695715722,0.008417305931772201,0.008706485949887821,0.01653606943311886,0.016562422084372308,0.0009125444272577998,0.03673704974138087,0.015450295921798973,-0.019851691613565092,-0.034906123745645334,0.011945696153329521,-0.024783673330092293,-0.013476812842391939,0.014949658424773415,-0.05568908023620217,0.0,0.0019297781920733503,0.015693959526687062,0.0034153225798781994,-0.00810032892766499,0.006406397385325668,-0.007215733001132318,0.003056088230376508,0.004047656749446071,-0.006788091071714353,0.008951366643224934,0.006807180089748344,-0.006345369642800636,-0.01173995825673868,-0.0008774178567207969,-0.0010392637399435078,5.551115123125783e-17,0.0,-0.0005852356596012243,0.0038595827728050147,0.01056238909094187,-0.009317359349859666,-0.0020990672683504075,-0.0013845942196131222,0.0060588823288753035,-0.0026767001975800397,-0.0008700781982876604,-0.002473245352141551,0.0072153267162297086,-0.016851378173475262,-0.008847637580926437
0.042223790171091014,0.015367990386506714,0.005037626917063498,0.0015098631540677032,0.02087913187569429,0.0032923020010792725,0.029351899226795763,-0.0017769310309794228,0.011439820568142911,0.0,0.006371962777756979,0.009241872855947575,0.02084231620617777,0.07730257276563335,0.013317750821081775,0.015295016283801699,0.006436070530736193,0.0019616022302758607,0.011982168886185418,-0.0025617398871093378,0.02237417432222094,-0.011586243694426068,0.016978374692721676,0.0052245218038023955,0.023895298058000114,0.02889881648631365,0.0012119951275892382,0.022447522917951324,0.011003608087162997,-0.0013654313878287971,0.015445927382833236,0.0008912471153465495,0.008238432193898138,-0.0024049300788566152,-0.023410336514663732,0.054922974455964946,0.024397964111134263,0.01882960884201046,-0.03072183403979073,0.011314960303750898,-0.00978326496539439,-0.06101890634505547,-0.03835600991607763,0.0022277790146787435,0.005115093641471724,0.03971376469331983,0.023033440394466642,0.013477969121720501,-1.1102230246251565e-16,1.6653345369377348e-16,0.009079671301585046,-0.008756593497192044,-0.0011948876581610035,0.012426282318724446,0.020979056450586342,-0.005769338534515667,0.03954191814374175,-0.0032217340173140707,0.0,-0.0006728432559211517,0.011544530181673784,0.011077855048746366,-0.0012101310996111003,-6.055506818591905e-06,0.008177626266767546,7.6516606105137e-05,0.016324389648894544,0.006850431880096819,0.02047549245167435,0.009897510967070644,0.017801744846432987,0.005545722821725607,-0.0005691756620304633,-0.0005431237228256669,-1.1102230246251565e-16,0.011547268792695298
0.0005524733372871404,-0.00031655782373307684,0.008547467335450587,0.04698296231909982,0.01939787572855861,0.018080330807832612,0.022396389394800875,0.029446581376765313,0.00831461405002537,0.006371962777756979,0.0,0.014856078480804003,0.016800817619097574,0.036201513325638146,0.0,-4.548343048804693e-06,0.00441955560665741,-0.0005364018685250493,-0.005998596758196528,2.0903587799492307e-05,0.013493911091559674,0.008516179671883839,0.022174326863532323,0.006240432507728877,0.0013868777410653843,-0.009899015523431809,-0.0025233742042853335,0.020645914955830125,0.02114905201531242,0.004859703339424037,0.004780831878584024,0.005624806303946295,-0.0005359675784363249,0.0016245937904603158,0.01446522822649221,-0.01943003639758606,0.09506256397029839,0.005794806907359229,-0.07765571224491497,-0.11012446251360009,-0.11935910346642531,0.0042853965914050884,-0.031851720615161394,0.0003583533625720059,-0.1310612852009128,0.0,5.551115123125783e-17,-0.01142509960391952,-3.668609196311179e-05,0.0016009312953673138,0.007834035495010272,-0.027429142863741818,0.01427061770847532,0.017697794047099036,0.015176802484985374,0.04889401334940241,0.0013377837092089506,-0.02439587209594396,-0.020573578283859972,-0.0002074349058173719,0.0,0.0,0.0,0.06702627298845681,-0.05014311538011862,0.0,-0.029639247104211508,0.0014165904321066236,0.0,0.0,-0.004811471967043901,0.0046411702497038965,-0.022458165720593504,-0.02178625860190453,0.0006858757261931081,-0.0033234051634031814
0.044890639576332714,0.024330500674796918,0.05152388089234761,0.021859532054727737,0.023183443672917026,0.008112129750475261,0.03351976505675636,0.04623227033087596,0.024281763205707074,0.009241872855947575,0.014856078480804003,0.0,0.021384198485855543,0.018676685642726676,0.0019244297987656145,0.027357572021103393,0.004006464096164064,0.015094207181552133,0.016341848830535688,0.086912690170105,0.03333033671308194,0.007844091985547308,0.0265537872382004,-0.002973946954230755,0.009206453633920086,0.02745052413424276,0.010928821793638466,0.020728069179832276,0.0008450866830782555,0.004081309871788341,0.013038490890120047,0.0013011249183011997,-0.007370961646172236,0.02321718905447495,-0.02054954153420857,-0.01703465732604359,0.016782572373448157,0.003522087058973944,-0.024391829577032287,-0.0016108991682307061,-0.022494150806757485,-0.031382471591610506,-0.05039794024506172,0.0021550278264183265,0.04166188728511955,0.01372935592267538,0.010632159436498423,-0.000758657423986342,0.0,0.0004008178784759009,-0.004741057887785949,-0.006159261026994711,0.0,-0.004527825552501086,0.015208779553533835,0.010769388762291776,0.028895803911434204,-0.0037208693158276573,0.0,0.006442867277200004,0.017586512119058262,0.0007346646878649832,0.0024607437795284293,0.0,-0.0032084956493471095,4.6260304708500843e-05,0.014278681596703202,-0.01613216280107438,0.011953056163578057,0.007705456364991203,0.015526923023864603,0.053479846312416146,-0.003108753817506693,-0.002577166956293231,0.0,0.013009501179438221
0.01664028119908917,0.034742594553191786,0.015611486778568329,0.04987286990943435,0.03920111458662806,0.017796406209570403,0.01799781515152865,0.007208178628450246,0.0006137053686699478,0.02084231620617777,0.016800817619097574,0.021384198485855543,0.0,0.03730934918649831,0.0034288173078572126,0.030208827791067983,0.03463067439493556,0.04283652712239905,0.025271138853222574,0.02898209829216236,0.007950694188066265,0.02453071868283413,0.019213695071688464,0.0029039876700866496,0.04145183056467916,0.02550671926669784,0.012134727023292657,0.03367919801092756,0.0238195133555138,0.009372076205450719,0.028343597896120565,0.015149894633056937,0.017615293814825572,0.013644965599252656,0.02804869980746838,0.0038888839682815757,0.056054058010930274,0.018985839251339398,-0.0061288739141237,-0.037395682669610575,-0.024287578372886365,-0.007332309255869474,0.014839916722983237,-0.008439361298978432,-0.0034689817888940433,0.04521616308517162,-0.0009373313661119598,-0.002538351614341794,0.0,-0.0025128824685926032,0.010687407079132849,0.004674961559038571,0.00493821138773709,-0.0010014546510735967,0.007091451997756404,-0.00016802154650175094,-0.0029091140613453637,0.00600769330648987,0.02102541311853906,0.013266358181659832,0.015508401870819366,-0.0020610492811480863,0.026277088041911756,-0.020030024880193564,0.014567450375408686,0.019743981942273336,0.01197522939746748,0.0055306249038756805,-0.0027587116547531654,0.025875236257325518,0.012311245820640304,0.00804188146403384,0.013308071142696165,0.014364233894808343,0.0024407306586451405,0.005184725417198499
-0.007195753470093713,0.0,0.00324756277882976,0.010727289939042262,0.04210147064702424,-0.0053073199108121805,0.04517181638829626,0.032212486548459096,-0.0054988639053541455,0.07730257276563335,0.036201513325638146,0.018676685642726676,0.03730934918649831,0.0,0.0029109322975118257,0.0,0.0,0.0,0.008066181383379445,-0.003793017340568583,0.005847242051022494,0.001893908076498363,0.021312221996282243,0.028286852792139328,3.5812951624414335e-05,0.00414899025022647,0.0045244168036648325,0.05089195624996673,0.02108667655433638,0.0002606679068747897,0.02157571773633382,0.0018526610576658498,-0.04602866181153742,-0.009224665219682682,0.03865737734477409,-0.00280847137726406,-0.007643310164948791,0.10106055694268612,-0.012757522930456233,0.0,0.0018203673691520872,0.0,-0.11430486789359373,0.0,0.0,0.0,0.0,-0.038654014318668495,0.0,-0.01049759240921172,-0.0033114120487044985,-0.002738848162378127,0.011873621991436378,-0.05627022817854854,0.0,0.008791823239525043,0.0008370592309780989,0.009041511686994075,-0.00318551481737539,-5.551115123125783e-17,0.0,0.0,0.0,-0.0008397043919408098,-0.0013570912443758854,0.0,0.0,-0.023749155248179277,-0.00013347641380273556,0.0,0.0,-0.025378422925435906,0.010614801562301546,0.0027122133860306152,0.0,-5.551115123125783e-17
0.02875083759563718,0.021077435132156208,0.022802800812469992,0.007019749655867158,0.013399613928255227,-0.0023548663251785062,0.013491010266037717,-0.005389615086730304,0.007461911299082968,0.013317750821081775,0.0,0.0019244297987656145,0.0034288173078572126,0.0029109322975118257,0.0,0.01149679417900662,0.004011168648258123,0.027936330479415905,0.0,0.005434237443307011,0.023013693821889114,-0.006156671129483704,-0.03598234830976438,0.03628211896324146,0.019686852990523085,-0.0026466547823754127,0.017549269558441716,0.0003858105998169603,0.0171535525762902,-0.0027743470429670847,0.006339100008745102,-0.0026529055971625803,0.011141351293096124,0.0008773752327470019,0.0006328781065109146,0.0008003429650399463,0.03207422254060943,0.004862666375424485,0.006951753239058445,0.026742534816919128,0.012327219893897401,0.008088030568288995,0.050770376608871515,9.924967417729302e-05,-0.009841056845745988,0.009448031020275582,0.020100914065338815,0.009154007626450966,0.0,0.0,0.011928399319414085,0.0020768815299647136,0.022007161294745725,0.015774498030171225,0.00014036817045065542,0.0,0.007006428310622592,0.00938412650080056,0.0,0.016045922525007583,0.009518741463046987,0.0006002962608818163,0.037074289412593775,0.0,0.0169092348774329,0.023695170781000807,0.013742375391906037,0.0020105142228113992,-0.007777896121986649,0.023703271507499568,0.013128426510456204,0.013097267196865936,0.017090341972549883,0.014269481925483829,0.00044177160647790314,0.02080247273896657
0.028254515427456994,0.024792616396918266,0.018938668476597253,0.0,0.021247085003243904,0.033588473645248085,0.039703616008829434,0.011563547934469065,0.043536846519592165,0.015295016283801699,-4.548343048804693e-06,0.027357572021103393,0.030208827791067983,0.0,0.01149679417900662,0.0,0.023685291438890088,0.02018440196312654,0.0015533532594262933,-0.002120896262855443,0.020006830715327217,-0.0060537858035599745,0.01883644847253435,0.03610459653934894,0.023154664203802244,0.026999996420662975,0.022996708527873,0.02445232944952569,0.005934314035813515,0.0041321940898783605,0.02425457200807357,-0.003038838502577079,0.013048872025381741,6.351839727669617e-05,0.009732096504917687,-0.00019278998661220736,0.0032628168754100795,-0.005065809129622234,0.01611326132699875,0.016037151383907267,0.01080244314072698,0.006899540812075333,0.004418862941650781,0.0,0.0,0.02231766996202872,0.022393944992825154,0.0,0.0,0.0,0.02095326275378273,0.006127666188600778,0.0025280467154690234,0.0,0.021499064576807447,0.0,0.04419895174549876,0.061670293992439396,0.0,0.01882361117901521,0.020315622694456803,0.013397484840125151,0.018292010624296362,0.0,0.01509217281015618,0.02757974005044056,0.021397692043131578,0.018449098353266358,0.04923824850338415,0.01739069232614332,0.017164979877825115,0.024624062500327226,0.023537883916090907,0.02719607637482191,0.00023938395170219895,0.01953644949695693
0.03563380844346048,0.04159204752651979,-0.0014985465626962124,5.411376820974034e-06,-0.0030569905641698036,0.018918340515200693,0.041471139124385215,0.00883711601674797,-0.009989174067908724,0.006436070530736193,0.00441955560665741,0.004006464096164064,0.03463067439493556,0.0,0.004011168648258123,0.023685291438890088,0.0,0.005123308646218128,0.015013839254329808,0.012334632417987823,0.0064529916787020025,0.0011718260066742592,0.031242214035216098,0.033183564148922984,0.011614994655432975,0.00622577918721412,0.035520154717158525,0.013944772763163693,0.016553665540382567,0.007017123399415848,0.002741340190365704,-0.008670574555485144,-0.009038237808347005,-0.002801201048003632,0.005386387391458913,0.020355248035896112,0.008304037448085999,0.037440939723135724,0.012485110247328568,0.01742939787048614,0.012785762313769045,-0.006139783978829805,0.0,0.0,0.025673186017080796,0.02001027621869572,0.03605934750828893,0.0,0.0,1.6653345369377348e-16,0.0004666390192129555,5.421264621680022e-05,0.0,0.0,0.025477310639964834,-9.621289434619262e-05,0.04340679957139282,0.0047087236678040045,0.0,0.0,0.013811479835719453,0.012801186788040098,0.0024585901531147814,0.0,0.00022653669364569584,-5.551115123125783e-17,0.037475410690365085,-0.001098264554634798,0.02359781016354695,0.01683212515580329,0.018040508895333374,0.0,0.007272872210966674,0.009113774022674437,0.0,0.009790129103248613
0.028028925035896657,0.040460559458903644,0.010823336310329779,0.0,-0.01199889558582401,0.04047798540697539,0.04842926152669247,-0.0034339842030690626,0.010191111601617342,0.0019616022302758607,-0.0005364018685250493,0.015094207181552133,0.04283652712239905,0.0,0.027936330479415905,0.02018440196312654,0.005123308646218128,0.0,0.010217103827238228,0.02977429089619471,0.026420872457959932,0.014533887189380368,0.027523477623104475,0.037730765424908275,0.013079853823817988,0.03329960455811837,0.035203976468263065,0.026171199428421887,0.028988454755734805,0.02231694067308798,0.012132047449239403,0.005197922190767923,-0.009259026003910598,-0.002524472317993298,0.020727934821611227,-0.012625319928199874,0.0,0.008717663840651313,0.007201011945834168,0.010844962646804845,0.004505398735425492,0.001368175627714241,5.551115123125783e-17,0.0,0.005310139682018156,0.02321229224131982,0.022161540597235685,0.0,0.0,0.0,0.019780594122097706,5.091126843387306e-05,0.010745608401178164,0.0,0.021078137705220046,0.0,0.04069447320361008,-0.003761444064383168,0.0,0.026271406066397107,0.013713947524977177,0.01020953568781785,0.010654972409082752,0.0,0.028285546863696553,0.01585493747097999,0.029106953852825912,0.014179421095373956,0.017819794899287145,0.01532447043989238,0.012664487722668705,0.036088322707578224,0.05125092761669503,0.036632162103369115,0.0,0.009448401210862323
0.0,0.03861183351521197,0.00999203398170101,0.05969124050704511,0.030519733232171442,0.018787640635395564,0.026282915803189866,0.03225216492375749,-0.0037631836624419934,0.011982168886185418,-0.005998596758196528,0.016341848830535688,0.025271138853222574,0.008066181383379445,0.0,0.0015533532594262933,0.015013839254329808,0.010217103827238228,0.0,0.02766076201688944,0.008219237841648797,0.005672274364597996,-0.030748056660979517,0.03103282298945287,-0.00856722909795432,-0.005857167842845623,0.01200232932371581,0.021606507427823607,0.0018143514550794104,0.010859770826483262,0.01276297826991557,0.010938976002009548,-0.011786676031341814,0.012838759826151791,0.009403807456407398,0.0009404150357391616,0.045947124214608615,0.00679952966777958,-0.028965617328052806,-0.06406429376515799,-0.006977853379517396,0.014824616150597936,-0.018945221250097843,5.551115123125783e-17,-1.6653345369377348e-16,0.0,5.551115123125783e-17,-0.02243825940902705,0.0,-0.004415908682107728,0.007005133881019643,-0.013617044491141539,0.01590001166120547,0.00026769193483811016,-0.0012852736360337014,0.07900229012765303,-0.00034886724976801453,-0.01851118363523019,-0.02706967891752704,0.0007904410956162122,0.0,0.0,0.0,-0.0036749635773143385,0.007148793919497243,0.0,0.0042062188473884765,-0.0017126452835465322,0.0,0.0,-0.00991898279180159,-0.000984797916973812,-0.0057201916168123645,-0.02313805721187373,-0.0015692582722158788,-0.005823803103718439
0.010084802759446732,0.029899029604543326,-0.005083050524001709,-0.0016139887537522934,0.023903923766636748,0.031256727570992904,0.03195683911156755,0.011899295396843368,0.0381711690524118,-0.0025617398871093378,2.0903587799492307e-05,0.086912690170105,0.02898209829216236,-0.003793017340568583,0.005434237443307011,-0.002120896262855443,0.012334632417987823,0.02977429089619471,0.02766076201688944,0.0,0.00523987536492504,0.022582973751684998,0.007304887045629815,0.02922800547936455,0.037071194383360984,0.020286936149772505,0.040148631689766845,0.014920457522283104,0.025505877148358502,-0.0027758264639827224,0.01979839959154861,-0.0012892616010518054,0.025888748107223913,0.0010217661062227323,0.0011959533283471546,-0.03305002713481775,0.0061475383735066225,0.010241584664438697,0.0151618089332346,0.021507535791350507,0.012845742484771883,0.003026050710418726,0.05083072309537062,-0.0005529406486023958,-0.009166350388760791,0.039291522726417394,0.0192520108785878,-0.0014884626113906285,0.0,-0.0020429084056249325,0.028801640339032097,0.00778462679682812,0.006945449585950558,0.004137017334226334,0.0029651056219429095,0.008650454172774436,0.0016767207999915934,0.01650147722426648,0.0,0.007238715913772176,0.012568016679170624,0.012785493723836971,0.0253331375814157,0.006667476810425288,0.011124538214096036,0.023596250329260493,0.013549719475848043,0.005277115047050973,0.0026563072589071424,0.025704092608271945,0.01576219655548866,0.015800616761724395,0.02072516519825235,0.01889226118233167,0.010578673191856236,0.016719002934065474
0.03527211315699025,0.013867045649653131,0.07726551473548943,-0.0005107462753207725,0.009416606656227289,0.011582516410337196,0.008489227517115505,-0.005148158696302363,0.012427418048476746,0.02237417432222094,0.013493911091559674,0.03333033671308194,0.007950694188066265,0.005847242051022494,0.023013693821889114,0.020006830715327217,0.0064529916787020025,0.026420872457959932,0.008219237841648797,0.00523987536492504,0.0,0.016744643667911674,0.0226430179835177,0.044664004541986324,0.014198028917439431,0.031424953892101704,0.02039238330987403,-0.0016669906329959128,0.018371146966942475,-0.0005478212384123493,0.013640365377429853,-0.0014536417419586112,0.024939401180204213,0.007727079395572267,0.007830850279195334,-0.007157617067685029,0.006827320599372966,0.05073072478792323,0.009634905600975796,0.007593591806212885,0.014864589411697993,0.016424241860929722,0.0025683700988406444,0.0,0.0009167946275041583,0.05482426421858433,0.021225572596863085,-0.0003422008431570589,0.0,6.556240627675347e-05,0.04916701551332592,0.01909793881287769,0.04276334986375335,0.010408026414872262,2.420966951705017e-05,0.0,-0.005081088441344583,0.028119052336440076,0.0,0.022660444688191173,0.023289067403963137,0.0,0.0036419954374848906,0.0,0.016489716012132005,0.07361597153219424,0.017491129106582237,0.007457241668257841,-0.017567075817935485,0.019222192231896862,0.024611217407079833,0.01648108011388305,0.0313629511225022,0.02043724875889713,0.006234496281476987,0.04385486951514295
0.019219470303265596,0.003583398114368863,-0.00388038314178768,0.005708199305463735,0.014746847802101892,0.025305859736775627,0.02971272760617899,0.013926539915267544,0.03291186274632957,-0.011586243694426068,0.008516179671883839,0.007844091985547308,0.02453071868283413,0.001893908076498363,-0.006156671129483704,-0.0060537858035599745,0.0011718260066742592,0.014533887189380368,0.005672274364597996,0.022582973751684998,0.016744643667911674,0.0,-0.009207804470839243,0.06161809913022448,0.017723538910413783,0.017220105361665128,0.021853310808280124,0.014975549090702811,0.020522294992875445,0.0003099908290334352,0.020548441824026542,-0.008888840894204886,0.029298326647915318,0.003667437259561035,0.0025492224199079594,-0.024394433440760088,-0.002872341273844281,0.01759838865359653,0.0011305523056573397,0.01959483409799795,0.009113631293086455,0.004768769491185099,0.0661169632501904,0.0,0.005612159177817266,0.028358633045327764,0.011223782346069189,0.017417130818530135,0.0,0.0007058207903978819,0.015326041379731925,0.010095880034508342,0.025427507775830027,-0.016793193538467255,0.029507774680284704,0.0,0.013692314796982352,0.017630884420771542,0.0,0.006998440774380499,0.011657041847561389,0.008297051694927116,0.0232814490183762,-1.1102230246251565e-16,0.012608092727169395,0.018259057315715532,0.013478984482571621,0.000164046997777334,0.006692973547748005,0.018806102677620895,0.008885499030746202,0.01578935862426878,0.024917724527596607,0.01969144628742503,-0.00017441939514367677,0.01871094004172147
0.03415095371572241,0.01825472045879628,-0.036963268643640135,0.01594197892592203,0.025070277864881307,0.027577147914219502,0.02303375778679906,0.01997551361548222,0.025346588506970302,0.016978374692721676,0.022174326863532323,0.0265537872382004,0.019213695071688464,0.021312221996282243,-0.03598234830976438,0.01883644847253435,0.031242214035216098,0.027523477623104475,-0.030748056660979517,0.007304887045629815,0.0226430179835177,-0.009207804470839243,0.0,0.031888241299035114,0.025538552556262195,0.014465210286345898,0.019863291974809738,0.011977496537526278,0.02654277987908843,0.006345858454625097,0.01593344678691605,8.072881813048216e-05,0.012600570413690337,0.008633745841021112,-0.00031071663453730025,-0.012867759173627424,0.030484601257258104,0.0004816941316322376,0.01250956782838819,0.008481557303912646,0.014862381194716168,0.005475429221846739,0.016627506823171267,-0.006376210934193549,0.010221131582831833,0.018045676458872673,0.0014677359461034434,-0.11268501808474768,2.041288649906603e-05,0.006673763020482282,0.023799946332695332,0.009942033572046927,0.02081356367613013,0.013430523256234284,-0.004952836515784154,-0.036461328240403934,0.025663688607156065,0.01616580412929547,-0.024162144630844706,0.006912368952885439,0.0067708182592445265,0.006953715901955149,0.020654406321578667,0.018968070343640675,0.0091603796739545,0.023054369043607248,0.008344225502352864,0.012014344982020475,0.004874712230224121,0.02473683112371683,0.013414676634511014,0.01616826184447362,0.01946266981673961,0.01972474597789775,0.01037452225979496,0.014978649549885148
0.05366903745478846,0.020962317103633665,0.006915588696529362,0.008129864864253267,-0.0011411941493936206,-0.04512103231257725,0.01849374853585045,0.012907577278376436,0.00266082774142834,0.0052245218038023955,0.006240432507728877,-0.002973946954230755,0.0029039876700866496,0.028286852792139328,0.03628211896324146,0.03610459653934894,0.033183564148922984,0.037730765424908275,0.03103282298945287,0.02922800547936455,0.044664004541986324,0.06161809913022448,0.031888241299035114,0.0,0.04515912952416884,0.017749479992397066,0.03966064037054806,-0.008668739294695416,0.02802132979889932,0.020295461168066353,0.014722786940048194,-0.0029571497496752586,-0.001788464476834506,-0.008684609555066891,-0.02561257290326102,-0.03372911741463913,0.012323724904598488,-0.02371387025783178,-0.04338374109743792,-0.05138805583375955,-0.021819263753719065,-0.035091376802687146,0.009754928814701358,0.05684331482533184,0.001318456201451712,0.04924993996175048,0.03479426652344325,-4.3786294861458686e-05,0.0,0.0,0.004167227959514852,-0.00714318417924531,-0.0004407050319675254,-0.002046902782316673,0.028445519237674743,0.0001984918713588968,0.05058888181840049,-0.022685965121105156,0.0,-0.005273771489055723,0.020601736385915448,0.00018715028619170626,0.014139825727967126,0.0,0.00690359646238653,0.010031954530939025,0.016166053598793417,0.02541914111924881,0.020400215234393893,0.011219858124516868,0.01664922648736883,0.0030062106085768092,-0.058741993429494876,0.021528888558045634,0.0,0.009767472846879566
0.03105589880133719,0.03765613470605028,-0.03127961100538701,0.0,0.011346194362861106,0.03835662155568509,0.04555332478886687,-0.006252593963886277,0.01306193405014705,0.023895298058000114,0.0013868777410653843,0.009206453633920086,0.04145183056467916,3.5812951624414335e-05,0.019686852990523085,0.023154664203802244,0.011614994655432975,0.013079853823817988,-0.00856722909795432,0.037071194383360984,0.014198028917439431,0.017723538910413783,0.025538552556262195,0.04515912952416884,0.0,0.03357618198243151,0.028741461236068355,0.024312872319041334,0.03817649770710968,0.0262610348405784,0.01363891478393564,0.001553678202363351,0.004395090972335314,-0.002365093773721183,0.013224236388846844,-0.018319807887147876,0.0008206886285600512,0.010984963881480903,0.014485650061232758,0.01394313244601536,0.007506157656799739,0.00040569047841026995,0.0010035703924642925,0.0,0.035275580124470074,0.02941789440929754,0.015094654135321128,0.0,0.0,0.0,-0.0041329098567639555,0.016701674366600416,0.02055976937393722,4.319649353462518e-05,0.024112450621630033,0.0,0.04337336755365495,0.016029564869035173,0.0,0.02437422391770866,0.013866517903148412,0.013168771300526572,0.01371795346299226,0.0,0.021986836025674084,0.033205383246309284,0.022910045176225136,0.015231962795473397,-0.002124911294481724,0.016614745374857243,0.015721064849472777,0.02703196944117886,0.031166362126326175,0.02767545183358655,0.0,0.0066976732973593744
0.03565421714144429,0.03086065947977845,-0.014257498312542582,-0.0008403783784702856,0.003475941205958899,0.01535313536118249,0.026173137516925293,0.008573352405042978,0.005062258037988376,0.02889881648631365,-0.009899015523431809,0.02745052413424276,0.02550671926669784,0.00414899025022647,-0.0026466547823754127,0.026999996420662975,0.00622577918721412,0.03329960455811837,-0.005857167842845623,0.020286936149772505,0.031424953892101704,0.017220105361665128,0.014465210286345898,0.017749479992397066,0.03357618198243151,0.0,0.009586439133841995,0.007849939379333037,0.026333383094645335,-0.0020054457863428188,0.017364233165309606,-1.7250310774208355e-05,0.004551790812026446,0.0022193682290645445,0.009328308509685024,0.014399663176454636,0.011375357864432167,0.006075037234307523,0.010084993796765918,0.009082161343620332,0.006608095946981363,0.0030074760153099844,-0.06434749876830226,0.0,0.029445669742867164,0.02791157851872289,0.021067189401536235,0.005592896927635482,0.0,-0.00014497936454227478,0.017944956143898516,0.01549462034861121,0.02756013280106412,-0.005256870990748674,0.02169397009033508,4.4365471761231845e-05,0.03697195000286141,0.012956755683567467,0.0,0.01888833266635892,0.01577417806531123,0.00991547924354913,0.017246312170512867,-5.551115123125783e-17,0.017098209840423095,0.039624395517970146,0.01130055305358546,0.0022027138889609277,0.004503654066298546,0.018315210264626625,0.01946831776748581,0.017793853790788128,0.021928611701643286,0.024842931122962097,4.7466406022989016e-05,0.01036250589217641
0.026699638786838287,0.02464896279244394,0.030149210482256272,-4.935912170722645e-05,0.016098941808637468,0.018103926295241823,0.016313880289727467,0.01567625116686827,0.018287259906655695,0.0012119951275892382,-0.0025233742042853335,0.010928821793638466,0.012134727023292657,0.0045244168036648325,0.017549269558441716,0.022996708527873,0.035520154717158525,0.035203976468263065,0.01200232932371581,0.040148631689766845,0.02039238330987403,0.021853310808280124,0.019863291974809738,0.03966064037054806,0.028741461236068355,0.009586439133841995,0.0,0.00722183288533268,0.03180979128355288,-0.0009760665015214887,0.01376977804034163,-0.008459651196306595,0.008369785617689252,0.002916536901270972,-0.0045091620977311675,0.004371259771855762,0.01031579268876609,0.002013448319563571,0.013512186966353756,-0.019704066375911322,0.012470800831021034,0.008984126172813633,0.019815953700159872,0.015828172630099557,0.010108754141021581,0.0407178618189879,0.010178549728303121,-0.0025192975618033575,-1.6653345369377348e-16,0.005563060521842966,0.018003901599474514,0.006687298677666598,0.010353026880821015,0.003768663459515653,-0.00180389317679569,0.003917997654401706,0.02562173524948419,0.01298593013320204,-0.04707985547372606,0.004625388694805221,0.005720237369699066,-0.0024852285098327376,0.03797515250238409,0.00790004216989959,0.008664791393870941,0.016649083548005428,0.008137204512796925,0.013849589725380307,0.012883714151877279,0.019698761152875277,0.010413362598229392,0.01410322670349462,0.017832304987567382,0.018960320476676784,0.009594316957212468,0.01652643078612437
