0.0,0.007922855956688124,0.036672609509208254,0.0,0.017354178125064734,0.03133100365998537,0.018270403983140393,0.050377951204995775,0.04307395858277335,0.0124855978218264,0.0002463077251665391,0.0012649723888074615,0.009838890457298577,0.04045114555290308,0.04960556265692834,0.0009983552430123388,-0.021672701038089826,0.0068936973586423145,0.0,0.018181404039873672,0.050976814025008976,0.008355820227027855,0.031723151624115487,0.02475910010638338,-0.0018600307732455912,0.009531253421127095,0.03172466661609047,-0.012630961821884779,0.016860870080555812,0.02789732453635152,-0.006627523273515901,-0.026464151025277993,-0.02358411258321419,-0.0038643703625789727,0.0068254026193873,0.04154944268326799,0.0,0.012212324910725936,0.007971148949271034,-0.008804331991090597,0.011190645743277383,-0.01101498947515167,0.0,0.0,0.0015433735331463194,0.07115162886616971,0.02223225293534281,0.0,0.0,0.0,0.06110374950048131,0.0,0.06168685532255991,0.0,0.03237187499332317,0.0,0.03363485976957503,0.04172607308032217,0.0,0.014918734349162133,0.021605975714820314,0.008014997027277593,0.022405337199081832,0.0,0.01814701878330638,-0.043715151365442684,0.02352458204020408,0.049280277513989945,0.035133775504851306,0.026844710958942974,0.031864532664882095,0.0010951555259526846,0.0007681131268645336,0.053429257309664246,0.0,0.0014319718687703098
0.007922855956688124,0.0,0.04715525472030657,0.0,0.05020183836263037,0.039128580677473546,0.050777957375604144,0.05778665482680034,0.04287239884198951,-0.001610620460813006,-0.0012110543799132567,0.004113440586101247,0.04405433233180983,0.0,0.03162387349279172,0.02119741163940464,0.013282314263394712,0.022180556767146142,0.0139967315727485,0.018930016747242095,0.03409777736036812,0.018364574600935213,0.044793308357568395,-0.001115717478264333,-0.0013528319054809668,0.027751169004987475,0.032521136391407135,0.05273369074837775,0.03378186459924437,0.041861029843342557,0.0013162778446891288,-0.0156420473190646,0.0073543603145079794,0.00177110399679703,0.00593564965261506,0.0804044718727317,0.0028925025398006676,-0.0002519265979801788,0.007549181789419157,0.002861642072517656,0.020345270802436644,0.014678997494890544,0.024872198232799347,0.0,-0.00010907186864678176,0.03650687948708242,0.020728722789592813,0.006380215379238885,0.0,-5.551115123125783e-17,0.036970852000021315,0.04074857131418497,0.043971671866895934,0.015069357924840543,0.009142403803783283,0.0,0.005585624620075558,0.036486416118242326,0.0,0.02906036169476023,0.015554853102433708,0.025458608862969523,0.011764791747514713,0.0,0.035383779097285184,0.03649516096232397,0.029519194940616833,0.03200847409087232,0.012615637419869208,0.013331106978763996,0.02047051428614788,0.02451734596509897,0.02474839235039572,0.02597435233377876,-0.005760834930852166,0.022162416835758147
0.036672609509208254,0.04715525472030657,0.0,0.011362465999881943,0.037816409173099474,0.021153529029122153,0.04297642053429129,-0.024582944562419606,0.02358607727583034,0.02601040529556775,-0.0005997731567446984,0.003965919087576375,0.04738672942505939,0.04182385542684958,0.042112112670221635,0.016141069001871622,0.021974465045022373,0.010327258396322925,0.01959318129460269,0.03491012514179359,0.021642893112029604,0.038639577384876445,0.010945489540572562,0.03948511581315528,0.011766977567241599,0.04212842125254451,0.030220111787790105,0.038180936256136055,0.013184428175088692,0.03589577980202263,0.037148415553044156,0.019351651696497663,0.006445081990936019,0.02920601258834754,0.014616951632954511,0.044784531145039774,0.01964453777029085,0.02276439668271374,-0.03286790268498235,0.0023189101366925535,0.011518661286099907,-0.0012970571941580689,-0.009403011993846189,-0.0009941811529026734,-0.00013444218069436076,0.0,0.02419804339642434,0.05052900713893377,0.0004731313907208601,0.01792901827620419,0.009859347245633754,0.01786830861941968,-0.008036780575952474,0.03543698401968265,0.010462089476467873,0.06281226112106969,0.00909886264608939,0.02656788428661938,-0.000705574710364143,0.02801065677970932,-0.0008296736594486376,0.0,0.0,-0.03124549721605574,0.0384161118158905,0.000864061689404727,0.02549440743629877,0.021428417673711952,0.0,0.0,0.026931881336616947,0.01896714954790557,0.032949975337474346,0.02972251869951037,0.031494186311082806,0.018102326179636474
0.0,0.0,0.011362465999881943,0.0,0.03697132037470657,0.021505158728865104,0.03655982834246413,0.023296701418994537,0.05476210207586513,-0.0819246212024459,0.021517489810383927,0.18386654179473338,0.02834554975749992,0.01802069694102043,0.0004845805194378938,0.0,0.0005176454217737936,0.0,0.07200166241345735,0.03070966990424262,0.0006557537032666483,0.010839245674318154,0.02672003009048246,0.0026845959811057085,0.0,-0.0031826774393378665,0.03210192567371295,0.018142737066803416,0.01094546492470011,-0.00033548893292767445,-0.030339375844195493,0.006455982126511939,0.03959325288522353,0.011649633539869197,-0.004582285066918768,-0.032235057633337116,0.034216042913095046,0.17403130936919498,-0.001608137138324861,0.0,0.0013054993086174527,0.0,0.0003966488400014012,0.0,0.0,0.0,0.0,-9.352365954712338e-05,0.0,0.0,-9.223590420126548e-05,0.0,0.0,0.00021895092949569817,0.0,0.0002241504819332496,0.0,0.004126144625348993,0.0,0.0,0.0,0.0,0.0,0.0,0.0,0.0,0.0,-0.003643203138464668,0.0,0.0,0.0,-0.0002820755088942528,0.00021461020083202165,0.0008440891352344826,0.0,0.0
0.017354178125064734,0.05020183836263037,0.037816409173099474,0.03697132037470657,0.0,0.03778791444305768,0.000547721385485922,0.04679941155754713,0.03462128667055281,0.020398385054161416,0.035507234240545305,0.0144222631382937,0.03216513858078901,0.02938038871861981,0.07324057590310129,0.014320732519092993,-0.011668439115886331,0.006388854396997601,0.05615618384938725,0.04073031713602682,0.03468369972832602,0.03004521098310059,0.04056144493704489,0.04167742980202077,0.015705488749922336,0.047797663535391055,0.03805114094492135,0.062299506702989726,0.03656766432356928,0.019279253572480837,0.027046987086718044,0.025163231967499422,0.029397045108550346,0.016925343208732124,0.026044825943489336,0.020582923143429743,-0.03435245835426726,0.03353662744502711,-0.025015756792555188,0.0013287621630101443,0.0007547883298949509,0.037903416773397036,-0.025480170237985544,0.00023020895028941224,0.0015628705570217005,0.0,0.02647448968408811,0.012697990071681264,0.0,-0.010771226551880009,0.012332365058680295,0.018545933363849576,0.013375054508460604,-0.0010303480796188813,0.001542755195983736,0.037243431472483046,0.009524867051453556,0.02901678453551859,-0.025364601058547487,0.027006340021214215,-0.0008676691072158071,0.0,0.0,0.01751439903230978,0.041315478983620035,0.0,0.038583552388101294,0.021744006044048247,0.0,0.00011325243756882264,0.05135164052950103,0.025609705999712018,0.02951246644802108,0.03564439101367567,0.011221959888957578,0.033187590937527656
0.03133100365998537,0.039128580677473546,0.021153529029122153,0.021505158728865104,0.03778791444305768,0.0,0.050753768871026284,0.039111468683508344,-0.0014624534926889199,0.019721388308804322,0.017910535068197397,0.023062846865787523,0.030036561928522165,0.04642025686680451,0.04253123763713157,0.02676902874048387,0.029544580321344494,0.029897476009785706,0.021431188337585116,0.01958213340015219,0.0402148099697327,0.026382345027777976,0.03510176153855116,0.010045185107876942,0.04212244003746862,0.04324045488712641,0.02557262881599426,0.03119881240771588,0.017156853303608777,0.014075061003327005,0.018663707557520504,0.008709405908382983,0.01579915687041933,0.02008175381276961,0.02092452178801646,0.03452853113431137,0.020390542633832165,0.009220122323920887,-0.0007184853466563057,0.005068427835045575,0.018352453285548465,0.012898044674084064,0.0010368931905941348,0.01709438080675796,0.006136601713882195,0.041475059672325953,0.02776445973733227,0.012617630480389996,0.0,0.00822672422680315,0.012021040938892114,0.007730113290882801,0.012705107306654528,-0.004679696303736769,-0.01278851078199933,0.006406866934684063,-0.004779887056934828,0.02161311100175889,-0.024806863626532116,0.03700078471608975,0.02531664401926903,5.551115123125783e-17,0.009398491869886394,0.01051319374819304,0.040220960548829066,0.034994202228700755,0.030628248176755468,0.021984630003968775,0.0,0.02225486145893768,0.03157465311619101,0.021353063466735933,0.03215087405941153,0.027071779600937596,0.030169188384974288,0.028971085848449984
0.018270403983140393,0.050777957375604144,0.04297642053429129,0.03655982834246413,0.000547721385485922,0.050753768871026284,0.0,0.05362077247300551,0.042664311308847847,0.028627664494706995,0.020084907077499714,0.033946714312924564,0.003947620790567097,0.030155034692756044,0.04989532167650412,0.033612064835990496,0.020407775922307414,0.04051973881809856,0.0502143336034252,0.037889575910427686,0.02954726990790163,0.03359336818574732,0.03484624634615119,0.027302439340342655,0.03922689142997976,0.03915139751591623,0.041209844747428115,0.010246441834089792,0.040918779059744725,0.02732191993776162,0.01293753861447644,0.02230390960536449,0.046808743129107766,0.011555426005942837,0.011103676273182095,0.012816950964469775,-0.05602149127259537,0.044400079046494234,-0.028318336793405674,0.04396869442820944,-0.01525312027111353,-0.04039540499104044,-0.002545489793058908,0.00019441428051197862,0.056781251776726716,0.011235150668405747,0.024171759894541345,0.028023195567186243,0.0,0.033725303904858395,0.02749761703381104,0.027135124439307323,0.02857155553507784,0.009498141189569709,0.001114172429607263,0.03800558955765587,-0.006927076054296766,0.013278105386287598,-0.10997723407259274,0.03197996471059317,0.017416025948252034,1.1102230246251565e-16,-0.0008176083381947197,0.02650882140720623,0.03238017655232711,0.021382903611162407,0.029311027624912833,0.03246850246110111,0.016042295921371852,0.018227453198554455,0.028030555738551177,0.034487005670980175,0.02694854255519208,0.02802884131800909,0.02590667927850554,0.034077637049418574
0.050377951204995775,0.05778665482680034,-0.024582944562419606,0.023296701418994537,0.04679941155754713,0.039111468683508344,0.05362077247300551,0.0,0.017759505455372582,0.04652106184808069,0.0417599662825644,0.012082476126528074,0.04495778925599375,0.036263818474244924,0.03738796434136127,0.039319341457138446,0.0045618755643278,0.026495152735128813,0.021800137764507288,0.03576403453977933,0.062683793034228,0.019505723144137344,0.0256925820777556,0.023699598623557194,0.024009338779932332,0.016469777396915852,0.02646644705724549,0.013712004609234107,0.023015141106651926,0.01906901472178152,0.02511500492332086,-0.03585261280755586,-0.06079289818345496,0.025203561455862333,0.09594425132984152,0.022950308610411807,0.1465394120150067,0.027301411708887613,-0.04736023644486276,-0.0006084961086366691,0.021301704765882,0.020454295331166827,-0.059200167739264786,-2.1384363199428158e-05,-2.200015714548531e-06,0.0010412376149941949,0.016213360653841047,0.012982974946713632,0.0,-0.07312243892165954,0.022311223178208606,0.01940601668995312,-0.059922357218475886,-0.007168982059715168,0.011234569347816192,-0.022131176159713495,-1.1102230246251565e-16,0.033454420693430964,-0.03597804735461285,0.05297642485861209,0.016065517952185027,0.0,-1.0657040580175359e-05,0.018779462729575536,0.053669348070474965,0.026900343004729543,0.038800373391776666,0.025443402654279856,0.002185827521869188,0.03065068939767579,0.03403841180791217,0.021988019558753846,0.035603176183287844,0.02806470204392525,0.039426353884312815,0.04908969010606673
0.04307395858277335,0.04287239884198951,0.02358607727583034,0.05476210207586513,0.03462128667055281,-0.0014624534926889199,0.042664311308847847,0.017759505455372582,0.0,0.03144234011485186,0.05195865221119966,0.03236254868810495,0.04352034684462608,0.023216675229641326,0.060452924497551574,0.026615677178215114,0.032012534068456056,0.028650807003867518,0.04484220975109404,0.03204373917163922,0.04152383599599968,0.034515073806016816,0.04689716444186365,0.02426767660945084,0.036746897999066386,0.04818923327746821,0.013106226210121585,0.03915515060154273,0.043578175928288665,0.03579193956625948,0.03859261025968158,0.027867855437802513,0.015049362218806761,0.028767579789134523,0.02917106269518277,0.028263570317090536,0.032678120418848045,0.040186025020674365,-0.05266885796844817,0.0459817014996714,-0.007988072976271354,0.02410429714843909,-0.0303490225637289,-0.0027164153358362753,0.05397579461696039,0.0,0.06097180604417857,-0.02426409858147982,0.0034455810965872136,0.02023575624125129,-0.004660447240556365,0.001227562892645917,-0.016413802145305523,-0.011379304860681394,0.03041469492501614,0.028037684019180498,0.034392338279959356,0.011029836784414715,-0.021626833557975234,0.04146222250414172,0.02932858540831179,5.551115123125783e-17,0.0,-0.015141011093081524,0.03645555650538884,0.03147106653931947,0.03626092427181982,0.005196665237250486,-0.00017048609151620875,0.0017471420296961693,0.05235090704430889,0.0003737542999785459,0.015780729809986682,0.022375255355957857,0.028105296087433174,0.013686258600235313
0.0124855978218264,-0.001610620460813006,0.02601040529556775,-0.0819246212024459,0.020398385054161416,0.019721388308804322,0.028627664494706995,0.04652106184808069,0.03144234011485186,0.0,0.01897604110955098,-0.0010972611241729657,0.014429064038956607,-0.005694495339828187,0.003404886429591747,0.012761038783336898,0.005604696948347254,0.0020323117678226477,0.030104471921879428,0.016215612672797364,0.015733696161486288,0.00294285091691876,0.03714396848298268,0.01682475541177275,-0.0032698332176815947,-0.025617366516732798,0.01524012100234956,0.011060422472626119,0.04096733203645814,-0.0187985450018478,0.008800986526007415,-0.010596924375306793,-0.012588964724256524,0.007589192616197227,0.04192634209631513,-0.00827258159343175,0.010425855679713825,-0.00016919031770284976,-0.03584835050034957,-0.03505244373776478,-0.022085300706945588,0.03596405332169261,0.02448854318406618,-0.0016776733911597619,-0.04498923498057972,-0.028427460066387022,0.006535492601947301,0.015373766620407459,-1.1102230246251565e-16,1.6653345369377348e-16,0.016198241241166422,-0.00803530316647294,0.00013384296485319247,0.008240403947962105,-0.0289136683616803,0.02182179274106366,-0.008956811354930316,-0.029693621313763685,0.0,0.0012349668131620417,0.013481917301578938,-0.011902254026716963,-0.01308548052629982,-3.3825160238587504e-05,0.010183202015307147,0.00042741037868659904,0.02415717395202588,0.028317605209907448,-0.009954719284165414,-0.014273509757833147,-0.017446536962878567,0.03277640005524429,0.0015734387954645102,0.013922163720703262,-1.1102230246251565e-16,-0.03220225621011441
0.0002463077251665391,-0.0012110543799132567,-0.0005997731567446984,0.021517489810383927,0.035507234240545305,0.017910535068197397,0.020084907077499714,0.0417599662825644,0.05195865221119966,0.01897604110955098,0.0,0.012659805974651828,0.02187834736697647,0.024051638265700337,0.0,-2.540636763570525e-05,0.014701638201090439,0.021152579080876754,0.01848056988403507,0.00011676433171942113,0.04858802007226909,0.004036730653253828,0.015224143896109155,-0.002113619803725597,0.0023412006398871865,0.019532937586764665,0.002339142559708407,0.02166669576347796,0.024433674185103615,0.003024869011127085,0.021281345280056263,0.0035620408591251485,0.008798917086877966,0.0038534422432557336,0.016448804819525875,0.05480961472879864,-0.0977539354383622,0.0040693196342473925,-0.05745343130891967,-0.012373194327581827,-0.024102892672612286,0.0030403389404683456,-0.03471431920572693,0.002001708572779093,0.006691973381624083,0.0,5.551115123125783e-17,-0.07481689011598991,-0.00020492305208791306,0.025200806292640376,0.005723834475645839,0.022018410266619215,-0.03975771389902122,0.01937778377360866,0.016245210622538975,-0.019543340451919466,0.013439481460534752,0.037162224065424077,0.0094211116642694,-0.0011587005247785664,0.0,0.0,0.0,-0.10775624326740757,0.01893645566354929,0.0,0.0074092938849042445,0.008433631253647156,0.0,0.0,0.007247961334909903,0.008383729022462982,0.032696171102508,0.023307232365007147,-0.0017205795237409949,0.012260845892394678
0.0012649723888074615,0.004113440586101247,0.003965919087576375,0.18386654179473338,0.0144222631382937,0.023062846865787523,0.033946714312924564,0.012082476126528074,0.03236254868810495,-0.0010972611241729657,0.012659805974651828,0.0,0.014494013292136398,0.025036902686495055,-0.00029917294832110253,0.0008021558131686146,0.011423381354056683,0.005500533842430322,0.0265378728701558,0.04030634746131312,0.005357152125889886,0.017792961316257183,0.02623072839900592,0.0028849604963755993,0.00461093081790831,-0.01591674996406045,0.026688205317911273,0.012000911758370869,0.02155894328290081,0.027770467666125176,0.007957357172938828,0.020143302118967754,-0.032571442629731606,0.016712614621872623,0.04320759294440002,0.05078210127685456,0.051149273256829275,-0.013689281890606642,-0.018170363565924386,-0.025230531578100845,-0.007989164012072447,0.02665739428018893,0.013263196985301429,0.022806614676257858,-0.0538266356090335,0.01124769707663964,0.010090198588853072,0.0034655542327776123,0.0,-0.0001839157527707136,-0.003842264536911333,-0.008284628568683394,0.0,0.012743710925782026,-0.018127513506346837,0.010607940088500467,0.004632836171224897,-0.00022823509814723364,0.0,0.009325240530235035,0.008953827438017647,-0.009222787633489715,-0.00512288291204388,0.0,-3.623228928273381e-05,0.00025840318017278374,0.007979386291283641,-0.004246071669688989,0.005404420930009868,-0.005115454026773769,-0.010329305993228732,0.04034841340718065,-0.025338508353500266,0.013227373310576107,0.0,-0.021007930175946266
0.009838890457298577,0.04405433233180983,0.04738672942505939,0.02834554975749992,0.03216513858078901,0.030036561928522165,0.003947620790567097,0.04495778925599375,0.04352034684462608,0.014429064038956607,0.02187834736697647,0.014494013292136398,0.0,0.030646225467668098,0.040454888593590144,0.032444248984160096,0.022356912839460674,0.02827775122873022,0.045792259571178606,0.03372439016389295,0.026118020191568225,0.02805937305663031,0.041982004293079356,0.019093879507622313,0.035399103016456324,0.02868291987039323,0.03984986483018532,-0.005894851547701141,0.03702312896417165,-0.012858760134316971,0.005622151213548143,0.020314150094507377,0.028373148523678005,-0.00037719637405347894,-0.0005411279306887229,0.027487244669838706,-0.0014676424864083493,0.037550257310408675,-0.01038561332796395,0.036630428473799104,-0.010076581126823192,-0.01908682558749819,0.017872191053392772,-0.007046273428633454,0.04227684014349542,0.023314729731774786,0.02006814079249397,0.023679778462273204,0.0,0.03074061269365913,0.022865137503115918,0.024027020987615444,0.03226576805889386,0.018533072957012342,0.026417431974581074,0.036041782062575745,0.03412908727191005,0.010087468134624356,0.0045715949719719595,0.030797417306060726,0.022392527010498764,0.013249596409579845,0.005494075557388178,0.016983693306766523,0.03207067765961169,0.006396151695637731,0.027301849590980365,0.031229165379060397,0.02422835393867362,0.012507142460435716,0.02123805203117629,0.029725783179870957,0.03316167176514895,0.027284060542600463,0.023363562577860986,0.022027009617785365
0.04045114555290308,0.0,0.04182385542684958,0.01802069694102043,0.02938038871861981,0.04642025686680451,0.030155034692756044,0.036263818474244924,0.023216675229641326,-0.005694495339828187,0.024051638265700337,0.025036902686495055,0.030646225467668098,0.0,0.005257168751396479,0.0,0.0,0.0,0.05779374182548397,0.0037968579433095284,0.046398451225561466,0.0039387663769765435,0.048353011595499484,0.021874838358664328,0.00020004582004917726,0.007111926022844939,0.028154200162902543,0.029513842026499204,0.013838351817750505,-0.00032564722812655766,-0.022004583557512947,-0.0112519636031983,-0.08568537198775295,0.00047249591422765524,0.004454840002916238,0.016640291443536126,0.01925176079699717,0.044507058497149365,-0.026590240512556818,0.0,-0.00032867423746074653,0.0,-0.01943319876632138,0.0,0.0,0.0,0.0,0.017079906766047537,0.0,0.003867140039698347,0.03798331328028809,0.005226237040654946,-0.03946043536500321,-0.04880604845562353,0.0,-0.025907391382137546,-0.0004591701832813988,0.033457714274727435,-0.015916286690410564,-5.551115123125783e-17,0.0,0.0,0.0,0.0010397253597300704,0.001364804297175115,0.0,0.0,0.006958609914600178,-0.0007455793908421326,0.0,0.0,0.02518987859341204,0.01977209456343526,0.007599970247604837,0.0,-5.551115123125783e-17
0.04960556265692834,0.03162387349279172,0.042112112670221635,0.0004845805194378938,0.07324057590310129,0.04253123763713157,0.04989532167650412,0.03738796434136127,0.060452924497551574,0.003404886429591747,0.0,-0.00029917294832110253,0.040454888593590144,0.005257168751396479,0.0,0.02349095108690702,0.02181306726388238,0.030062955290002413,0.0,0.008228688579816512,0.025500017624616123,0.044857361080613445,0.04885915453471462,0.038414565091102526,0.026218485551432857,0.012001481871894759,0.048001898872797044,0.04385552421185834,0.03835792192942977,0.022131958468444457,0.023541687450638837,0.013376677026283534,0.0245201919257671,0.02120443641413855,0.022468174897431248,0.025809816073223857,-0.0017457373046850244,0.012921527463978844,0.015023092260004423,0.024345434789606324,0.02998318065743172,0.02613183458989976,0.023222701710006843,-0.0011548543839097203,-0.004051004935602565,0.02494246845754544,0.021625119258751546,0.016930752522910097,0.0,0.0,0.03227038060903897,0.022230042502805802,0.0203432414066117,0.021068431038503255,1.2280135268105674e-06,0.0,0.010205858557134906,0.03148992474534845,0.0,0.02457706111807134,0.02263434928623581,-0.0006534003687896917,0.04751881930325896,0.0,0.02683313686207517,0.03217641415440231,0.013784484728519675,0.03585673176846871,0.014244883449054557,0.01670197526417816,0.020363598243502534,0.023686377007247184,0.007404146197897865,0.0284090801623173,0.023665494629925954,0.028559582801073513
0.0009983552430123388,0.02119741163940464,0.016141069001871622,0.0,0.014320732519092993,0.02676902874048387,0.033612064835990496,0.039319341457138446,0.026615677178215114,0.012761038783336898,-2.540636763570525e-05,0.0008021558131686146,0.032444248984160096,0.0,0.02349095108690702,0.0,0.021049461392328328,0.024290490600894887,-0.0012368970349472264,0.0188375083698748,0.018929174256671844,0.0025728865858834493,0.02910750922804889,0.0009134690891159369,0.036215138974799554,0.014828343206014394,0.019442879965908433,0.03505919108552302,0.016946500654527685,0.02724735758751079,0.018369610778382783,-0.006327786461452489,0.002640415401617635,0.001864176268593143,0.015915320212036455,0.005124569206931162,0.005357454890196234,0.003653689934353055,0.0033363263217856542,-0.0067470645090017545,0.0017440860220822585,0.008902370472901433,0.013135209881664833,0.0,0.0,0.029402237620860805,0.010097964168512719,0.0,0.0,0.0,0.01861872610169002,0.009708842437619991,0.01613950787688423,0.0,-0.007346466149456887,0.0,0.0007116790819738372,0.02756100021486174,0.0,0.01159586680773278,0.005780503219517064,0.01137186791407191,0.002356301362843094,0.0,0.03682298965836628,0.014517609321059888,0.017725199574371298,0.017785765710099377,0.015516122749404337,0.0032398066912135426,0.009896187129024958,0.00910338940813249,0.02611649213172057,0.03185217099561993,-0.0001636760712028229,0.003294525954541716
-0.021672701038089826,0.013282314263394712,0.021974465045022373,0.0005176454217737936,-0.011668439115886331,0.029544580321344494,0.020407775922307414,0.0045618755643278,0.032012534068456056,0.005604696948347254,0.014701638201090439,0.011423381354056683,0.022356912839460674,0.0,0.02181306726388238,0.021049461392328328,0.0,0.009814149067577382,0.01545832035860134,0.016826088867630595,0.009653072964796727,0.015821697278746105,0.01665698360230078,0.014843032674546452,0.011880879197463612,0.008102453710401192,-0.0142699928244448,0.024338170018355476,0.020777781858945743,0.0016365885568802585,0.01874307106415496,-0.01712282864448883,-0.027610666593901767,0.0064630819294271835,0.0021829382349248805,0.013839549903942039,-0.011859450475551259,0.011686211713604178,-0.011530525911304546,0.006747713555941337,-0.01112804237920545,-0.023729056256992842,0.0,0.0,0.01299475093543584,0.04635682715182071,0.010807823329388677,0.0,0.0,1.6653345369377348e-16,-0.0006494246251773639,0.000302823776806016,0.0,0.0,-2.1050011522083523e-05,-0.000537430914676007,0.00476782843086615,0.01530961860349711,0.0,0.0,0.006891216257318533,-0.0030543269222361724,-0.0032368293961385075,0.0,8.35272972203871e-05,-5.551115123125783e-17,0.019886011778951718,-0.0013914390143847655,0.006045311233827511,0.0005092575171954383,-0.0035223686919182984,0.0,0.019175914030488683,0.01016019104336685,0.0,-0.010033299834364573
0.0068936973586423145,0.022180556767146142,0.010327258396322925,0.0,0.006388854396997601,0.029897476009785706,0.04051973881809856,0.026495152735128813,0.028650807003867518,0.0020323117678226477,0.021152579080876754,0.005500533842430322,0.02827775122873022,0.0,0.030062955290002413,0.024290490600894887,0.009814149067577382,0.0,0.015032815739126126,0.02568035415024189,0.009814272931278567,0.007215978892315678,0.028095107349926762,0.006910496188867132,0.019227973890437566,0.006767785519418368,0.018814885296702166,0.027146173053179457,0.02989259841991615,0.018380076500701503,0.015297928738804034,-0.008182710871033838,-0.014643382165678565,0.0024082711488752073,-0.003287139642187742,0.01548892570433169,0.0,0.018164342928741584,-0.01618918652643564,-0.0073231342233146535,-0.009560249293982248,-0.022372293651421515,5.551115123125783e-17,0.0,0.027220250384458744,0.012067855698619567,0.003682363492554741,0.0,0.0,0.0,0.014578556634454398,0.0002843827716415559,0.00959754204189217,0.0,0.006758512753046286,0.0,0.005814183050899646,0.010987170707697391,0.0,0.013567256612639744,-0.0043972588022404,-0.007425883733402028,-0.006755817738168635,0.0,0.0023149242855184937,0.04382338220093618,0.008579227603780992,0.0032118374026910423,-0.004541360665652305,0.0015683645977013771,-0.008511271423231936,-0.020873381862113072,0.018761322940481717,0.014448753767973999,0.0,-0.010402287801179244
0.0,0.0139967315727485,0.01959318129460269,0.07200166241345735,0.05615618384938725,0.021431188337585116,0.0502143336034252,0.021800137764507288,0.04484220975109404,0.030104471921879428,0.01848056988403507,0.0265378728701558,0.045792259571178606,0.05779374182548397,0.0,-0.0012368970349472264,0.01545832035860134,0.015032815739126126,0.0,0.005482308917812151,0.015295594317819128,0.020598122671753982,0.019126474778002278,0.03267956679011952,0.01842966483490399,0.013828926505424555,0.012473364921659957,0.04182835150597808,0.07559148988771236,0.049499332912099125,0.04249310069789619,0.022000599671575083,0.008747621336252842,0.026430685880491134,0.028504475243185945,0.06075718404049402,0.04102318209557548,0.010965302656402387,-0.04756945591546058,0.05436246917543358,-0.025950308127436927,0.001812897723323048,-0.026893622293426234,5.551115123125783e-17,-1.6653345369377348e-16,0.0,5.551115123125783e-17,-0.003514204614611105,0.0,-0.014890233058935998,0.010364339249989363,0.016123469081133712,-0.021806227834865632,0.005167783692766381,0.0016875356764053384,0.013059087595348517,-0.0019487205578600508,0.03147072996034128,-0.025011330274359533,-0.0016990829455501566,0.0,0.0,0.0,-0.18958704055631592,0.02429850597052946,0.0,0.004475420003711261,0.012933312791973961,0.0,0.0,0.015342016933072078,0.00919962776487726,0.037659953584399664,0.04130703525336943,-0.00014956806280241874,0.017157652029162085
0.018181404039873672,0.018930016747242095,0.03491012514179359,0.03070966990424262,0.04073031713602682,0.01958213340015219,0.037889575910427686,0.03576403453977933,0.03204373917163922,0.016215612672797364,0.00011676433171942113,0.04030634746131312,0.03372439016389295,0.0037968579433095284,0.008228688579816512,0.0188375083698748,0.016826088867630595,0.02568035415024189,0.005482308917812151,0.0,0.03568788567544018,0.007551109013666679,-0.016136378449017663,0.0019930553835433296,0.02532620266727781,-0.00143221374988739,0.019205817482297716,0.01709600177482712,0.002109798774366678,0.030053789607420667,0.01360387601407792,0.010115078454775273,0.013173972619728247,0.015606356031560908,0.022264507408449596,0.02235168057672754,0.0198132014522317,0.006592961205794057,0.013383455308720982,0.01893753443031343,0.029071815870900908,0.0247921107032939,0.05401449087897692,-0.0005870801997988617,0.011543710927701678,0.0167887637312652,0.01302816713711663,0.025173913629113698,0.0,0.007386296516298185,0.030793673052946058,0.045071721346489346,0.020479949308386425,0.013282002225094847,0.003274368526148874,0.028547383091446443,0.007249512417149218,0.033886658256838786,0.0,0.028337752664300164,0.016909799408958093,0.0019109115105822583,0.017560273504133306,0.0023778496478743527,0.032844308572378744,0.028945779449650932,0.016549725828703954,0.025813092811079907,-0.0011100595074989283,0.021286673105062714,0.006332377845224169,0.0238486530860621,0.020642937374389825,0.02596735604575362,0.030623852439443433,0.027339117545704783
0.050976814025008976,0.03409777736036812,0.021642893112029604,0.0006557537032666483,0.03468369972832602,0.0402148099697327,0.02954726990790163,0.062683793034228,0.04152383599599968,0.015733696161486288,0.04858802007226909,0.005357152125889886,0.026118020191568225,0.046398451225561466,0.025500017624616123,0.018929174256671844,0.009653072964796727,0.009814272931278567,0.015295594317819128,0.03568788567544018,0.0,0.024054345343232475,0.04334627534479357,0.01739258473628502,0.02072876798747203,0.01663839531090805,0.03833764520961702,0.012186585007900985,0.03736496223095298,0.03271154962895828,0.03280913177029526,0.01692708817684402,0.0037666551257252157,0.029440695795206917,0.024653042344646603,0.07679425708661453,0.0060147967178747486,0.007900508056355948,0.019460336362649655,0.001760366134490654,0.02638410582582912,0.024241804828158964,0.019261592578890152,0.0,-0.0009680574764742711,0.09044306941171604,0.024024262158625964,0.024302842270768732,0.0,0.0003662218480504631,0.03601507145078908,0.017248884721320856,-0.054099838415617496,0.012130218457934827,0.00013523161236295156,0.0,-0.0035391995901534745,0.036677114294795976,0.0,0.03197619204946839,0.018081104823385374,0.0,0.04075031650690758,0.0,0.028818786196723567,0.01993416037796536,0.013483343318511976,0.034958787265274405,0.03247127516234838,0.019324972615747338,0.028180854241614206,0.03543586886049088,0.027852514084662106,0.03182553048535175,0.0227774029549489,0.024436221615848852
0.008355820227027855,0.018364574600935213,0.038639577384876445,0.010839245674318154,0.03004521098310059,0.026382345027777976,0.03359336818574732,0.019505723144137344,0.034515073806016816,0.00294285091691876,0.004036730653253828,0.017792961316257183,0.02805937305663031,0.0039387663769765435,0.044857361080613445,0.0025728865858834493,0.015821697278746105,0.007215978892315678,0.020598122671753982,0.007551109013666679,0.024054345343232475,0.0,0.023442343164828017,0.007569304157879431,0.018996172360600527,0.014382614344236377,0.018092801459415497,0.03399186375340285,0.014970699425189193,0.04576728254274859,0.012269304886256216,-0.008471848449596142,-0.0048172287036132855,0.00987297015968952,0.016884313542002927,0.026415059073237823,0.02352899412893017,-0.01450566632621586,0.005112585941964898,0.005912083747816765,0.0323438826578617,0.027301354040022208,-0.00022340704188988925,0.0,0.01128663571184435,0.022662703703998255,0.014161764868459936,0.020691370582045232,0.0,-0.00020613302737959582,0.02753395355782995,0.0312336096931089,0.027396480046907312,0.03012961657751645,0.025814520099740057,0.0,0.020646117593138613,0.02916717590222212,0.0,0.02066498288028995,0.018184691200610448,0.0313227564487602,0.01692244329914877,-1.1102230246251565e-16,0.0266966547616716,0.027420038391177126,0.014319787163942888,0.029499571537707603,0.023893339100913624,0.012869281191110249,0.01607651077294059,0.020911493677665594,0.01688843134662965,0.03330970139698408,0.024616899806384374,0.02577879456135368
0.031723151624115487,0.044793308357568395,0.010945489540572562,0.02672003009048246,0.04056144493704489,0.03510176153855116,0.03484624634615119,0.0256925820777556,0.04689716444186365,0.03714396848298268,0.015224143896109155,0.02623072839900592,0.041982004293079356,0.048353011595499484,0.04885915453471462,0.02910750922804889,0.01665698360230078,0.028095107349926762,0.019126474778002278,-0.016136378449017663,0.04334627534479357,0.023442343164828017,0.0,0.014567793499742687,0.028920868705967828,0.016430336555002423,0.030583587550683966,0.02407836204279218,0.028944966854596632,0.01697339147309035,0.026455026290263917,0.02048153773556116,0.012751532433176838,0.02730355483033764,0.02791327853409875,0.05389804384052521,0.035800249603377854,0.014043938581569826,0.01784796459373128,-0.003892262975790317,0.032951871924024934,0.030620085094346106,0.004808381552988017,0.0442091247858033,0.003911631182391351,0.03588677008453972,0.02440144310187553,0.054624949255549615,0.00011402334725441055,0.010554615899067143,0.020909742114796126,0.021535536067328165,0.013742770536247617,0.0030807065893733165,0.02137537427600278,0.032380414255373025,0.0007942377976275505,0.027718563977060406,-0.005650734491595366,0.044452610697735984,0.020638308578567355,0.005862648233311951,0.014971213936316674,0.04982051940372367,0.04866708430112621,0.04821455338669112,0.02695629663693938,0.03465735008321713,0.005860444301432843,0.024559848559005282,0.02344239554858618,0.028284870857434252,0.0364056864290474,0.03616314337775184,0.03741160734781179,0.036021088810920365
0.02475910010638338,-0.001115717478264333,0.03948511581315528,0.0026845959811057085,0.04167742980202077,0.010045185107876942,0.027302439340342655,0.023699598623557194,0.02426767660945084,0.01682475541177275,-0.002113619803725597,0.0028849604963755993,0.019093879507622313,0.021874838358664328,0.038414565091102526,0.0009134690891159369,0.014843032674546452,0.006910496188867132,0.03267956679011952,0.0019930553835433296,0.01739258473628502,0.007569304157879431,0.014567793499742687,0.0,0.006699200723434218,0.003926290847152181,0.020397051994305637,0.009066261001937748,0.021798805104243035,0.026027243438628056,0.0062345844262191585,0.0029412075837858542,-0.03544382977938754,0.01697323424882541,0.024390614144686296,0.028127043268391605,0.03151574586248962,-0.0053391078179347295,-0.0474750720238305,-0.021213510417893378,0.00026698238398603635,0.048763545337864034,0.006628950321283633,-0.0009105471681712385,-0.020128306169225563,0.03409978987038231,0.0009844025189684191,-0.00024458372921526417,0.0,0.0,0.0042718651914435135,0.03854622601280888,0.0006991571969895416,-0.0008187369069476147,-0.025040645683412577,0.0011087460647069558,0.010126274410027336,-0.018702994953458674,0.0,0.016679422725232873,0.0011148613556117848,-0.0064846156480453665,0.0067283301619872615,0.0,0.009902835826856915,0.052963508556977734,0.02877131958669582,-0.07689898604869744,0.027974495387218523,0.007730440769713964,0.008166966573403656,0.012118683597349855,0.048544105183597974,0.0019595166433904465,0.0,-0.025596803671351087
-0.0018600307732455912,-0.0013528319054809668,0.011766977567241599,0.0,0.015705488749922336,0.04212244003746862,0.03922689142997976,0.024009338779932332,0.036746897999066386,-0.0032698332176815947,0.0023412006398871865,0.00461093081790831,0.035399103016456324,0.00020004582004917726,0.026218485551432857,0.036215138974799554,0.011880879197463612,0.019227973890437566,0.01842966483490399,0.02532620266727781,0.02072876798747203,0.018996172360600527,0.028920868705967828,0.006699200723434218,0.0,0.007564353234638943,0.025837454238910207,0.02750481888639622,0.031349999014797125,0.032034595409298705,0.004185174491073085,-0.008918664227004935,-0.011775948164547634,-0.0015327752651218551,0.003901173028635796,0.03460313091381623,-0.0008206286976232824,0.0138944706414596,-0.004215576585408665,-0.0033854713999184605,-0.00283404341303517,-0.007244594051040665,0.001406760385605943,0.0,0.00997863055324738,0.007715463529399058,0.0083957923645252,0.0,0.0,0.0,0.009825044097428681,0.0039624289364521,0.02093611930365935,0.00024128918674443112,-0.002292893361808934,0.0,0.004966664921101038,0.015756209241599484,0.0,0.019311756114843093,0.003020182732967447,-0.0014608226265538926,-0.0029710460426007335,0.0,0.025425350323000084,0.03173229777229125,0.008473598975009766,0.019860942485952104,-0.0056085161601491795,0.0037370406139178303,-0.0043030806550154455,0.003388227372476571,0.003723704865008004,0.01107896265877284,0.0,-0.0023060161764658083
0.009531253421127095,0.027751169004987475,0.04212842125254451,-0.0031826774393378665,0.047797663535391055,0.04324045488712641,0.03915139751591623,0.016469777396915852,0.04818923327746821,-0.025617366516732798,0.019532937586764665,-0.01591674996406045,0.02868291987039323,0.007111926022844939,0.012001481871894759,0.014828343206014394,0.008102453710401192,0.006767785519418368,0.013828926505424555,-0.00143221374988739,0.01663839531090805,0.014382614344236377,0.016430336555002423,0.003926290847152181,0.007564353234638943,0.0,0.005455644726085229,0.02213262930179205,0.019359306264682297,0.003868793600233844,0.0022574437563684935,-0.00808851652948872,-0.004901103559782127,0.007843145257369566,0.009974026949936154,0.015859510628554452,0.03291731030189782,0.0014027022689216961,0.00558208636445906,-0.003873932002151137,0.025916505283897717,0.02154005646568985,0.016422763778583704,0.0,0.0056247646824114095,0.034630584519051544,0.022450392143055775,0.00889594641669661,0.0,-0.0008098331624342148,0.04041328183210818,0.04876490860822735,0.04034739646759655,0.02832105958827258,-0.009231606332996078,0.0002478189252157481,-0.0027612699687382114,0.04100846592229973,0.0,0.02024936607383221,0.016125271144642406,-0.009930169093275432,-0.00728279218681116,-5.551115123125783e-17,0.03722713225743429,0.038143385338894276,0.022666425312298122,0.041077631451690966,-0.01635266631062221,-0.002400602125286755,0.005976567408575328,0.02779151261298146,0.047368599221458585,0.034118164988950817,0.00026514028268936896,0.014444004718692338
0.03172466661609047,0.032521136391407135,0.030220111787790105,0.03210192567371295,0.03805114094492135,0.02557262881599426,0.041209844747428115,0.02646644705724549,0.013106226210121585,0.01524012100234956,0.002339142559708407,0.026688205317911273,0.03984986483018532,0.028154200162902543,0.048001898872797044,0.019442879965908433,-0.0142699928244448,0.018814885296702166,0.012473364921659957,0.019205817482297716,0.03833764520961702,0.018092801459415497,0.030583587550683966,0.020397051994305637,0.025837454238910207,0.005455644726085229,0.0,0.02072668277435058,0.017793294431627915,0.010151868791316354,0.02054252491610359,0.01727191373768161,0.016567121794694273,0.022200345711216707,0.02597972879753785,0.03717746402390831,0.027546353827895054,0.01243265704486951,0.021896887883218974,-0.0010127707065472058,0.03195081458414328,0.023734518882439937,0.016171417190849857,0.04281632734518681,0.01143326542808426,-8.422120042245185e-05,0.017589520478693,0.020075381597964848,-1.6653345369377348e-16,0.0026346795926081024,0.015100360228744392,0.013928642821830262,0.014210474608691237,0.0030928787358137644,0.02108327946346633,-0.0007329619018491274,0.0031833097629246354,0.02821687938827344,-0.004034157975171371,0.03315949496731657,0.012836777371585506,-0.00012006745157061571,0.01692562424133337,-0.005983243932259574,0.04183217094452185,0.03209905019498399,0.019843952684881316,0.028063629597913864,0.008041999696253022,0.0052472519282266705,0.013354157765910202,0.02787788053771978,0.03528139640708472,0.039078548519542844,0.03629328748797933,0.03625486020615232
