0.0,-0.01212502818423472,-0.03899747041617119,0.0,0.0004798649893168472,0.02023640628870249,0.06500487996585408,0.043083857602682685,0.0072940136294315505,-0.012772961290464346,-0.0009103600338624673,0.017228350362251788,0.01695093579590612,0.011628479401294689,0.007296477065518392,-0.015888611736461278,-0.03476474045581357,-0.01755469779174834,0.0,-0.02065270370179212,0.010783563232620363,-0.01570804931196501,0.033956699114510824,-0.00961019429420995,-0.011517738153962287,0.014202390927690156,0.022695274938772048,0.028156385442426046,0.021130703366612102,0.020096350125045626,-0.0038570304770490504,0.021257570232446565,-0.011687600446078084,0.005281087192188394,0.010536293468002611,-0.01137117430772916,0.0,-0.022252388545210222,-0.007580673102043689,-0.03469569202585154,-0.018620854478669624,-0.023571773811116747,0.0,0.0,0.0038186030827800366,-0.02697174534753305,-0.05563589591159096,0.0,0.0,0.0,0.008092580978114605,0.0,0.012904958245212761,0.0,-0.0012492027237891445,0.0,0.014445350562637682,-0.011800817782006201,0.0,0.006012797664713798,-0.04268628826066928,-0.02586570763010415,-0.041821090020071894,0.0,-0.014557029861210324,-0.009274556455698524,-0.055715250685365036,-0.00704504966490288,0.032510442977739085,-0.06481664181166047,-0.037361503204225266,-0.02257298483416198,-0.001014595361513937,-0.01633411645054489,0.0,-0.012295655088135626
-0.01212502818423472,0.0,-0.011384607875733976,0.0,-0.03698968571794925,-0.031697233128556046,-0.034267569153302146,0.05002587961151156,-0.029278919599087794,0.024016646314100276,0.0017144606121281547,0.021024958680068206,-0.02015022572493891,0.0,-0.020439733156251694,0.012283904683604074,0.003780961652917747,0.014966399085907134,-0.01978202679278107,-0.022554180182917605,-0.011397714739821652,-0.015249427219882983,-0.03274204143782733,0.011277940626759686,0.0018013569010186803,0.008968825002733216,-0.03462081742884793,-0.016159578041029465,-0.027927186661018566,-0.03405828942426531,0.017859423178543443,0.03853211818861296,0.026242480667997115,0.02387893659870427,0.019210797733257623,0.031923687635160514,0.003953420472896707,-0.0003950272285628831,-0.005983077520791913,-0.03614862200685981,-0.02597656043047669,-0.03150424695405962,0.007747080684966046,0.0,0.00014407228327500965,-0.05712120769367307,-0.04132544260751092,0.0015379655487196553,0.0,-5.551115123125783e-17,-0.014745987460508148,-0.01826917848294124,0.0010966202449490536,-0.008747907651320719,-0.03330174345075132,0.0,-0.021799649276848965,-0.020167841874000447,0.0,-0.050809411877919486,-0.036704584492914694,-0.023019417395975184,-0.042203475949572355,0.0,-0.03684068984625488,-0.0464377850753776,-0.03428031071663512,-0.015392983146714612,-0.03258868340337112,-0.058783865770774546,-0.05753912221616764,-0.022758346860756284,-0.03561371158839871,-0.038482084665894256,-0.009405562858288974,-0.050464030916957836
-0.03899747041617119,-0.011384607875733976,0.0,-0.0018833137582000559,0.005504857498960569,0.034851994641071415,-0.002041590346272937,-0.044225993101121075,0.03976883164274703,-0.014386003553446602,0.035086238878443865,0.0027396500927334144,-0.007873532318974585,-0.011077691732153061,-0.03470735471317982,-0.011519945713310609,-0.01352041445291463,-0.02170323964766674,0.019617342764370937,0.002842159261788657,0.055915294005217164,-0.019879707146315873,0.010255790782342566,-0.014298205091820337,-0.020347025173262923,-0.013392342334943186,0.07008739612673914,-0.0169821032445438,-0.011163033163607339,-0.019034826579953756,-0.017347712041530794,-0.010641299714297281,-0.02325109504403955,-0.013579066448330568,-0.009454677651688836,-0.01120040422933477,-0.0007379436046815457,0.016672600157531692,-0.04367852838246389,-0.007654320112075175,-0.043582324517302706,-0.008823145116006015,-0.05734668411443844,-0.0008723130006932367,0.00032083137227306713,0.0,0.003868694610937029,-0.06936698317532403,-0.0006249560092428941,-0.032173362080006984,-0.045239083655907786,-0.031590077508881154,-0.03484627661304357,-0.03202302883581071,0.0024252064506318227,-0.011657764513876678,-0.0024178766874931035,-0.036420958957662564,-0.04504036666862832,-0.036359091163224944,0.0010959102468186543,0.0,0.0,-0.07348745612987928,-0.02028876030738619,0.0005497250294248524,-0.0298047453227977,-0.03565769722143908,0.0,0.0,-0.02471520722508108,-0.023303730296439784,-0.039334363236885606,-0.01703512222085618,-0.01961552294231872,-0.04881991473317915
0.0,0.0,-0.0018833137582000559,0.0,0.03829962433168804,0.0058033227263656895,0.026960684080395925,0.05066233332394693,-0.005335847778901226,-0.005717229063359086,0.02716672450390445,0.03521782878832935,0.04371810632062745,0.07435300575748038,-0.0021472819917747743,0.0,-0.0005833409284327629,0.0,-0.012506031598529976,-0.03203970011717583,-0.00014334965620932394,-0.01127396218207094,0.02043235505577723,-0.003630025740236409,0.0,0.0045153724506517,0.006725110919869548,0.021947173362940053,0.005230543057206161,0.0004431450307028628,0.02002663888015427,0.018278090163141802,0.023500494706866437,-0.03509970134098811,0.07512829750515482,0.08122142215029571,0.05167156426971403,0.014876391140726142,0.002124177317321563,0.0,-0.0017244250835677377,0.0,0.0001411689543358574,0.0,0.0,0.0,0.0,0.0001235347605058612,0.0,0.0,0.00012183377330027279,0.0,0.0,-0.0002892107811935385,0.0,-0.0002960788343495113,0.0,0.0002177179677349539,0.0,0.0,0.0,0.0,0.0,0.0,0.0,0.0,0.0,-0.004312974549546489,0.0,0.0,0.0,-0.010340034886926475,-0.0002834771424708449,-0.0011149515499219165,0.0,0.0
0.0004798649893168472,-0.03698968571794925,0.005504857498960569,0.03829962433168804,0.0,0.056872648842946794,0.0099629699316785,-0.04961713680176516,0.041641659007004894,-0.008094658511300756,0.015425744517381268,0.005215961355664767,0.010346223087845774,0.0036672079076431885,-0.01693766854316331,-0.027211227683572037,-0.003235937022564306,-0.019240815571080705,-0.0066277997286252055,0.025888603710046032,-0.02146334207272549,0.025585934578944924,0.018518732244354852,-0.03253272176272076,-0.03926061498551281,-0.024869840282905953,0.04470828482784417,0.016045634754557003,0.02321483129205898,0.011593618330789035,-0.0012129699477266276,0.02082618083102017,-0.0173121051097071,-0.0007041417992257326,0.0371791611064598,0.0013218170231524828,0.02526149256110516,0.029966124917284342,-0.049915764216033776,0.002124420266569005,-0.07141816205758972,-0.003231464147839258,-0.04738945108583359,-0.0003040814236518474,-0.007396388641647822,0.0,-0.006197631055567643,-0.09413710024796013,0.0,-0.037524845466713086,-0.03405504693639799,0.006586555580850084,-0.040034699865612866,-0.07308543408177998,-0.000773723704862006,-0.03007099060667845,-0.001436585735261342,-0.02821664522792061,-0.05364716836157102,-0.04019231883439539,0.0011460981731993836,0.0,0.0,-0.04576820696651274,-0.03873900551510123,0.0,-0.024907957157689953,-0.04929890974912904,0.0,0.00016811825831786198,-0.008181926100400583,-0.039289170142667584,-0.020634443569007954,-0.05765448239609938,-0.01889860791139175,-0.062498146411353706
0.02023640628870249,-0.031697233128556046,0.034851994641071415,0.0058033227263656895,0.056872648842946794,0.0,0.02682922490009243,-0.03175487077540973,0.027205639583081198,0.026984618054925247,-0.013491349218078375,0.03005143886974282,0.007819678138454966,0.013365015458067675,-0.0354139210407759,0.0007191481598863292,-0.01318953958761837,0.002735482140356904,-0.02874515823758661,-0.00561409231605331,-0.023791779568776206,-0.011707469878634025,-0.022294777373670527,0.012945290013242128,-0.01056434583330651,-0.009940129640314488,-0.0112607251291027,0.018729355103728584,0.0061910700553794995,-0.02104722128287506,-0.010969581325482813,0.009319446914465623,-0.022229034619842658,0.0029582321701417946,0.018496744146523136,0.006302752066739914,0.025504190913933744,0.06852965582437653,-0.03466094419157573,-0.028265189900073318,-0.026754263158268787,0.001421450079293174,-0.031578561550124506,-0.012685531807468897,-0.0014974879031295907,-0.009228274587330831,-0.019188928710453912,-0.05271665862863373,0.0,-0.03407617024957066,-0.039461881483461636,-0.030220123456540293,-0.021485393184040857,-0.05246951010094991,-0.027738877284046837,-0.05266007452214433,-0.017797876811148083,-0.041247891626527255,-0.01349992694752089,-0.04966073143401323,-0.017722717079635852,5.551115123125783e-17,-0.01113409456161274,-0.06508455670288166,-0.04122638615430524,-0.042148080930282605,-0.02347730794299452,-0.03469090646819695,0.0,-0.028500918087987825,-0.02146201456907032,-0.03228012495144961,-0.04225019763904264,-0.03233045373924737,-0.02408396022774234,-0.03856382194222652
0.06500487996585408,-0.034267569153302146,-0.002041590346272937,0.026960684080395925,0.0099629699316785,0.02682922490009243,0.0,-0.012012302661324914,0.019701650517772173,0.02102786560959874,-0.009614910256478149,0.03184036964592657,0.0322137927494463,0.027176815977293933,-0.007663235136342872,-0.0026381211277325955,-0.008491216018351289,-0.023106824884449872,-0.02371150090808427,0.015733768509740842,-0.007418212044972061,0.00689449018105176,0.001217571485567892,-0.01584851557972844,-0.02473571383083245,0.012469534344094091,0.01796558490473732,0.038400740436660696,0.026491367424049894,0.00220018550332024,0.032882929925833526,0.017638319137247005,-0.012827789048059146,0.03258955548334025,0.09531135768736987,0.011854100697013648,0.022881918472543783,0.060016088216778896,-0.016500948890746048,0.0006453431441746371,-0.022127388873061482,-0.040046040016419926,-0.03038557692135213,-0.0014861814701422893,0.0023835313291140636,0.000349365221532949,-0.028334362745676245,-0.05791160184789229,0.0,-0.046059532413715354,-0.0252117072326844,-0.025091636627080027,-0.009347652081297009,-0.04725552076556239,-0.013464000890792527,-0.007152018628376,0.014771577417942106,-0.03299984189338884,-0.0341506033534586,-0.025535745311306146,-0.011805456378891632,1.1102230246251565e-16,0.0010799732467192125,-0.05505847037284378,-0.02956028701732516,-0.019604673201037925,-0.04089689732512525,-0.024364321478866413,-0.003378274361887701,-0.01666368260727502,-0.02832856300038039,-0.02778436613193852,-0.035222207646970705,-0.027156181874761542,-0.036489639871574775,-0.033723869932405226
0.043083857602682685,0.05002587961151156,-0.044225993101121075,0.05066233332394693,-0.04961713680176516,-0.03175487077540973,-0.012012302661324914,0.0,-0.04081569113584893,0.022017029752082085,-0.019132070079897534,0.059702782204061944,-0.008419715277418194,-0.0003593646367479053,-0.013204105125281751,0.04488463644744811,0.02459599874723417,0.0316772798620617,-0.05805361637170575,-0.0024831565909462783,0.03602655284028572,0.02491992450348146,-0.01635293656587533,0.033405466021347974,0.02692923532977326,0.03859084131820517,-0.016033841313041808,-0.009360101648177965,-0.023692254285085368,-0.015281452107898996,7.861705420486587e-05,0.01281460583945715,0.06643663792080051,0.0035445540119333763,0.016463702464898144,0.010835224401474997,-0.00037449207892126246,-0.04528977363719777,-0.013214407997741096,-0.031390682847275586,-0.023930699830070956,-0.02007603348255904,-0.08246277046463435,2.824645869509146e-05,-0.0003221098955555335,0.0393223218881793,0.022920523736347453,-0.05560707046357105,0.0,-0.029169778009656255,-0.02253499228391359,-0.013447536210981326,-0.05580199290758925,-0.05694427606256924,-0.011481983262356832,-0.07701020421386828,-1.1102230246251565e-16,-0.02354240474143271,-0.0002391650257744793,-0.031060473428512536,0.0008635350081167559,0.0,-3.944868048000316e-06,-0.11089090368001037,-0.04729314875338564,0.0335010267855011,-0.013554694966028347,-0.018493821424109103,-0.0021580767245397703,-0.015874453867078364,0.01431825026778083,-0.01283737862048584,-0.027418525861518217,-0.018644462210931245,0.006856822624636216,-0.010259157745445613
0.0072940136294315505,-0.029278919599087794,0.03976883164274703,-0.005335847778901226,0.041641659007004894,0.027205639583081198,0.019701650517772173,-0.04081569113584893,0.0,-0.010557386742372443,0.014417634585031314,0.010754379442480977,0.00130724260414683,-0.008717205902108394,-0.021730976281004344,-0.013227406827688915,-0.026489319226804087,-0.03408766925319989,0.032846037227633296,-0.011688750722299857,-0.007979287543470881,-0.009532131399996813,0.0019499381620243228,-0.02747551823607408,-0.0395330954610027,-0.004325706367207582,0.023015254494266224,-0.013628503847263551,-0.010648107937673679,-0.020310086205263977,-0.015197136245783338,-0.014257337805643144,-0.03435657644851564,-0.011979180523931265,0.006398744087501351,-0.01714483573757747,-0.004744026249946076,0.018025013823873837,-0.0445279752974857,-0.010682405995203592,-0.042491933280650984,-0.021809960262537287,-0.06765070021518493,-0.010824975888877764,-0.005264603336378626,0.0,-0.021085349188993407,-0.11601633976156839,-0.0018818242712188016,-0.04933085140802462,-0.052672558241498746,-0.05080553660585663,-0.05743061978573433,-0.07962867211939062,0.0010454528779843542,-0.07641462086015655,0.004118799693048958,-0.04671509376110272,-0.07045586041606017,-0.020632356220086523,-0.02014331726227203,5.551115123125783e-17,0.0,-0.07781002351644223,-0.03382379514456957,-0.021766845183414485,-0.02759655416197232,-0.05766628420236569,0.0017833866687404498,-0.0015803328131912542,-0.030220879428244363,-0.052877933743797734,-0.04877379208061128,-0.04816515318403247,-0.03201650060172778,-0.046717351518786865
-0.012772961290464346,0.024016646314100276,-0.014386003553446602,-0.005717229063359086,-0.008094658511300756,0.026984618054925247,0.02102786560959874,0.022017029752082085,-0.010557386742372443,0.0,-0.019518371782395072,0.04811486595555131,0.019755181635693952,0.007748485182748954,-0.05388733612826585,0.005924250299188083,0.03385960930595583,0.009356853048214153,-0.02365469613387866,0.015299087135987544,-0.014773935835120156,0.00566227606112063,0.006432956747308538,0.005298809704134322,0.07009933548399039,0.04648200835473004,0.014347332097814025,0.027175597027128462,0.030970612861961344,-0.0036142702269172933,0.03636913841028927,0.06987245196424785,0.018617827624283156,0.050665274643347524,0.07650146782042222,0.04636265448545729,0.024114483464370284,0.015415219517261824,0.08232176200900482,-0.019020148778650603,0.02154569354308211,0.009754147746307618,0.02950919314682926,0.021959794380952025,-0.008663539433874878,-0.0038984896660509416,-0.07503791936942233,-0.006901205927931864,-1.1102230246251565e-16,1.6653345369377348e-16,-0.03964575733663461,-0.019420666920615948,0.001225791679471011,-0.045129540939640445,0.007285725023719158,0.01994550817676294,0.0024091663553034715,-0.020269791308814122,0.0,-0.0006025719368477067,-0.02889217632157215,-0.003716844495173788,-0.02468664424986189,4.4679422184001893e-05,-0.005661157973069264,-0.0005645634380033182,-0.03602712786912271,-0.028975065952247137,-0.0024213429904970107,-0.026591231780852098,0.008226161966342516,-0.04320207201694448,-0.03478122825839308,-0.04182366828456707,-1.1102230246251565e-16,-0.03714877675401557
-0.0009103600338624673,0.0017144606121281547,0.035086238878443865,0.02716672450390445,0.015425744517381268,-0.013491349218078375,-0.009614910256478149,-0.019132070079897534,0.014417634585031314,-0.019518371782395072,0.0,0.001880765519830463,-0.0228709002944108,0.004705264931766817,0.0,3.355909677216218e-05,-0.020016896185036326,-0.005934768226338205,0.012740374557202228,-0.000154233204992138,0.0519899732169562,-0.016052782070528904,-0.010935857707335628,-0.01812808198321142,-0.005711867467642406,-0.001945734483674133,0.04294319709322847,-0.02387248537683878,-0.0433878003520215,-0.03960836800694728,-0.02905192575986465,0.0073514739812454155,-0.02969586200144886,-0.023626261632447132,-0.003964512703361789,-0.0009688032621231746,0.010349742738833934,-0.018388822963972762,-0.017009254015993847,-0.012818575143033417,-0.012965509661458041,-0.006864917947301152,-0.060444198528956106,-0.0026440431259581176,0.005527411236435631,0.0,5.551115123125783e-17,-0.007229720926589411,0.0002706814541293956,0.0284963798612472,-0.05342134499203827,-0.02218913691982538,-0.05449547307289909,-0.02435629129304201,-0.011605287964677746,0.08977450112099339,-0.0029178909183798507,-0.01172110676101451,-0.100899921786053,0.0015305195767491009,0.0,0.0,0.0,0.028647368707842735,-0.004392015561045071,0.0,0.005187366996009413,-0.04654744295690544,0.0,0.0,-0.001333029074304326,-0.05012124104608917,-0.029557615187884523,-0.03957078892852117,0.0011289759939783206,-0.04014202945957035
0.017228350362251788,0.021024958680068206,0.0027396500927334144,0.03521782878832935,0.005215961355664767,0.03005143886974282,0.03184036964592657,0.059702782204061944,0.010754379442480977,0.04811486595555131,0.001880765519830463,0.0,0.02575527192602428,-0.002960315356653531,-0.054527998594783744,0.01899809025244803,0.03762029706732911,0.028706951675054493,-0.004913056565191309,0.07930224354025867,0.02198105375114473,0.0631235362927347,0.06515929958221195,0.04679999670899404,0.06548952518927009,0.06101625118824816,0.05162778913661953,0.038756263126137,0.048987388085708905,-0.0011971107977788997,0.03591249701494381,0.07509194066049812,0.019177267551209187,0.060791787965875366,0.10515653718166385,0.05719134820458022,0.059391125565973035,0.03278832950987409,0.026917242560712096,-0.009374660431485826,0.04649652937802384,0.006257270852456975,0.04266202593471813,-0.009637775111334984,0.004186429595474828,0.01509685573219155,-0.022403938333207585,-0.002108225721719703,0.0,-0.0002561946706127194,-0.014693163717730773,0.0022963872925657602,0.0,0.014312662282903232,0.008074624508966122,-0.005086155001485848,0.014120770684785733,-0.00015702054918348418,0.0,-0.003042562494219303,-0.01216381012395118,0.005752970447676142,-0.011931225830649816,0.0,-0.0021319465595068254,-0.00034132298854688825,-0.019053444004915543,-0.0038911559403995155,0.020659379655525112,-0.004246903053684248,0.02461566414834654,-0.026788946916326217,-0.001993904001689084,0.011015319071553065,0.0,-0.00042951145937003554
0.01695093579590612,-0.02015022572493891,-0.007873532318974585,0.04371810632062745,0.010346223087845774,0.007819678138454966,0.0322137927494463,-0.008419715277418194,0.00130724260414683,0.019755181635693952,-0.0228709002944108,0.02575527192602428,0.0,0.00017035640779317074,-0.013778838697135198,0.006421203448543689,0.015870359157578673,0.0011440752797738374,-0.031035506302379,0.020202247904142046,-0.009036045914706803,0.009325469534876896,-0.012832963372680528,0.007228720411020795,-0.00574166735645093,0.004407465360804996,0.0029286116618441604,0.030977431568705582,0.01600665989232597,0.03139740950104536,0.03352487127666892,0.02052925206887246,0.02931233359208646,0.026511482159291555,0.07807792134421593,-0.0115208947087454,0.022805157049421265,0.04331223772474224,-0.010492865709330612,-0.03285091111254995,-0.02190075756704274,-0.038387050632255504,-0.03756524605652212,-0.019778528152414765,0.0023424745249742696,-0.0077308745299447534,-0.0270726343632669,-0.04866905280769446,0.0,-0.0025304800957512974,-0.028729328427532785,-0.021474845674316845,-0.017857069611476373,-0.04963844440333698,-0.02330344324124567,-0.03779471914089799,-0.00206351569265506,-0.027727838472659083,-0.053426179769132776,-0.03600321541689483,-0.026471916498572223,0.00214456975945837,-0.012089087914577357,-0.057430107823701004,-0.037558633195745594,-0.026700169725971834,0.00516528617092088,-0.021891383768189054,-0.002326856285849166,-0.024638099633372934,0.0018860017066811285,-0.025358580115442064,-0.029769592528422317,-0.027630017740011448,-0.009395542740885832,-0.02656237149944346
0.011628479401294689,0.0,-0.011077691732153061,0.07435300575748038,0.0036672079076431885,0.013365015458067675,0.027176815977293933,-0.0003593646367479053,-0.008717205902108394,0.007748485182748954,0.004705264931766817,-0.002960315356653531,0.00017035640779317074,0.0,-0.0008506867091642167,0.0,0.0,0.0,-0.01509664832691443,-0.006140887793834038,-0.009933605148211455,0.010905381114546087,0.019211403388491533,0.0749538882262687,-0.000264239151777923,-0.002868018805938677,0.004692333309174623,0.03475354542911063,-0.026746263914714186,6.30961313357048e-05,-0.026468992647819323,0.0411163090142016,-0.0009370784884754069,-0.022192972658260868,-0.008466131511955466,0.03888776495396448,0.07104707502269406,-0.008718184816792207,-0.03593911692780427,0.0,-0.0017283452820643364,0.0,-0.022742398333255198,0.0,0.0,0.0,0.0,-0.030033397889077385,0.0,-0.017299890705246013,-0.020580441981987274,-0.03796271619877983,-0.023111130519667455,-0.052595090922968324,0.0,-0.05528704234076537,-0.0004513208306219374,-0.02453720705832274,-0.017954278971858306,-5.551115123125783e-17,0.0,0.0,0.0,-0.05988171692956323,4.006939678746768e-05,0.0,0.0,-0.01565727505679626,0.000984830704139461,0.0,0.0,-0.02565064157746849,-0.01724295026083167,-0.006803324723162973,0.0,-5.551115123125783e-17
0.007296477065518392,-0.020439733156251694,-0.03470735471317982,-0.0021472819917747743,-0.01693766854316331,-0.0354139210407759,-0.007663235136342872,-0.013204105125281751,-0.021730976281004344,-0.05388733612826585,0.0,-0.054527998594783744,-0.013778838697135198,-0.0008506867091642167,0.0,-0.022385058518921974,-0.027121169815470303,-0.020726066886423034,0.0,0.014872411358819893,-0.007958124907798958,0.004346451381231076,-0.008218927029801093,-0.008979554781881893,-0.024513773255274818,0.006390166040902812,-0.023542772075725193,0.00401671156720429,-0.013229357223000782,-0.024284895775173676,-0.0071434665784907425,0.026616464322829325,-0.012796820656840902,0.006234346730515983,0.003957627377980555,0.007183574306277363,-0.011442524402307364,0.018305628186848943,-0.022561493095221097,-0.03997804870968846,-0.026711793196382116,-0.03308025299787132,-0.017043008543489835,0.0011733158709560376,0.01177305261785866,-0.026635077790357564,-0.035399774610894996,-0.007747967052922078,0.0,0.0,-0.03512242877955868,-0.02722764628384844,-0.0324989536708542,-0.019497265177220335,-0.00016289704446192932,0.0,-0.00046427822894312687,-0.030615536378859942,0.0,-0.10966979584529496,-0.03930352589717151,3.767677728511165e-05,-0.021341331874100478,0.0,-0.13389454566810072,-0.017635926041188965,-0.08019819645922105,-0.048145606280415365,0.037178244184561504,-0.058057290086792945,-0.03474109029090394,-0.06757960464288659,-0.03932447431155073,-0.051469513496843144,-0.041810958267363196,-0.035442199076733516
-0.015888611736461278,0.012283904683604074,-0.011519945713310609,0.0,-0.027211227683572037,0.0007191481598863292,-0.0026381211277325955,0.04488463644744811,-0.013227406827688915,0.005924250299188083,3.355909677216218e-05,0.01899809025244803,0.006421203448543689,0.0,-0.022385058518921974,0.0,0.01712203433650178,0.0299110718254742,-0.00040851847244516293,0.019888712591372426,-0.002960839774852675,0.015238551655601895,-0.0037598144579177317,-0.009126960354413127,0.022498396154105316,0.016349743763504454,-0.011742770537290725,0.008794221736163232,0.02311497727916384,0.0004207962899026585,0.032774228715580944,0.0343786576777898,0.0029031122478798133,0.03296096665903431,0.02528495524693475,0.015439516758186889,0.0019525350941477226,0.02591045307045109,-0.008895281030892821,-0.03652293231591136,-0.027978616588641814,-0.022214744156481114,-0.005906488006229782,0.0,0.0,-0.054749440729387366,-0.04640008614464497,0.0,0.0,0.0,-0.013505574401754927,-0.017063101772112288,-0.006635457460618888,0.0,-0.03240685074516053,0.0,0.024218471941032604,-0.014439936745682613,0.0,-0.04874669221357181,-0.04183831750945877,-0.056580857017249075,-0.042339871540546414,0.0,-0.04473291828846948,-0.03856978061574112,-0.031191705198148956,-0.041888353133722356,-0.026459594620104332,-0.05946088271240607,-0.04916529672991471,-0.03856778493752028,-0.03287706810147184,-0.03359878565304247,-9.299027214215716e-05,-0.038472155754925685
-0.03476474045581357,0.003780961652917747,-0.01352041445291463,-0.0005833409284327629,-0.003235937022564306,-0.01318953958761837,-0.008491216018351289,0.02459599874723417,-0.026489319226804087,0.03385960930595583,-0.020016896185036326,0.03762029706732911,0.015870359157578673,0.0,-0.027121169815470303,0.01712203433650178,0.0,0.015193050825068888,-0.021109371430449497,-0.013690762760970532,-0.0027909549322238103,0.005436745634424145,0.032229864630734295,-0.016634513183568456,0.056860990222200314,0.010013400936391137,-0.014706154856485243,0.01778753689256135,0.009604308872261658,-0.00516076823495637,0.016562272707471237,0.015889155355559403,-0.01884797442146524,0.016774886303034753,0.034257215984364764,0.015255807017704681,-0.009869472495520615,0.0003791076411455152,-0.01773082275923793,-0.035712184116785284,-0.009075875781572429,-0.00646815962079772,0.0,0.0,-0.026125960148514427,-0.027274501933996165,-0.0266563335559174,0.0,0.0,1.6653345369377348e-16,0.00018704967710869713,-0.00039999785000122134,0.0,0.0,-0.006272351680049693,0.0007098888094647648,-0.005436314944089415,-0.011066127548212623,0.0,0.0,-0.06212146495931031,-0.023058132015024713,-0.04858344220430161,0.0,-0.00035380906141607715,-5.551115123125783e-17,-0.022117400983360846,0.0028151133012080942,-0.02841858922745011,-0.050371454512737,-0.019904393747126325,0.0,-0.023505321156357617,-0.012851337343418978,0.0,-0.04303807704450241
-0.01755469779174834,0.014966399085907134,-0.02170323964766674,0.0,-0.019240815571080705,0.002735482140356904,-0.023106824884449872,0.0316772798620617,-0.03408766925319989,0.009356853048214153,-0.005934768226338205,0.028706951675054493,0.0011440752797738374,0.0,-0.020726066886423034,0.0299110718254742,0.015193050825068888,0.0,-0.01687692220512077,0.010415004003181738,-0.011644759082794165,0.014100378055228568,0.033626694404612134,-0.016309998747749355,0.03331328981650494,0.021209548367361497,-0.001441682986470405,0.004565695020909588,0.01855285691885411,-0.007534030373035627,0.010753167059350865,0.020228010466676716,-0.012012905269563279,0.010966632537010856,0.027541941089812283,-0.010706381026167666,0.0,0.0027723066953745934,-0.022140746793144483,-0.05172807456035189,-0.03954528691804027,-0.03650609631985097,5.551115123125783e-17,0.0,-0.007684820485870436,-0.03667847698409976,-0.050907397479459715,0.0,0.0,0.0,-0.011720430227767475,-0.0003756392527490271,-0.022209838004340454,0.0,-0.011183737501890889,0.0,0.002955531655654209,-0.011350252805911565,0.0,-0.023354201208902192,-0.04735434227249219,-0.032191899630645227,-0.04383426142940322,0.0,-0.023286837344204003,-0.03272303307631613,-0.033534963403779205,-0.016221921346846246,-0.02551274853916774,-0.05153259571273905,-0.036629696913184295,-0.03172612795127655,-0.02212272269246146,-0.021753773042367808,0.0,-0.043672581118696374
0.0,-0.01978202679278107,0.019617342764370937,-0.012506031598529976,-0.0066277997286252055,-0.02874515823758661,-0.02371150090808427,-0.05805361637170575,0.032846037227633296,-0.02365469613387866,0.012740374557202228,-0.004913056565191309,-0.031035506302379,-0.01509664832691443,0.0,-0.00040851847244516293,-0.021109371430449497,-0.01687692220512077,0.0,-0.023170964393455895,-0.05249305275325561,-0.01712470756295542,0.02533667127594169,-0.01740296242602274,-0.017415774736032286,-0.013169856047738904,0.03790322042600802,-0.0361988115805178,-0.04289567159540081,-0.045358374063929174,-0.03598794439035258,-0.02485892065483991,-0.02569005223284504,-0.029355509371652044,-0.027832819395848862,-0.02534721648960947,-0.01551885961260574,-0.00845282714373169,-0.035421637451657884,-0.0030466926819229245,-0.050563759237315986,0.0013082656852784202,-0.08554925538803004,5.551115123125783e-17,-1.6653345369377348e-16,0.0,5.551115123125783e-17,-0.11446081362289007,0.0,-0.036074071973555666,-0.06266374860454743,-0.0553760506754401,-0.06445159723806038,-0.08281816274138593,-0.000402381910535321,0.05115421311902457,0.002574051620445994,-0.06246150989314203,-0.025237643726096215,0.0009846817718032752,0.0,0.0,0.0,-0.07419460997730631,-0.016613399474100177,0.0,-0.006339284208176754,-0.07274676065538227,0.0,0.0,0.0029887411387819474,-0.07718315859360919,-0.05906615212305005,-0.05695269647516088,0.0019725667382572976,-0.07833118778033948
-0.02065270370179212,-0.022554180182917605,0.002842159261788657,-0.03203970011717583,0.025888603710046032,-0.00561409231605331,0.015733768509740842,-0.0024831565909462783,-0.011688750722299857,0.015299087135987544,-0.000154233204992138,0.07930224354025867,0.020202247904142046,-0.006140887793834038,0.014872411358819893,0.019888712591372426,-0.013690762760970532,0.010415004003181738,-0.023170964393455895,0.0,-0.007120567610325146,0.01702271777766673,-0.0025808312665448474,0.001450535430698896,-0.008390972303052802,-0.0020784413551769854,0.006271005885503278,0.027560553929390053,0.021093061828776516,-0.0036982589056366866,0.02212551741085056,0.053691990434151626,0.03256384656702188,0.023188967442689667,0.020479067592975964,0.048903444236707894,0.048809071113622315,0.08614795049159457,-0.03014681665640495,-0.03250476975675215,-0.03963123514663558,-0.03736540469592414,-0.01234616448307091,0.0012908190533557073,0.000716657209913929,-0.018047334164669526,-0.022245843616461758,-0.007279990344986942,0.0,0.0008096625747551212,-0.03329671044566557,-0.03811660090632296,-0.04212171839526607,-0.036562527570289216,0.002652070284587249,-0.013801182192019201,-0.009709214971896418,-0.039572650415607646,0.0,-0.057578871574073764,-0.026280248670464412,-0.0018720763664719087,-0.032364484822696715,-0.003026800555952891,-0.047910191318835116,-0.03017741269841151,-0.04032151118353744,-0.0547521645759263,0.024058015112718212,-0.0312547237129559,-0.018997385317398252,-0.052025969905955094,-0.04421126165635292,-0.04980493528876556,-0.03941052422431224,-0.04890824253932974
0.010783563232620363,-0.011397714739821652,0.055915294005217164,-0.00014334965620932394,-0.02146334207272549,-0.023791779568776206,-0.007418212044972061,0.03602655284028572,-0.007979287543470881,-0.014773935835120156,0.0519899732169562,0.02198105375114473,-0.009036045914706803,-0.009933605148211455,-0.007958124907798958,-0.002960839774852675,-0.0027909549322238103,-0.011644759082794165,-0.05249305275325561,-0.007120567610325146,0.0,-0.021847079778982814,-0.002103475911054864,-0.010033585135469314,0.0009982210282588055,-0.00429572510655446,-0.005852754538391458,-0.014432227427340794,-0.008983308864126072,-0.010112025780778466,0.013074270737374605,0.03706006025661451,-0.006082353241388283,0.020753854049025633,0.006895610054453272,0.04832834035848421,0.043810166698291075,-0.00017964921718938154,-0.00404505076788042,-0.01401024103563725,-0.020369470171589577,-0.024309646786584316,-0.009241027092123932,0.0,2.4273600037039156e-05,0.010212141629660554,-0.0320687742628874,0.0025248647886326747,0.0,-0.0004837399275205989,-0.01905239088141575,-0.018952472181476443,-0.026160456777228447,-0.012672266655105069,-0.00017862650934430402,0.0,-0.002533659771865371,-0.022465084565297666,0.0,-0.03728775915149679,-0.018634352040120372,0.0,-0.032989919732970274,0.0,-0.04285981679209844,0.036918503574152606,-0.04127888198882118,-0.0256351634194677,0.03837820061215963,-0.04609063726471807,-0.03008300782333645,-0.03633873321521708,-0.03188228800216941,-0.03407676869475007,-0.041878524744793866,-0.03865703411384863
-0.01570804931196501,-0.015249427219882983,-0.019879707146315873,-0.01127396218207094,0.025585934578944924,-0.011707469878634025,0.00689449018105176,0.02491992450348146,-0.009532131399996813,0.00566227606112063,-0.016052782070528904,0.0631235362927347,0.009325469534876896,0.010905381114546087,0.004346451381231076,0.015238551655601895,0.005436745634424145,0.014100378055228568,-0.01712470756295542,0.01702271777766673,-0.021847079778982814,0.0,-0.024632680549255048,0.0001055644447956472,0.015983760947350933,0.0021275036356201427,-0.014056683236439271,0.02314916594415889,0.02547457902204292,0.005261605773297706,0.010681854558160675,0.0292470778567947,-0.006468646103923781,0.014654921764831852,0.00723837335347377,0.02699027512744523,0.031260932757161186,0.09799943902946828,-0.015502333022220594,-0.027573858513182725,-0.03066694795314534,-0.035347711540362425,0.006972489531122783,0.0,-0.006267257670541093,-0.04498036526170923,-0.028171389337288855,-0.027128306494018373,0.0,-0.0005824055600590072,0.0018500640292843373,-0.023869156338230002,-0.0227084891054522,-0.016945467079241605,-0.01953870544255576,0.0,-0.010722438715018157,-0.025925721448551486,0.0,-0.07264135675561267,-0.02233851653032054,-0.005424284706094795,-0.030616458473350705,-1.1102230246251565e-16,-0.04080544570746636,-0.03568525839642894,-0.039608274176120284,-0.04491016992018526,-0.035112007760954356,-0.03627649253829596,-0.03486367367353893,-0.03684685106890251,-0.0401021943497652,-0.03850665268948683,-0.015957618203929047,-0.03077766831744122
0.033956699114510824,-0.03274204143782733,0.010255790782342566,0.02043235505577723,0.018518732244354852,-0.022294777373670527,0.001217571485567892,-0.01635293656587533,0.0019499381620243228,0.006432956747308538,-0.010935857707335628,0.06515929958221195,-0.012832963372680528,0.019211403388491533,-0.008218927029801093,-0.0037598144579177317,0.032229864630734295,0.033626694404612134,0.02533667127594169,-0.0025808312665448474,-0.002103475911054864,-0.024632680549255048,0.0,0.029497417820032623,0.027950739862699858,1.4686801793117876e-05,0.0008733892163108048,-0.01578839386371128,-0.038308610324070846,-0.028875919115435578,-0.014278157414083337,-0.002093233500229885,-0.028219538004689182,-0.006148891640318788,0.006112210938107487,0.003619890305035234,0.012110564534358326,0.023848535018518857,-0.03053457923255487,-0.03701662216988344,-0.025189649300227435,-0.02537729667925598,-0.06277527481977185,-0.012415227011583818,-0.027684012432325433,-0.00964131199250895,-0.006502056292870317,-0.04177812866645669,-0.00015061265741006524,-0.027485419789757548,-0.032206645907636555,-0.025056454253514437,-0.021987246700948537,-0.05723689699271983,-0.013896925965717233,-0.053295364792082134,-0.028258160189910564,-0.027300848699800317,-0.038937315896711955,-0.058687458316735885,0.0041874389654725785,-0.006268155534746189,-0.02279094851177549,-0.05269544513673252,-0.047549238052571385,-0.019509829595941885,-0.04432510554516206,-0.035140646621115434,-0.009646470458579692,-0.005610691524946476,-0.02735741585321616,-0.02406768469975301,-0.03343482525979635,-0.02346038926993743,-0.03165886793833356,-0.03785659161088484
-0.00961019429420995,0.011277940626759686,-0.014298205091820337,-0.003630025740236409,-0.03253272176272076,0.012945290013242128,-0.01584851557972844,0.033405466021347974,-0.02747551823607408,0.005298809704134322,-0.01812808198321142,0.04679999670899404,0.007228720411020795,0.0749538882262687,-0.008979554781881893,-0.009126960354413127,-0.016634513183568456,-0.016309998747749355,-0.01740296242602274,0.001450535430698896,-0.010033585135469314,0.0001055644447956472,0.029497417820032623,0.0,0.0036837829827050528,0.024453829944874272,0.03052134906178955,0.03155294741721265,0.030828023479414435,-0.007478857073260681,-0.013120025853118666,0.02889772102946575,-0.01704781355596613,0.010859837513019388,0.05681078116738597,0.07907279347161628,0.019495770505637777,-0.010725013523415206,0.08519769178273146,-0.006452160420835518,0.025367300531226655,-0.0018882875681865974,-0.019552149976737487,0.005247554830166423,0.11510093618030104,0.013028729371019565,-0.052711731036704346,0.00032306897055239814,0.0,0.0,-0.009636386766471217,0.007890386696066343,-0.0002723390534465353,0.003268258337437213,0.003166707778496869,-0.0014645350730308482,0.017359616246073573,0.016307086623946476,0.0,-0.019943471675204882,-0.043725101425495905,-0.027445452067357434,-0.03566221268741249,0.0,-0.00293616130896468,0.01014015067321622,-0.027774396638143906,-0.015863178771150344,0.027909371564173835,-0.037105965170305566,0.0017828570779789832,-0.005904772874734343,0.036825161156751995,0.004565654516007156,0.0,-0.04503460322445968
-0.011517738153962287,0.0018013569010186803,-0.020347025173262923,0.0,-0.03926061498551281,-0.01056434583330651,-0.02473571383083245,0.02692923532977326,-0.0395330954610027,0.07009933548399039,-0.005711867467642406,0.06548952518927009,-0.00574166735645093,-0.000264239151777923,-0.024513773255274818,0.022498396154105316,0.056860990222200314,0.03331328981650494,-0.017415774736032286,-0.008390972303052802,0.0009982210282588055,0.015983760947350933,0.027950739862699858,0.0036837829827050528,0.0,0.029840104427469205,-0.010143761576281607,0.002950690705578518,-0.004976126043780671,-0.00021892100950110516,0.0014656751131567058,0.018186925068045423,-0.015484442882472915,0.011431785811160333,0.01673082186915359,0.007629284828192473,-2.94986769324157e-05,0.009181417589242846,-0.027339121838951153,-0.04713032800275063,-0.040322805168345965,-0.03574820530706224,-0.0017493463077881133,0.0,-0.012517289683645016,-0.04872691294429721,-0.05775711842070158,0.0,0.0,0.0,-0.019945171256775862,-0.007240610952925108,-0.008563267341685554,-0.00031871723199627944,-0.01086067273346547,0.0,0.01360726208816987,-0.02246111877670831,0.0,-0.016584991257152182,-0.052934266920869166,-0.03627298053343392,-0.0453343043019136,0.0,-0.028156460214236956,-0.029917743212262426,-0.034567974080716435,-0.015771306233760662,-0.01231851210350643,-0.05461600547956641,-0.03974116086984175,-0.02036136871496269,-0.02545001907821931,-0.022379124536335004,0.0,-0.04518216542939868
0.014202390927690156,0.008968825002733216,-0.013392342334943186,0.0045153724506517,-0.024869840282905953,-0.009940129640314488,0.012469534344094091,0.03859084131820517,-0.004325706367207582,0.04648200835473004,-0.001945734483674133,0.06101625118824816,0.004407465360804996,-0.002868018805938677,0.006390166040902812,0.016349743763504454,0.010013400936391137,0.021209548367361497,-0.013169856047738904,-0.0020784413551769854,-0.00429572510655446,0.0021275036356201427,1.4686801793117876e-05,0.024453829944874272,0.029840104427469205,0.0,-0.023853783103726656,0.017545343852706008,0.006193672472469602,0.05037379981638407,0.017055804380128714,0.029009049422912714,-0.0033996606270609853,0.01927942130165966,0.02088856280970819,0.014421425030627932,0.034484261217472056,0.09969894074637264,-0.008875997187643592,-0.027937331030599533,-0.03014973489465017,-0.03178799015742201,0.03939754368481635,0.0,-0.03373982715168378,-0.03808790090930736,-0.04085978839029064,-0.01650645030522252,0.0,0.0010697030703799015,-0.010537214789555993,-0.00685923918002046,0.005290278966111173,-0.007081685155028716,0.003138140563614167,-0.00032734231876219155,0.018009085613696962,-0.01145069148136918,0.0,-0.06474112731901022,-0.02840403583071266,-0.02184484627199157,-0.03694618306001418,-5.551115123125783e-17,-0.040176719682475714,-0.04806889461553315,-0.044931781107062696,-0.035089896755447714,0.0024556956216224,-0.04263618103132061,-0.04323165030539555,-0.03529800608816458,-0.016098360268876788,-0.02807076300957767,-0.00035022198105760793,-0.04427059242108078
