0.0,0.0038196907157262983,0.023023527524062504,0.0,0.000276762386793139,-0.017802710999134164,0.027892867168421598,-0.00029644630702280184,-0.00607013187731037,0.0035844113421822366,-0.0006317366300158112,-0.011029706285873686,-0.004394358267418241,0.002343588856726919,0.0007246567774757406,0.01727484226136572,0.01070636264224839,-0.0012619015042440451,0.0,-0.0012905674709152715,0.0037960326208992257,0.010392692466569653,0.0008590876566874073,-0.004709749298402122,0.005370049580487479,0.003747604681344996,-0.0021157174695825565,-0.00611262643904914,-0.003848005356329065,-0.012547871435050206,0.01361318295240066,0.0030026927652755386,-0.02171397432135036,0.011172503996528305,0.0015134922203304257,0.003358656188930942,0.0,0.020287889581566687,0.03074204538666253,0.006900146619571501,0.026230257180583638,-5.859908043875928e-05,0.0,0.0,-0.01287950468785315,0.048369868820581974,0.02362220891262168,0.0,0.0,0.0,0.014158829355208569,0.0,-1.3928721203648742e-05,0.0,0.01138203017648054,0.0,0.03096219862073718,-0.003237678803205968,0.0,0.016617906532139515,0.04087637923251358,0.00842161503763611,0.030218596805474007,0.0,0.031220597455482113,0.027091842754567885,0.022793097771760917,-0.005349385125396511,0.01986366634273984,0.0325242244797615,0.024247270549955957,-0.01587101070701641,-0.0005851684122269996,0.020792521269499098,0.0,0.04133551257934298
0.0038196907157262983,0.0,-0.002498327359005792,0.0,-0.008847052545732537,0.004079972254882769,0.023934855926629972,-0.0021336499491478866,-0.0005534666354931606,-0.0473620684318658,0.0010097492213902992,-0.03899014753469504,0.02681227397172181,0.0,0.025963554472524297,-0.0015489635305741545,0.013840938483783538,-4.9600802115468134e-05,-0.001966199818640435,0.02315531841686913,0.010403728478992569,0.009893189107036848,0.022524650568637117,-0.009544390631811617,-0.002332572788344145,-0.009092463227157843,0.011705765139880364,0.036390253920650484,0.015831828947686588,-0.0021200605553062246,0.015468841048398518,0.016309479871644994,0.0034069943208923648,0.015474292457502481,0.02989602946429215,0.09682307559125702,0.0021440009732976995,-0.00036055649617294794,0.029997669752589107,0.033809989672396346,0.03306595005372259,0.041275720629261436,-0.006055677677503035,0.0,8.309376570003746e-05,0.028651312382435012,0.026035946411750166,-0.0010825413498078973,0.0,-5.551115123125783e-17,0.02458591908391855,0.0012729203949239376,-0.0007368287279402308,-0.005741618212862676,0.02280671323298611,0.0,-0.009759877757576585,0.024443366135554756,0.0,0.035338604978197796,0.030170878192504136,0.04184891895674264,0.017908389302328964,0.0,0.02122932487354101,0.02109397900697374,0.02606057396895828,0.019678820979945333,0.0019106718100216913,0.02095410816294757,0.037378826126241216,0.015609377431876292,0.04160512198447597,0.032235120978113374,1.5256944366659475e-05,0.018633467518747282
0.023023527524062504,-0.002498327359005792,0.0,-0.014522246823960416,-0.007180359345563603,-0.015820757441229794,-0.02564798107068389,-0.024212663825140146,0.0007512911873884254,-0.004820787778060331,-0.02765484275940172,-0.01371990978512,-0.03297054219240614,-0.029001323917665522,0.005003345719749752,-0.005617724799573065,-0.012445853700823073,-0.004180105035971271,-0.027791641238772674,-0.024787651715379444,-0.023800003131540737,-0.022875221013100022,-0.02403334266106444,-0.02466354561470735,0.025933028185077867,0.002372563834045771,-0.009445376520437976,-0.028160443706366334,-0.04069114893271647,-0.03413326320148635,-0.025288315922466387,-0.02290462994609732,-0.009814414651642955,-0.016138644093382448,-0.01533423859615829,-0.031147820289058936,-0.014371552656213593,-0.01954897835681113,-0.017490930463624876,-0.00656071631612698,-0.001971348292489905,0.00197102804828031,0.0013382631322478855,-0.0038695980774375305,0.00021116300292595147,0.0,0.005182381257185287,-0.09995727057497067,-0.00036044370939641857,-0.02297641382909843,-0.010511781475135984,-0.020850751092822417,-0.017419043490215724,-0.047500696458664504,-0.01685455317304735,-0.08032209656826517,0.004851780823661833,0.005251422469165656,-0.003505221359781485,-0.0022721694511896873,0.000632066815402399,0.0,0.0,-0.1553735316209286,-0.007155546931489176,0.0006254438773600213,-0.018490622490880293,0.0031314630505481222,0.0,0.0,-0.024584727231877157,-0.07254845964098877,0.01746146552034089,-0.018103192757403797,-0.004761175057025224,0.02046656341880604
0.0,0.0,-0.014522246823960416,0.0,0.00996920475169838,0.013649432215945334,0.010089992594719044,-0.012060445051877922,-0.0009671653516772905,-0.003703467292066609,-0.05607746491921711,0.0012467064274435669,-0.026993871083061616,-0.016262609468884415,-0.00568769920463974,0.0,-0.0003181303162334559,0.0,-0.04461310421412973,0.009688447688442237,4.914200468852936e-05,0.013954678699871215,0.00857214534028733,0.0017838674101064433,0.0,0.0026610310923943503,0.01798567040331006,-0.023808841008811477,0.005133226910793931,0.0002555841312104623,-0.010445142985950173,-0.04062514027974212,-0.0016654264572214528,0.013901968555764532,-0.03118678274861908,-0.017759638179539183,-0.022293247568873548,-0.002947465947711503,0.0012251203930312982,0.0,-0.000994563080448263,0.0,0.00020271011410527562,0.0,0.0,0.0,0.0,7.124873856340086e-05,0.0,0.0,7.02676932913815e-05,0.0,0.0,-0.00016680247126049652,0.0,-0.0001707636245564803,0.0,0.00012556895322546335,0.0,0.0,0.0,0.0,0.0,0.0,0.0,0.0,0.0,-0.004877088462995338,0.0,0.0,0.0,-0.004361197701938491,-0.00016349559208989062,-0.0006430488970541326,0.0,0.0
0.000276762386793139,-0.008847052545732537,-0.007180359345563603,0.00996920475169838,0.0,-0.03540104228613028,-0.026844630485135357,0.009537144610194614,-0.003911349216088544,0.008189313187072722,-0.02110074730667566,-0.008549164982229795,-0.011773225489328965,-0.013327971435227293,-0.012452619768699658,-0.004749460696313046,-0.00043768687840189946,0.004565722007479345,-0.015221233954988644,-0.02713568948708711,-0.004583369897388889,-0.018331887170096706,-0.026990324014271927,-0.01884625457386807,0.019491986626349045,-0.0042401129982985175,-0.023356368392436988,-0.023825261444703205,-0.035797532041596025,0.000341343019280127,-0.027031403151783484,0.015198666033215513,-0.004015757377365092,-0.009735410312383563,0.0031749452839954784,-0.006535280547195044,-0.06163928753435799,-0.002407153028068265,0.05337015822571106,-0.011074909852412107,0.02818854950147942,-0.022206065024083843,0.06024913698775247,-0.00017537912217596707,-0.009382795101603392,0.0,0.0003588878741417334,-0.0003913700192873515,0.0,0.022565152588368775,-0.01646854249984575,0.006167268885504229,-0.0013074547509339673,0.01573639603109822,-0.00021571970478989622,-0.1295460571543478,-0.0009165825138304773,0.005788551881978354,-0.01946578123162107,0.013574049517252995,0.0006610127285291423,0.0,0.0,0.030213863091118176,-0.015014937243039927,0.0,-0.009636475863747607,0.000276682959318042,0.0,0.00015490192924444424,-0.008970689389755648,-0.013842170384770647,0.004620143967185131,0.0019369047787299865,0.015236221041152853,0.007075946495598617
-0.017802710999134164,0.004079972254882769,-0.015820757441229794,0.013649432215945334,-0.03540104228613028,0.0,-0.03324708194230058,-0.040928779653846725,-0.03517531802560164,-0.01477007249476342,-0.010452214659935455,-0.021685045590072727,-0.02574834039176771,-0.025052145805050385,-0.020438238041878443,-0.002599565865010589,-0.006950906399940393,0.0026260415382077795,-0.0025185012723657474,-0.014694995268488498,-0.011173249508247107,-0.014951082336433275,-0.024762472967926885,-0.04235111411974407,0.005225718564164927,-0.001493777643746086,-0.027421243351514246,-0.015103487737231303,-0.0323666449744901,-0.041826828365797486,-0.03531326264728102,-0.025978213332460642,-0.004134513071692325,-0.02192787487792419,-0.017657003449104147,-0.021772663459245667,-0.03612561670523401,-0.020275244871429565,0.000842093441684677,-0.014553631437137893,0.0132167498922513,0.01131897139973137,0.007148485080361422,-0.004195418896152547,-0.0030284127871244015,0.01308211989510083,0.0019111755385865514,-0.015148021595455252,0.0,-0.008208827743085734,-0.02145981083234233,-0.014195419610379623,-0.02624020924536613,-0.008974035189423968,0.009248694468675156,-0.0010008061949012825,-0.006198959120210901,-0.0025101040327112356,-0.030949759784351216,0.0019257144015854544,0.009595526267315413,5.551115123125783e-17,0.007734697979958072,-0.012355938664313615,-0.01614583251017493,-0.0393439546215526,0.0028601832050668685,-0.005432669780264576,0.0,0.007073401899398424,0.0031891395206892215,-0.013407064377320366,-0.007648933502639399,-0.01884610055163788,-0.008519479866667568,-0.0023746127859258226
0.027892867168421598,0.023934855926629972,-0.02564798107068389,0.010089992594719044,-0.026844630485135357,-0.03324708194230058,0.0,-0.006929200075715569,-0.03669158297120573,0.00383354782276607,-0.019326561011925147,-0.0064906106953997456,-0.013011667241293656,-0.008711833653654522,0.0030118853841994975,0.0012463118364696157,0.00012202789950266357,0.004348786776004476,-0.0206006404543686,-0.014247329037505474,0.014536992363482215,0.00015810517355846487,-0.021772015316153526,-0.017598322425240398,0.005234104143596652,0.0035350177441666464,-0.02396595380894201,-0.010202629391174278,-0.019018591781181537,0.006161729743903888,-0.017477217511702725,0.01915346751113578,-0.002045601456786561,-0.006879530634314679,0.004642437398280297,0.004479920768882484,-0.06518597083999639,-0.0053270221042171495,0.018947278935547374,-0.0032406148951257263,0.017304671336916932,0.02833034532164458,0.02495711012899121,-0.0010813519027212948,0.005137243988005136,0.00012802130840250392,0.017911454595674725,-0.007203202867713809,0.0,-0.004563070776646527,-0.010125136959136749,-0.004174922781071788,-0.01442659668769336,0.0005829960598117134,0.030502686942694535,-0.03648879819889422,0.02641100961263687,0.007157455904267196,-0.012551654145495361,-0.005561517290786855,-0.001351561597093709,1.1102230246251565e-16,0.0006228751421526457,0.0055810349765833545,-0.021004225549207944,-0.0060930653131097134,0.000979809481120253,0.0024787754808451856,-0.006860766645874095,0.0034768857250557783,0.02160568146074937,-0.005214178695038485,0.0016279682552484687,-0.00885624057461698,-0.00413580218630194,0.006776312734180778
-0.00029644630702280184,-0.0021336499491478866,-0.024212663825140146,-0.012060445051877922,0.009537144610194614,-0.040928779653846725,-0.006929200075715569,0.0,0.015040660330719324,0.016863158661396593,-0.025325891974614267,0.0138229973184808,-0.016147815863778947,0.025581201527752062,0.020513487234228966,0.001206816084830531,0.015505823716001121,0.014794108609763712,0.016073864387079917,0.006851011060529766,-0.023524343461560904,0.008861888549410946,-0.014450789163613753,0.009951460451049443,0.008448503499182303,-0.0012318525721606854,-0.015967224915974354,-0.008971383140466915,-0.014698157282998003,-0.013079717899613763,-0.01499393922009079,-0.0017486344006367727,0.01826395259965341,-0.0066276745629405,-0.007529167855291785,0.013938871603578595,-0.11107852431640403,0.01904938994609845,1.558965049019978e-05,0.014682311308179319,-0.0010809594181743765,-0.0851729451477693,0.019415958896875696,1.6291160015724504e-05,-0.00024504854500806417,-0.0070767282747146165,0.025290068838070834,0.0036578395619398796,0.0,-0.019260653220003532,-0.032330636946892144,-0.01175732713117944,-0.006835438244267966,0.0004030961379453135,-0.006361574109359669,0.028558819920652234,-1.1102230246251565e-16,-0.003513582751734856,0.0133254120736222,-0.030272555406994472,-0.0030987473573473867,0.0,-5.5617267730179165e-06,0.0037046708099198744,0.025547614275746755,-0.029655778735326432,0.010473324320317723,0.009176308054360705,-0.0011116972627879806,0.022522828376336956,0.024692518291446863,-0.01859927511521714,-0.0164577175990967,-0.026785702970703984,8.538253574297272e-05,-0.008115218577839367
-0.00607013187731037,-0.0005534666354931606,0.0007512911873884254,-0.0009671653516772905,-0.003911349216088544,-0.03517531802560164,-0.03669158297120573,0.015040660330719324,0.0,-0.0036221038344078638,-0.01418814737132773,-0.01309215626173349,-0.03396836656252994,-0.00436896549627952,-0.04239225722391454,-0.003820118259385441,-0.010534520278721538,0.003203237331010189,-0.014902107326458525,-0.026367886410028574,-0.05731344361441287,-0.020156183751546597,-0.02968985995240553,-0.019872406128551068,0.024151992189791194,-0.017081082991211194,-0.017542089597167132,-0.026993758939830692,-0.05013706107233956,-0.026363117039867323,-0.022828546440674724,-0.007710485966002045,-0.010775669432328383,-0.013313523708734787,-0.005863490537393046,0.0048034182139447545,-0.018512101395507685,-0.009284408192952731,0.02287543216986132,-0.005774182557226115,0.013888802217848162,0.0046474365120015015,0.01711258410730515,-0.012609179402833737,-0.007051594172369335,0.0,-0.005971750425147193,0.02301833418086152,-0.003690463802680788,-0.008640992619540655,-0.007693878396763942,-0.013214271788859255,0.008235409616648037,0.0008133813723262273,0.008782578863218482,-0.011953749748989662,-0.0009937140999393135,0.0038020244887694288,-0.025534306006888552,-0.02532497488588037,0.007786604869716607,5.551115123125783e-17,0.0,0.004910739660050623,-0.018642956738980365,0.01338280108786577,-0.019092477678103792,0.016351500599496416,0.0013127288891867095,0.0005756801978414328,-0.0035917590456034376,-0.0014853722051390017,0.00045108825588979773,-0.018648506656522623,-0.012880071990411412,-0.016944796481540014
0.0035844113421822366,-0.0473620684318658,-0.004820787778060331,-0.003703467292066609,0.008189313187072722,-0.01477007249476342,0.00383354782276607,0.016863158661396593,-0.0036221038344078638,0.0,0.0014986233551974593,-0.0188273394033609,0.005135919903087427,0.013165722226798515,-0.019237575286277286,-0.015423835318412238,-0.006967593820167539,-0.003980297927707321,0.0018677330192708452,-0.005548570299161559,0.0187496659793851,0.016646379794209687,0.014639761140378738,-0.027241724363015474,-0.0033663212760015604,-0.0025025957195884962,0.0071420900652452435,0.007589133802886172,0.0017165994619502967,-0.01183256503187985,-0.019630362128248757,-0.01799471781088574,-0.03701104896423585,-0.0319725569527477,-0.007966894598487817,0.007046832117678314,-0.03760201418243869,-0.028843571312858585,0.11666764699076221,-0.004403768296522892,0.029436697707575343,0.062946490361392,0.008072871753195265,-0.003380477109688751,0.013829378145586435,0.025450549817760515,-0.006959711273302194,-0.00733639029903288,-1.1102230246251565e-16,1.6653345369377348e-16,-0.0032403912138908586,0.03317458929466022,0.0009627580941411473,0.017840472416385866,-0.007941849488400876,-0.015533704024014383,0.004821244418234449,0.0002836123895420539,0.0,-0.0001599372241298247,0.014397678576847928,0.0020047285749700827,0.016145068506397076,2.5768880413168382e-05,0.01894881536041515,-0.00032561226194138815,0.01130749220254379,0.018451187224969745,0.0023991375674220494,0.02130047075206498,0.008811159999148,0.013802112469642358,-0.01431046042262274,0.03200908775237038,-1.1102230246251565e-16,0.02001079110963505
-0.0006317366300158112,0.0010097492213902992,-0.02765484275940172,-0.05607746491921711,-0.02110074730667566,-0.010452214659935455,-0.019326561011925147,-0.025325891974614267,-0.01418814737132773,0.0014986233551974593,0.0,-0.007241078951051971,-0.01714336749446399,-0.025952314611756122,0.0,1.9355226841044626e-05,-0.004802594495155688,0.00041969020883458885,-0.030741794849397264,-8.895408268305705e-05,-0.010452898848772096,0.004630915264511148,-0.015459733484569915,-0.03583698779794858,-0.0037372720259566394,-0.0024109279080836155,0.003817499926859591,-0.012768788437810707,-0.01018952256529393,0.006744414108530383,-0.00257368656323842,-0.04030343670048997,0.004208295799547401,-0.0010220594989490683,0.00095912237774326,-0.08188211604488138,-0.1150636991356623,-0.00951675720776668,-0.010229719882015764,-0.009479248828151488,-0.008799553342775046,0.008299725014042025,0.010143906658212853,-0.0015249532735572835,-0.004989542373553202,0.0,5.551115123125783e-17,-0.11229590748727691,0.00015611567206047505,-0.02056733692916668,-0.022511734413735662,-0.0262317711798013,0.024474616668909988,-0.02832385836391721,-0.0015430009061112582,-0.06183893939299118,0.0022039438377494114,-0.006973485361218834,0.008113084310502616,0.0008827279766707163,0.0,0.0,0.0,-0.08647960764088686,-0.007716211847372534,0.0,-0.013147455350308312,0.0026381193313841367,0.0,0.0,-0.0023942162897978014,-0.015632801819417952,-0.009775310026429285,-0.03107127640378532,0.00044256206776710494,-0.004459012739648882
-0.011029706285873686,-0.03899014753469504,-0.01371990978512,0.0012467064274435669,-0.008549164982229795,-0.021685045590072727,-0.0064906106953997456,0.0138229973184808,-0.01309215626173349,-0.0188273394033609,-0.007241078951051971,0.0,-0.010743722042316162,0.018162601571263703,-0.00505204636453066,-0.036572481295563675,-0.020173674660836638,-0.025212848116783648,-0.012222584212600085,0.004337374553256834,0.009656123938672323,0.0036803956954145067,0.02443238871665332,-0.01943226573285234,-0.005819953556824131,-0.0030430217370009394,-0.01810384671143167,-0.0012248569909111273,0.0012339382372144603,-0.007269377924307763,-0.033686817466966223,-0.03231936222276993,-0.059945501565640075,-0.03556436604966451,-0.03062502772546033,0.027554560104504633,-0.0262089680118594,-0.050448601663961146,0.044054773984938234,0.014991186226505082,0.048116386896567664,0.042727374139744145,0.007455344862998703,-0.001106519464960043,0.04516021272395804,0.0033898341075260796,-0.0037439596923807827,-0.0031090194711485553,0.0,-0.00023878379531311333,0.008689861994893466,0.008717920146763591,0.0,-0.005600505775496478,-0.006028692729292018,-0.009979095283593642,-0.01502209908157598,0.020489531623324397,0.0,-0.006105039545775959,-0.00023605918731278708,0.0004400162270924435,0.012734443761123149,0.0,0.004456166623556412,-0.00019685821445758478,0.010389907144511934,0.011052117094100478,-0.013542579876068328,0.011635210216699221,0.005395004041208407,0.015212657528325402,0.010084678816105197,0.024685771444628246,0.0,0.008785441001000371
-0.004394358267418241,0.02681227397172181,-0.03297054219240614,-0.026993871083061616,-0.011773225489328965,-0.02574834039176771,-0.013011667241293656,-0.016147815863778947,-0.03396836656252994,0.005135919903087427,-0.01714336749446399,-0.010743722042316162,0.0,-0.025066310412560855,-0.0047346322765898785,0.004011060820425627,0.0018979761508127746,0.006783417259298041,-0.019703615437302924,-0.012245466265805693,-0.023425135063808056,0.0019616372148456573,-0.029794183663221896,-0.016353808402069347,0.007467277856899046,0.007470780915135755,-0.02763167477856454,-0.01943785996142433,-0.010130989251935785,-0.004086920546754413,-0.008871398794490837,0.013269101404544459,0.001201596161721552,-0.0008010859433200679,0.011241381775293324,-0.007043730805270043,-0.0054178970348541244,-0.006589200524183991,0.029530678500327923,0.030473724575059313,0.028446170129535653,0.03705857647995525,0.029289091112252696,-0.012141225886502016,-0.015462213656368129,-0.00333554678094905,0.016667700000935037,0.005173030522776734,0.0,0.002242711722975854,-0.007127049152662157,0.0016334903110795107,-0.014030023169585126,0.007135482114815739,0.013368535165859008,-0.009140503660558574,0.011651398270141944,0.01033369033900522,0.011930246557391166,-0.01150510709994701,0.022146667262622044,0.0010777736122979942,0.03149219413496912,0.002723913023871094,-0.016956089643835603,-0.044302408342936805,-0.0012952812327876595,0.007383768566075699,0.002906476404556657,0.013036459376650267,0.016502507308473247,-0.001100654363285214,0.006643105265638383,-0.0022680548309247373,0.006035970003364199,0.005373152282161731
0.002343588856726919,0.0,-0.029001323917665522,-0.016262609468884415,-0.013327971435227293,-0.025052145805050385,-0.008711833653654522,0.025581201527752062,-0.00436896549627952,0.013165722226798515,-0.025952314611756122,0.018162601571263703,-0.025066310412560855,0.0,-0.02419024444325668,0.0,0.0,0.0,-0.015908511936628233,0.009177597973628715,-0.010047583822004935,-0.0013001090697092321,-0.010284291640062504,-0.023128126630434453,0.0341244059819531,-0.00612799051393309,-0.032341460947962586,-0.010626626370555226,-0.04636255836346981,-3.0546141642551206e-05,0.04783411935535847,-0.04479566928724488,2.233846872867762e-06,-0.0009625556443426109,-0.004992732918730702,-0.018655670658867113,-0.012866781957560303,-0.03773506817617317,-0.001872980763823473,0.0,-0.0013911861387677082,0.0,-0.023843484288578354,0.0,0.0,0.0,0.0,-0.02047908549276478,0.0,-0.02867596761542157,-0.02646224257822155,-0.0031233331403021647,-0.016091655856957265,-0.026271064820717283,0.0,-0.019035827610648204,-0.0004532116184812196,-0.012747568783670116,-0.02484565173446268,-5.551115123125783e-17,0.0,0.0,0.0,0.008200793522780248,0.0003591775799794972,0.0,0.0,-0.01790723106060288,0.0005680016303187263,0.0,0.0,-0.023572714735200506,-0.023114794814335482,0.006700446955745565,0.0,-5.551115123125783e-17
0.0007246567774757406,0.025963554472524297,0.005003345719749752,-0.00568769920463974,-0.012452619768699658,-0.020438238041878443,0.0030118853841994975,0.020513487234228966,-0.04239225722391454,-0.019237575286277286,0.0,-0.00505204636453066,-0.0047346322765898785,-0.02419024444325668,0.0,0.010928784977623562,0.01843196742489628,0.02246591629410144,0.0,0.008791704608399564,-0.013533476829854951,-0.0014218900730351702,-0.020611938971404342,0.017760289965108145,0.019354288813993314,0.004938793669693686,-0.0405989300595721,-0.008081177884787571,0.00012229645476097284,0.00028273674867218546,0.009697156386348826,0.009584466707524886,0.011246843108833615,0.015865265157893105,0.02641307508475843,0.006970017163349107,0.016879971105316027,-0.019422434671065913,0.027813814889739052,0.030692984836301007,0.026787517520417026,0.027833553415419376,0.0651868859048334,0.0006124956042186103,0.014998499286977607,-0.04719527538826829,0.010879690249908036,-0.013888356547333058,0.0,0.0,0.018841051238381146,-0.007139846491137136,-0.013155464441339915,0.011370937159884575,-0.0001233618521335189,0.0,-0.0021932709074897194,0.009549644906124977,0.0,0.023972398259828,0.0218052756392369,-0.0001287930367621648,0.046435044775813894,0.0,0.03163998579189575,-0.017206453194130777,0.024785371446371995,0.012625804799864637,0.004251268346848525,0.047519972615508554,0.012591286783193323,0.018854707137286597,0.025447426379670957,0.028871629475165084,0.016192855013394736,0.019935520392368178
0.01727484226136572,-0.0015489635305741545,-0.005617724799573065,0.0,-0.004749460696313046,-0.002599565865010589,0.0012463118364696157,0.001206816084830531,-0.003820118259385441,-0.015423835318412238,1.9355226841044626e-05,-0.036572481295563675,0.004011060820425627,0.0,0.010928784977623562,0.0,-0.009830583852802277,-0.022949023457671913,-0.0006080620777339507,-0.042242654417744885,-0.008149794063545102,-0.018706351546913913,0.007473471412598576,-0.005484602296721541,-0.00520031418199407,0.0062977280897070775,-0.009926512064924287,0.004478533472890567,-0.001458990462584353,-0.00023325150272501816,-0.009393491939702459,0.006787495494967155,-0.02974454199764276,-0.013598566529360201,-0.002927740950866009,0.05237376861220627,0.004921815639303384,0.014676780734517947,0.02007587937612082,0.010811514416651069,0.01942231717131554,0.024606009534436923,-0.011761548247018472,0.0,0.0,0.0292605268194005,0.020729380190050162,0.0,0.0,0.0,0.0216714741583956,0.0005816330582004703,-0.012064999851843894,0.0,-0.004747956657039865,0.0,-0.0019892246035866368,0.02354473442753341,0.0,0.015767406962089114,0.021090399917449876,0.013644989404012375,0.014135100567139958,0.0,0.013731739127507081,0.008411794843951048,0.01414012669203274,0.003724115938349204,-0.046085898572264916,0.014766264847723753,0.0208522119695701,0.005150913761822862,0.031035067168530606,0.02858127211494943,-0.00011001738972560293,0.009386088615484733
0.01070636264224839,0.013840938483783538,-0.012445853700823073,-0.0003181303162334559,-0.00043768687840189946,-0.006950906399940393,0.00012202789950266357,0.015505823716001121,-0.010534520278721538,-0.006967593820167539,-0.004802594495155688,-0.020173674660836638,0.0018979761508127746,0.0,0.01843196742489628,-0.009830583852802277,0.0,0.003404971275091928,-0.009543766140015952,0.0023499365763927638,0.01102712644923537,0.020052187831602897,0.0028665865806474233,-0.0054511511418120495,-0.028792517305273102,-0.016084521237318572,0.02049126386044764,0.00023151207371929772,-0.01642880898461957,-0.005509880020573288,-0.008528466528335166,0.001159210216521711,-0.018217623607828415,-0.0113249959556187,0.006176740640713108,0.0050975122722771715,-0.0017611734230735254,-0.02228159872826102,0.01221836985597341,0.006906860416825866,0.01686185155447767,0.0345005639475931,0.0,0.0,0.02445479208677337,0.05992966631541796,0.01409792612733074,0.0,0.0,1.6653345369377348e-16,-1.4444066893326557e-05,-0.00023069897188388033,0.0,0.0,0.004261287512693446,0.00040942874691668463,0.005411277589760399,0.00906568953286463,0.0,0.0,0.013021510422180804,0.0068648750308461515,0.0242890046846031,0.0,-0.00024846148522750244,-5.551115123125783e-17,0.017315268471002676,0.0018018197988340923,0.0024770360746803055,0.021541497738344906,0.01630601984282437,0.0,-0.002887924572565481,0.0008554539635257097,0.0,0.01449856961000412
-0.0012619015042440451,-4.9600802115468134e-05,-0.004180105035971271,0.0,0.004565722007479345,0.0026260415382077795,0.004348786776004476,0.014794108609763712,0.003203237331010189,-0.003980297927707321,0.00041969020883458885,-0.025212848116783648,0.006783417259298041,0.0,0.02246591629410144,-0.022949023457671913,0.003404971275091928,0.0,-0.009002324804388562,-0.0019101551155187302,0.004634529630161088,0.009975920116938097,0.02042910846758661,-0.013028553848281887,-0.009882781557568332,-0.013571971878230282,-0.00758068893637559,0.0021194940836866127,0.012681222792128521,0.009440763904913774,-0.0010180324851523648,0.0096642689074935,-0.00801539620107633,-0.00022933946896153135,0.007389300214394656,0.0070774630516143855,0.0,-0.014583943417751433,0.027774231554570317,0.015390238074406648,0.018547725041045404,0.023685988364513633,5.551115123125783e-17,0.0,0.014178242706863575,0.034573989865655685,0.021324746382540005,0.0,0.0,0.0,0.03148031836692394,0.011089096570563894,-0.0011033496600839632,0.0,0.007509493996788519,0.0,0.0066696705176881865,0.019229067512375075,0.0,0.021161202266365864,0.02630188385451193,0.017008118074942957,0.03002966116973843,0.0,0.01936422744526617,0.009450724884745687,0.02177023604063605,-0.005829848393157866,0.014435259737155148,0.026328078198526617,0.020293729511056624,0.012685501284886824,0.028332167836488453,0.026841642134859345,0.0,0.024668949643041227
0.0,-0.001966199818640435,-0.027791641238772674,-0.04461310421412973,-0.015221233954988644,-0.0025185012723657474,-0.0206006404543686,0.016073864387079917,-0.014902107326458525,0.0018677330192708452,-0.030741794849397264,-0.012222584212600085,-0.019703615437302924,-0.015908511936628233,0.0,-0.0006080620777339507,-0.009543766140015952,-0.009002324804388562,0.0,0.008366610016447451,0.02850008932324327,-0.02036524021941427,0.011029475491293739,-0.039596574374404614,-0.0021115092220885257,-0.010075057346462857,0.015292286736759919,-0.018141541860952515,0.0021821127521406414,-0.0034096774136985197,-0.01110018621388803,-0.020722872579921614,-0.017085188679723584,-0.006074200165893107,-0.0006437268169176003,-0.03008476091940221,-0.10071237109048803,-0.008748402640422148,-0.03769424805891225,-0.0073390118057568565,-0.0042801627899523575,-0.0002195393870128015,0.017587022424593146,5.551115123125783e-17,-1.6653345369377348e-16,0.0,5.551115123125783e-17,-0.07223525145007575,0.0,-0.023457783037731217,-0.017480367908237593,-0.02896591317496333,0.020846917928959985,-0.0037313211654469436,0.00010104696719293038,-0.13532142128263863,0.0014845856356756615,-0.024335687885562007,-0.00727454763255847,0.0003382042895396231,0.0,0.0,0.0,0.015023815436161714,-0.011077230479521416,0.0,-0.006975648294447467,0.006408676330867613,0.0,0.0,-0.00010056384077905545,0.023931583324174444,-0.011487945949206435,-0.01792130988393842,0.0014613772310912987,0.0005091025628286561
-0.0012905674709152715,0.02315531841686913,-0.024787651715379444,0.009688447688442237,-0.02713568948708711,-0.014694995268488498,-0.014247329037505474,0.006851011060529766,-0.026367886410028574,-0.005548570299161559,-8.895408268305705e-05,0.004337374553256834,-0.012245466265805693,0.009177597973628715,0.008791704608399564,-0.042242654417744885,0.0023499365763927638,-0.0019101551155187302,0.008366610016447451,0.0,0.008011137524213674,-0.015703810420838904,0.027652570721475533,0.02914372872475335,0.017081540627986502,0.012748458406758811,-0.015796752634663846,-0.004645438571389604,0.01138422699671443,-0.00021515165773905442,0.0005002445694617941,0.005237627308051274,0.012966163099516537,0.001898150462574577,0.01849393358306828,0.01630955039733406,0.022094143420625545,0.008545383702054543,0.034215838680326016,0.036747998150436945,0.03320701443807278,0.042808284078391434,0.03354128847082166,0.0008384621186087182,-0.0017839938002313649,0.029852597777881296,0.02105165576589052,-0.0059825342357729405,0.0,-0.011890258020718691,0.024553507799452645,0.004136366711677664,-0.010767834856218628,0.009099041896609261,0.001958256464686836,-0.019577331806894138,-0.01205157142208535,0.011986963280063767,0.0,0.025889153834852574,0.03169823044651737,-0.002701476405532144,0.04504221607881642,-0.006632488858520358,0.025255811330779365,0.009271936060835095,0.021093354635255024,0.012296284785157652,-0.0016483380730665798,0.025113711833783248,0.021035068626016895,0.0123533252508512,0.020512810424962502,0.02593870287369454,0.013489597816760068,0.022761543686581953
0.0037960326208992257,0.010403728478992569,-0.023800003131540737,4.914200468852936e-05,-0.004583369897388889,-0.011173249508247107,0.014536992363482215,-0.023524343461560904,-0.05731344361441287,0.0187496659793851,-0.010452898848772096,0.009656123938672323,-0.023425135063808056,-0.010047583822004935,-0.013533476829854951,-0.008149794063545102,0.01102712644923537,0.004634529630161088,0.02850008932324327,0.008011137524213674,0.0,-0.015155440910949725,-0.0029469368249067096,0.019461542995237224,0.010263060215039421,-0.0007041777984590492,0.0012729137537936808,0.004064535437112882,0.009452024166903994,-0.021884205168649584,-0.014405908433506864,0.00020916840987994512,-0.028543714915682028,-0.019216940698474128,-0.00481147043590463,-0.021388284680220693,0.008257046951313851,-0.003603555004845993,0.011691161092485525,0.010698187374155288,0.009452574717071394,0.029502853143554997,-0.011857687319838606,0.0,-0.00021476363439965063,-0.037193815332776936,0.0055248163824543894,0.0014562171043710492,0.0,-0.00027899725945490506,-0.008506909648449912,-0.007253862164826541,-0.13979669261302347,0.008207579370240248,-0.00010302293389025108,0.0,0.005584338362710661,-0.021068680299942577,0.0,-0.001550150269065409,0.03344704440595747,0.0,-0.008121421589630529,0.0,0.007098911972174049,-0.025992929917159124,0.023609163144010015,-0.09269451631454212,0.11449755363816722,0.01905529725019406,0.022414457077995886,-0.03218054112514013,-0.016164308788287396,-0.014331428589757944,0.0014999585246606162,-0.018220112114084197
0.010392692466569653,0.009893189107036848,-0.022875221013100022,0.013954678699871215,-0.018331887170096706,-0.014951082336433275,0.00015810517355846487,0.008861888549410946,-0.020156183751546597,0.016646379794209687,0.004630915264511148,0.0036803956954145067,0.0019616372148456573,-0.0013001090697092321,-0.0014218900730351702,-0.018706351546913913,0.020052187831602897,0.009975920116938097,-0.02036524021941427,-0.015703810420838904,-0.015155440910949725,0.0,0.004236421865577711,-0.015475366810029645,0.003635379316833498,0.003226963780083747,-0.011782982718892054,0.003206272323969195,-0.0029821852216236344,-0.0032294997596253316,0.006841096548229675,0.009925977438600575,0.005575199845315515,0.006900314824893117,0.020649164731782355,0.03474559827590984,0.023941123792394048,-0.07802857098903432,0.03138465522362255,0.02900572456276823,0.031270270114365506,0.03342939153935115,0.05750373392589514,0.0,-0.009777472013537014,0.024372990955242202,0.013233950039162445,-0.013005405584043228,0.0,-0.0004917673166993652,0.019850430092631877,0.008348539518592102,-0.0035969088785490766,0.002381964976095441,-0.00554526188868093,0.0,-0.005391018925772484,0.017149250403273086,0.0,0.02043834943715045,0.025162816470405913,0.002873641417428574,0.03324310662791441,-1.1102230246251565e-16,0.02476124832073323,0.008364140217047233,0.013431034447817403,0.017323428825893217,0.006043070670742334,0.012534328363275338,0.019104815396482677,0.01844294844871497,0.025669226248878074,0.033494804537034684,0.025813018693060574,0.021741526661146315
0.0008590876566874073,0.022524650568637117,-0.02403334266106444,0.00857214534028733,-0.026990324014271927,-0.024762472967926885,-0.021772015316153526,-0.014450789163613753,-0.02968985995240553,0.014639761140378738,-0.015459733484569915,0.02443238871665332,-0.029794183663221896,-0.010284291640062504,-0.020611938971404342,0.007473471412598576,0.0028665865806474233,0.02042910846758661,0.011029475491293739,0.027652570721475533,-0.0029469368249067096,0.004236421865577711,0.0,0.01490634518272399,0.023350024017124216,0.009475838766574207,-0.017831169211439568,-0.01842121431562288,-0.025087264850560453,-0.022802481742213943,-0.018302840800112352,-0.004106019453990917,0.007616308644465608,-0.0074009514722263026,-0.002634435697995874,-0.013534950298027815,-0.03748495183026629,0.016595349394882608,0.018866193960470623,0.023140709095748446,0.020716562232055202,0.022361551504395116,0.028126032871594264,-0.01418156405822285,-0.008643312902453348,0.002179673635017698,0.018011052062226307,0.01200851504108158,-8.686592994716635e-05,0.0007827076822269907,-0.012502932003038647,-0.004476940025529785,-0.013146922290479757,-0.0020300097316240384,0.0068580855039199196,0.038833524332194,0.05338559895011369,0.0045758291858835065,-0.0017222282589495208,0.007106054348363922,0.026586688562761918,-0.009203587309623451,0.030792114889933497,0.021778968829950784,0.007390428623367196,-0.02202965799509493,0.01597198611775591,0.005664591059114765,0.0017907354896490868,0.009789046226121645,0.02411331444586573,-0.005745613691270912,0.005667157279559243,0.007150284779880778,0.0013965107090772033,0.003369992042312364
-0.004709749298402122,-0.009544390631811617,-0.02466354561470735,0.0017838674101064433,-0.01884625457386807,-0.04235111411974407,-0.017598322425240398,0.009951460451049443,-0.019872406128551068,-0.027241724363015474,-0.03583698779794858,-0.01943226573285234,-0.016353808402069347,-0.023128126630434453,0.017760289965108145,-0.005484602296721541,-0.0054511511418120495,-0.013028553848281887,-0.039596574374404614,0.02914372872475335,0.019461542995237224,-0.015475366810029645,0.01490634518272399,0.0,-0.009781830353942256,-0.0024417359180798903,-0.012848629371238263,-0.004965011498682392,0.03234566513195175,-0.023940766239287647,-0.02024121580357119,-0.055137249726332216,-0.03471814706205839,-0.02663245598738917,-0.007620454029438006,0.005445932341085646,-0.006768099282705553,-0.011384876479804351,0.11371261809096006,0.011218962436574997,0.02968067938415636,0.011884500866160497,-0.008128885311042056,-0.010007134811120255,0.02811134434600704,0.02804224873739336,-0.010006761665576291,0.00018633019990937916,0.0,0.0,-0.012286527809109049,0.011432055391429607,-3.832060691527639e-05,0.0022837642875196407,-0.006325295056102076,-0.0008446713791965266,0.00508748545998966,0.0008041774880712671,0.0,0.052841810741098505,0.03608451165665988,-0.012355845581475566,-0.0010564602276577628,0.0,0.002051571351380399,-0.021366456445131854,0.0762400018754037,-0.021418877305371398,-0.03316001917797795,0.0014089102826396749,-0.0068164977468840315,-0.008185570747963777,-0.02486463924947019,0.0010580797223216365,0.0,0.010835895921249283
0.005370049580487479,-0.002332572788344145,0.025933028185077867,0.0,0.019491986626349045,0.005225718564164927,0.005234104143596652,0.008448503499182303,0.024151992189791194,-0.0033663212760015604,-0.0037372720259566394,-0.005819953556824131,0.007467277856899046,0.0341244059819531,0.019354288813993314,-0.00520031418199407,-0.028792517305273102,-0.009882781557568332,-0.0021115092220885257,0.017081540627986502,0.010263060215039421,0.003635379316833498,0.023350024017124216,-0.009781830353942256,0.0,-0.012846467137550333,5.066632722139364e-05,0.004747668880647871,0.008566897487879643,0.0003478604201783697,-0.001346142155672081,0.0065757598815870955,-0.012561659622283672,-0.00436386268103639,0.013252442249180652,0.006072656813778665,-0.00022006968362775492,-0.021066333898418055,0.02985831622694113,0.015029336227627421,0.015468666414211407,0.022665291717511082,-0.0007041447666656375,0.0,-0.01716369411680796,0.026399329045847686,0.028547091092194,0.0,0.0,0.0,0.024639889883144472,0.019496482669069337,0.005455112699253972,-0.00018382033239178197,-0.0025697969692080602,0.0,0.0005508916752495208,0.020448172430876432,0.0,0.019034326081996844,0.029212047867956836,0.007724164748307449,0.025079683194823787,0.0,0.02089445374936827,0.019267398612090092,0.022053360094221208,0.003825672589549134,-0.00023497519765020014,0.02230995452216622,0.016215216834376656,0.017576564197948896,0.019699523431441157,0.03180439029885346,0.0,0.016722139539477265
0.003747604681344996,-0.009092463227157843,0.002372563834045771,0.0026610310923943503,-0.0042401129982985175,-0.001493777643746086,0.0035350177441666464,-0.0012318525721606854,-0.017081082991211194,-0.0025025957195884962,-0.0024109279080836155,-0.0030430217370009394,0.007470780915135755,-0.00612799051393309,0.004938793669693686,0.0062977280897070775,-0.016084521237318572,-0.013571971878230282,-0.010075057346462857,0.012748458406758811,-0.0007041777984590492,0.003226963780083747,0.009475838766574207,-0.0024417359180798903,-0.012846467137550333,0.0,-0.003401409600443772,0.005830222927313722,0.0021183996654463577,0.008081978825131786,0.01212426183619858,0.013994470630435352,-0.006735223920685873,0.005279081934659646,0.022509082722211526,0.048975773198709494,-0.022617865845818652,-0.02139830988692737,0.02512789799723303,0.015030844701682033,0.028035940815323734,0.041147062669182444,-0.0011063615813456384,0.0,0.015236816219427296,0.02363335022664842,0.01862965015046697,-0.0031003731702384796,0.0,0.0006169518125084261,0.01542849761545545,0.0037562423173393977,-0.00024105483832359553,0.018008039526623776,-0.0019292221801155973,-0.00018879485575318267,-0.00305572087138839,0.015456993812222541,0.0,0.017879369191835304,0.026262495768845318,0.0020340833559532867,0.019436322232969316,-5.551115123125783e-17,0.027056000718820195,0.0037835141967740293,0.01723246636951381,0.017226995091293384,-0.01758783447416551,0.019069745887119016,0.023885907513490623,0.009910400575077971,0.02855765179172204,0.02535758343837541,-0.00020199071310222916,0.017865738878358794
