0.0,-0.0032748064688843392,0.020819122492518938,0.0,-0.00890310860832677,-0.0020755437009843947,0.00802946685635203,0.009267367281763472,-0.015433759086004417,0.02822993231679527,3.840594486459459e-05,0.018370089135596124,0.0038771615958724803,-0.009977733087987717,0.013975275939431708,0.006882443874721367,0.013187391822510053,0.008683281389225306,0.0,0.01635309862447243,0.0058887599423252945,0.007907499900018156,0.016381394155633222,0.011691497296484443,0.012364853819289645,0.007289186963481076,-0.0018378841453827732,-0.010139943743411206,-0.0003597033535874261,-0.006071357255716281,-0.008358441683305962,-0.023369562987224923,-0.005590079555932104,0.004672143958232178,-0.007192281304074122,-0.014552815358107596,0.0,0.026853666845019497,-0.0006545105528903972,0.003882062692582844,0.022931361454766486,0.026099112672399227,0.0,0.0,0.005291151151453344,-0.017826796449600335,0.009954869639779262,0.0,0.0,0.0,-0.014954869336469334,0.0,-0.006259076453487944,0.0,-0.023063524595066554,0.0,-0.016704675615737685,0.013983815664487531,0.0,0.039331223320312914,0.011889137847735709,0.046483878160759884,0.008395991168158257,0.0,0.03310934585917308,0.004081079448867431,0.003068219129988392,0.04813946189362295,0.012662391359306024,0.012731893762905788,0.010765328985484213,0.08685829996410382,0.0004476855316452588,0.007853729575237556,0.0,-0.0024996352030705604
-0.0032748064688843392,0.0,0.0017777337816758942,0.0,0.0033471280424750005,-0.004010915956443206,0.0009525590970747011,0.0339188135335326,-0.007854353262054525,-0.0011245089381406448,-0.0006852164542014427,0.008303499825485727,-0.003305494028193634,0.0,0.02586087504261997,0.014099720210188793,-0.0047823280365791865,0.01218251842417456,0.016008887539613603,0.013743912581992535,0.005852520241649173,0.011633829712808297,0.002076836492662215,0.009591165931570111,0.012891916124857739,0.011850022071521416,0.008768910543911324,-0.0012076107175571504,-0.0021188113918410023,0.0042071362107484744,-0.0018330502795355086,-0.00720410505221869,-0.002793576694435973,-0.0038247348741394793,-0.008638563952418299,-0.033939844158252075,0.0042426458877254936,-0.00027764779201211454,-0.00943116267077665,0.009859765108231222,-0.015023262169384488,-0.017386539316529004,-0.021327790592090112,0.0,-6.35712316257031e-05,-0.006890865914545297,0.0016371607601588511,-0.007385361630610654,0.0,-5.551115123125783e-17,-0.012557017742577115,-0.011179573030715095,0.0010647597962419875,0.0014276584376922141,0.026146687711379013,0.0,0.008317680478619527,-0.012631136791802056,0.0,0.012492655328049385,0.0027744874595664326,0.02445225960366748,-0.002027563594599824,0.0,-0.008316239815775561,0.004156904608076162,0.0033965497000301714,0.004162683375592058,0.03254010130456514,0.005018705604663831,0.0022340504265923045,-0.009621981332596397,-0.024774623738171575,-0.008947080591935386,0.011661430655470983,-0.008336517462032955
0.020819122492518938,0.0017777337816758942,0.0,0.01562799338357318,-0.0010413933833013367,0.028409862346913728,0.01683471313837731,0.0036766925774671666,0.028613137980970815,0.031883311278023574,0.020930539918850077,0.013892070487126651,0.01569337514255381,0.019815628379060757,0.004948940849658245,0.005614194159963615,0.000453184290147679,0.01930927839606633,0.03880913164880534,0.014208671010200846,0.01777879580288394,-0.00403925465685212,0.028432976860528203,0.0277990314984205,-0.0080690937093994,0.03355569778554962,0.02407676627025923,0.012505804563249456,0.015295694943154858,0.013680911142517127,0.015593126977148042,0.011527761182549778,0.010623919540497517,0.01979622048181684,0.0163330920125081,0.01116407563423305,-0.00874122167372049,0.004596291158469046,0.041482459340588695,-0.0025448615201761338,0.03026932374683844,0.0110753589187641,0.022738054513758432,0.001242317629771894,-5.2610400178731975e-05,0.0,-0.003970239128710473,-0.1352911688351502,-0.015736690557268784,-0.01037442468311256,0.020025066967954364,0.02300273954849441,0.013012620664386576,-0.018609358471789017,-0.013592710146846376,-0.0368376467930846,-0.008902288449271323,-0.012712249505440809,0.0419103188776333,0.0035196145952629543,-0.00048356535037819004,0.0,0.0,-0.16414875041895216,-0.022508955629477634,0.0008075621883908979,0.005413707614737195,-0.05528012446948216,0.0,0.0,0.022499578193681646,0.026729575028992758,0.009221814227265868,0.012840094885116837,0.01705880461941367,0.03242144287180382
0.0,0.0,0.01562799338357318,0.0,-0.03235608220584907,-0.001695032508954697,-0.04965626385560498,-0.020555531434339247,-0.0023698243144082975,-0.010273949153983386,0.0006433952379318875,0.013180947495938289,0.021292169578961295,0.017571784251452838,0.003126350849583903,0.0,0.0003197519294469431,0.0,-0.01469150553518711,0.001013417934194849,0.0005121212644928486,0.006869861252300935,-0.0009172387695365325,0.003499649295790108,0.0,-0.0017990145296655213,-0.03283608848015951,-0.03637498626102642,-0.011480258177719027,-0.0001955357043719741,0.008766231065229557,-0.021461294967278,-0.01293140967200701,-0.026525109017232484,-0.019470986009711533,0.06515429581609128,0.026900603066568357,-0.017591615151778484,-0.0009372834606646285,0.0,0.000760894628147657,0.0,0.0003507283735177946,0.0,0.0,0.0,0.0,-5.4509144267078646e-05,0.0,0.0,-5.37585914951455e-05,0.0,0.0,0.00012761292555385495,0.0,0.00013064342238555682,0.0,-9.606705079800992e-05,0.0,0.0,0.0,0.0,0.0,0.0,0.0,0.0,0.0,0.005676383800582663,0.0,0.0,0.0,-0.0002197648061028068,0.00012508298386743055,0.0004919672376985096,0.0,0.0
-0.00890310860832677,0.0033471280424750005,-0.0010413933833013367,-0.03235608220584907,0.0,0.012243654658729897,0.010040655420905431,0.008288413733408717,-0.008787890263337705,0.012046601470000695,-0.017840442561901038,0.00819956830851104,0.014916932984421372,-0.010616044834779126,0.020243185764691696,0.0155723094709187,0.0012313388731630681,0.01830471132675715,-0.021914923632466943,0.0021938074348075154,-0.023522311391844686,0.00410974686322052,0.008275849343253261,0.03151850009019341,0.017064059030217182,0.010019775786624163,0.0009742720593410303,-0.02223594425607267,0.011956246422200334,-0.006004599904975927,0.006645165395012531,-0.009205506654253293,-0.020898417957716242,0.004095227451561878,0.004322030718970915,0.006051626010860789,0.017550041776225378,0.005331911937455469,0.025309770363184547,-0.022024320515026563,0.023207458901156497,-0.012511648202940262,0.024089354130533425,0.00013417452806790964,0.021626817856141956,0.0,-8.884296056477226e-05,0.025868228763036072,0.0,0.002905298063582862,0.012207967432471767,0.003092968549398112,0.03638434557825443,0.010875918129195639,0.0011263866374600084,-0.06954489214266363,-0.01126151158010541,-0.002370405911127915,0.04739669282520842,-0.002031789569164555,-0.0005057105418074803,0.0,0.0,0.011962620157048964,0.008926912732681036,0.0,-0.0036038068863551986,0.0196669822511244,0.0,0.00012311413010968053,0.0023932668647664856,0.014551573339818158,0.007437688595662739,0.015744949189696378,0.009596881214680497,0.0014114720061823016
-0.0020755437009843947,-0.004010915956443206,0.028409862346913728,-0.001695032508954697,0.012243654658729897,0.0,0.0032660824202228045,-0.001358174109086674,0.011829364428900313,0.020444819928657543,0.0005148400456074786,-0.0030325077654687616,0.011509407504111224,-0.03415876055174827,0.012198239394205612,0.015326065443734327,0.022100967396017246,0.02667154437558339,0.02847011589245041,0.0010510956951975126,-0.0012979846386358962,0.0012074679261671606,0.014654347829882342,0.017566083421511558,0.02283724884797128,0.015101488114540929,0.024279002236429092,0.020154782430508777,0.0005482743322681727,0.0054734667159851425,-0.007012066540480033,-0.017064310943024352,-0.028197717598011762,-0.0008624413645159645,-0.00842736558640017,-0.01114520113877554,0.004798233113293582,-0.017679622863324418,-0.013819977863704092,0.005664433025208415,0.021606193502477944,-0.003908718415315371,-0.03020787079451187,0.029055979857714964,0.009170971465539801,0.002143500357754069,0.003865796463632387,0.01519139502815059,0.0,-0.010344820407749977,0.014151589025294453,-0.0020676031429150976,0.0281636545570641,0.0057329579521750995,0.022381210049282063,0.01228121052745601,-0.013012362811231304,-0.0012070191740682912,0.010159686281254188,0.013157552618930257,0.0016144607075344042,5.551115123125783e-17,0.057099568411447976,0.0011837856546179637,0.006850146336327412,-0.007839599530667762,0.006026348343468602,0.015361482602050835,0.0,0.011348515792489022,0.011895225661443909,0.015614620636483445,0.009382882541406512,0.006284438529275904,0.0023350923768574727,-0.0026068224718949207
0.00802946685635203,0.0009525590970747011,0.01683471313837731,-0.04965626385560498,0.010040655420905431,0.0032660824202228045,0.0,-0.003876617428361151,-0.0178882736283848,-0.005754670758807423,0.001200273960324294,-0.013938747292020826,0.010636252373533162,-0.007016011585719462,0.0020087026734426083,0.014345332174830527,-0.00664208269820854,0.011975076775387006,0.0008627074806862867,0.008195630184404001,-0.006753320082138969,0.009093680972175444,0.0011958206088749646,0.007281164236185689,0.015973573077458836,0.0118735646193463,0.004144525657889475,-0.01617871112792607,0.008813106600040144,-0.00919107112919948,-0.003784516869469512,-0.016445091961637792,-0.016202151801959108,-0.027827032275930585,-0.025786827584268424,-0.020676091979573652,-0.0332324876911948,-0.025033253341544603,-0.06349932621343102,0.010358585159206957,0.024789794908448126,-0.04971401509434448,-0.01869268793536888,-0.0001076593666538006,-0.0008242062995125199,-0.00040435313621145497,0.002651755129407851,-0.000968432101290273,0.0,0.0013570680940935276,-0.0006941380149897425,-0.009428175631814195,0.008405240077193565,-0.005931071077114547,-0.008110981538941686,-0.05650500276115117,0.002702655520650854,-0.008115616668220027,0.013333418877932879,0.006909305472160954,0.017763241430034715,1.1102230246251565e-16,-0.00047653322246488106,-0.004992228429130829,0.01121845221603579,0.01344930516841869,0.0005678561116504999,0.005277675273842264,-0.01523682663929804,0.017232488011136915,0.011652195777708485,0.005685505203643304,0.003963911017174415,-0.00047880744978046064,0.009030752262780828,0.006592355562397678
0.009267367281763472,0.0339188135335326,0.0036766925774671666,-0.020555531434339247,0.008288413733408717,-0.001358174109086674,-0.003876617428361151,0.0,-0.0030039366628120123,0.016309504936546815,-0.014223581041402145,0.030425316800923252,-0.004043955058252835,-0.0023472058619360414,-0.008191523950128954,0.017367810908079206,0.0422462593782551,0.0069222522485898885,0.0030719421220375964,-0.006869513370517943,0.014532127196346112,0.027058978248073795,9.581774992084569e-05,0.01965709594582976,0.017389087995619668,0.01218589876359416,0.012537250426302826,-0.003235221583458847,0.0036274614695480656,0.013817463173310507,-0.006595760546234619,0.011692530393891454,0.01991218457020616,0.0019047600639576223,-0.00753666760015359,0.037128158693972346,0.01333042687245678,0.0310568274193182,0.025743293276880852,0.018036300546834028,0.033958234173983026,0.0005920678191980722,0.030902712932382892,-1.2463619840641371e-05,-5.9701258431799076e-05,0.0025546590826811544,-0.00039130936206044353,0.023339344290695174,0.0,-0.01229300097580871,0.02688267690124707,0.004164106155507774,0.0571895335443674,0.021645395691918368,0.008292884451251537,0.014806459250761017,-1.1102230246251565e-16,0.011255221134060966,0.008941085133826132,0.030238874761514267,0.011158983376857778,0.0,-9.450581241965406e-06,0.00773041180328482,0.019387258806727203,0.039958532494035026,0.016785701915004336,0.028777623243225692,0.001405045469944577,0.0062311567558041014,0.009500572936710694,0.028211521508580417,0.018161981018914586,0.022224657001735093,0.021693207572918205,0.02426383485948347
-0.015433759086004417,-0.007854353262054525,0.028613137980970815,-0.0023698243144082975,-0.008787890263337705,0.011829364428900313,-0.0178882736283848,-0.0030039366628120123,0.0,0.020539517021178455,0.0010194895213516686,0.021452061030129588,-0.009165971232082959,-0.0067148488839213205,0.00899878377675234,0.013490401432917576,0.011252762632748214,0.031223176195101232,0.0077897115606384015,-0.004978102370842008,-0.021603150921409187,-0.002421031433444576,0.012649911798984226,0.02221436860533954,0.03935009438933862,0.014114545288048563,0.019610421141347756,0.004422125522736742,-0.002007000006919446,0.008423329149499503,0.010911481180905014,-0.002097364243883848,-0.015304622101709686,0.016510616381346377,0.012239827966631256,-0.0023196172945720295,0.0037214805947485274,0.011573413873075977,0.023192460748494237,-0.009736555412757197,0.017051647835596317,0.0070011618691390165,0.00657779337943476,0.010509962763011305,0.010820062589610158,0.0,-0.007698951601594228,-0.037538103644131404,0.005974318627710806,-0.002980847175836243,0.006215906583245334,0.003570603366484293,0.024503398339806415,0.0037469652090238448,-0.008201686573891975,-0.1504390074018367,-0.008475766415938613,-0.01390774005443185,0.02210140900732449,0.0027480173607319913,0.0004676756680245808,5.551115123125783e-17,0.0,0.002395189878418136,-0.009896664260215016,-0.05952656534405726,4.080380194199096e-05,0.008091455117869906,0.0001807069128447747,-0.001051011561133297,0.0009685844562961066,0.0077516195850979575,0.000435648361369001,-0.005219260943904125,0.015412315583210656,-0.0106768113201261
0.02822993231679527,-0.0011245089381406448,0.031883311278023574,-0.010273949153983386,0.012046601470000695,0.020444819928657543,-0.005754670758807423,0.016309504936546815,0.020539517021178455,0.0,0.019934783611014695,-0.004462033191706183,0.008111315118183526,0.008068685200961878,0.008669265113439129,0.010640121718534623,0.019412883728763597,0.010298323345288463,0.018925404502038223,0.006651833785514816,0.02994570856364226,0.04009677692299923,0.012648504867729615,0.038268061366099004,0.02130444917863139,-0.04897220390856066,0.019235399611521098,0.014157368736980924,0.02393233412897272,0.026278157586830497,0.010811935106414317,-0.004713880416421123,0.02403533865606622,0.015178877821632741,-0.009716357877631476,-0.0003164453757544816,-0.0021299548410030344,0.02549338682719876,-0.04488416046039573,0.09361002234311411,-0.01905785901588547,-0.029630986373582358,-0.020612511283571888,0.03916208522519132,0.10259676629220271,-0.004396134699011844,-0.0027118637683022917,-0.0035060111018615503,-1.1102230246251565e-16,1.6653345369377348e-16,-0.006750589990318523,-0.010928902765837412,0.0003301120144530989,0.011369883554119498,0.0023125020660332285,-0.01431740328685327,0.0008370210315228332,-0.009090685812378319,0.0,0.0009046839168689869,0.027939030446479995,0.009967329182452744,0.019877306859573896,-1.971458931609993e-05,0.012908009499881523,0.00024911101753211096,0.003217593791289053,-0.0283120835729182,0.0034109777563093857,0.004642955308232388,0.0047351698712294055,-0.04951468269842774,0.04520894489727939,0.03011495792433505,-1.1102230246251565e-16,0.019975111738143425
3.840594486459459e-05,-0.0006852164542014427,0.020930539918850077,0.0006433952379318875,-0.017840442561901038,0.0005148400456074786,0.001200273960324294,-0.014223581041402145,0.0010194895213516686,0.019934783611014695,0.0,0.016500546085167656,0.004246871620238735,-0.020621313710741995,0.0,-1.4807796930305095e-05,0.013551207897034623,0.011998281358270357,0.008702975288380044,6.805469154835819e-05,0.018108534284747624,0.007181470774229148,0.02815280031706141,0.008593782622489832,0.009719088092684347,0.019599019786216698,0.010819479592269754,0.007788983771891078,0.004291674700728942,0.005583401213698547,0.005677397487085456,-0.020476293683951097,0.012841301604507638,0.01069955073826323,0.0010953316074597819,-0.0015646500136807795,-0.013589101974199325,0.020014437475063762,0.01562583406027307,-0.005534931524314446,0.020988011389714123,0.004928817036711108,0.01216109891740913,0.0011666718550450428,0.0014445153247941156,0.0,5.551115123125783e-17,0.08867853688664007,0.006815888190895791,0.03498072017409937,0.0025765413109350987,0.013364886289274513,0.01733962892750529,0.023651148805478306,-0.01674648362617348,-0.04971160370454045,0.017230383812194217,-0.0025378320936281784,0.04712594700347911,-0.0006753347160861622,0.0,0.0,0.0,-0.021352965217923903,-0.007539407300850398,0.0,-0.009321294521821899,0.006512742961494955,0.0,0.0,-0.004946574502363077,0.01243659838205824,-0.003658755179582418,-0.020416303330738628,-0.0012083947061227729,0.015121224184708959
0.018370089135596124,0.008303499825485727,0.013892070487126651,0.013180947495938289,0.00819956830851104,-0.0030325077654687616,-0.013938747292020826,0.030425316800923252,0.021452061030129588,-0.004462033191706183,0.016500546085167656,0.0,0.014189661092553152,0.0003656237661260331,0.000304438199377588,0.01160121080077453,0.01430143729606037,0.016941221011492202,0.008028150706421766,0.0013005828615936799,0.02396307634640993,-0.004842280543373267,0.023574057362200584,0.010850658050428619,0.009038146675792336,-0.015715700199987803,-0.003859787672892301,0.018291923290045697,-0.03928256371973382,-0.0039214027636559345,0.01558646153186305,0.007457461314434755,0.037828589197947515,0.01895263445444123,-0.0009231906196845996,-0.0012602917110539624,0.002121250116167206,0.030222113902182934,-0.03996041557326635,0.08905157153021453,-0.0036868250768908317,-0.03209331007763677,-0.02072075783021332,0.042758394181247744,0.07169012964178306,0.01418702832726193,0.014431696128486826,-0.05262801186304317,0.0,-0.00019690731026883457,-0.011917761390449644,-0.023399507481982773,0.0,-0.014572701327640158,0.000957350307796867,-0.006317373343965427,0.00994786022949995,0.008588615644314568,0.0,0.005037878274525176,0.015308822811087752,0.012075971992099865,0.025360827361318783,0.0,0.0014293229356971415,0.00015060719710219272,0.023508969871427143,-0.027976074969915055,-0.006012732246752972,0.011038541828702675,0.005314290977152247,-0.02834033155596849,0.018679048549786248,-0.04656559912010738,0.0,0.021831435294979384
0.0038771615958724803,-0.003305494028193634,0.01569337514255381,0.021292169578961295,0.014916932984421372,0.011509407504111224,0.010636252373533162,-0.004043955058252835,-0.009165971232082959,0.008111315118183526,0.004246871620238735,0.014189661092553152,0.0,-0.01966148926222866,-0.009867416108338523,0.007755204385271497,0.010846766446670042,0.009083203870421996,0.0030466881275214575,0.007607579717556545,-0.012545830727294205,0.004640093324410233,0.005377980648492875,0.015991739864927856,0.012446544604944432,0.009795834824285032,0.009706205791628342,-0.0016037239072250742,-0.000581706180196262,-0.010885052722219068,0.000516784560494199,-0.009168106325526004,0.004619838404621934,-0.002268594149139047,-0.007047539297997729,-0.005891907814984165,-0.0038355013257184156,0.004671850890197671,-0.028514177731708945,0.008373467586893502,0.03461570715522422,-0.01649569278015195,-0.024691297748285213,-0.007987487946542748,-0.010207962380887836,0.0020893205015247163,0.0031751552778367387,0.00031701116511950733,0.0,0.004941675950253743,-0.001085852249701813,-0.011209099508234344,0.012630343296644808,-0.0010432781497698995,0.009269884819053609,-0.04412312200043628,0.02232165279253262,-0.0025375061450587655,0.0018859774632325466,0.005450846541669718,0.009781431764311455,0.0004444056357446047,0.016234648862862633,-0.0006659951892908911,0.003048477871820887,0.003279902780005839,-0.0012096858870342397,0.005928467624545575,-0.005905780787598736,0.011351673350433633,0.012495973598953602,0.008891499601027197,0.004871965404057876,0.00019284527483265368,0.01314662337412742,-0.0052991232360325435
-0.009977733087987717,0.0,0.019815628379060757,0.017571784251452838,-0.010616044834779126,-0.03415876055174827,-0.007016011585719462,-0.0023472058619360414,-0.0067148488839213205,0.008068685200961878,-0.020621313710741995,0.0003656237661260331,-0.01966148926222866,0.0,-0.010018648837424649,0.0,0.0,0.0,-0.007125079065728235,-0.0005391520027806518,0.0017188659737122358,-0.006858679540566626,-0.0004464589704923916,0.022686452578888794,0.00011659430905408552,0.0007832744389433266,0.012149766344068669,-0.010785167743446789,0.023767506809367456,-0.0002557737178796593,-0.0024657525304006,0.020951493497747276,2.0414513198563355e-05,0.013304587180970329,0.03514686369956532,0.0022358486967654634,0.010651963083694815,0.0477567685607439,0.03257794980798773,0.0,-0.0005802539151501529,0.0,0.017289766397614315,0.0,0.0,0.0,0.0,0.025437455553417365,0.0,-0.011259230630460249,0.02622508873793916,0.01771827243651597,-0.0012160742972591732,0.05036468108729697,0.0,0.017004443958764714,-0.0004577593249088241,0.01037959939419597,0.0037970241814419547,-5.551115123125783e-17,0.0,0.0,0.0,-0.03363787681034386,0.0011266937921758924,0.0,0.0,-0.005357191516772164,-0.00043455201362779805,0.0,0.0,-0.002763901333840302,0.013531893453364696,0.007828796656959958,0.0,-5.551115123125783e-17
0.013975275939431708,0.02586087504261997,0.004948940849658245,0.003126350849583903,0.020243185764691696,0.012198239394205612,0.0020087026734426083,-0.008191523950128954,0.00899878377675234,0.008669265113439129,0.0,0.000304438199377588,-0.009867416108338523,-0.010018648837424649,0.0,0.005608124548761695,0.011351290459770236,0.009888334185603032,0.0,0.02145695859138541,0.025012741263299054,0.02874999317131971,0.004811140677944359,0.03148034331735833,0.009464387179158318,0.01004510922887758,0.0034213797878779317,-0.0007700366437897732,-0.0024122580547031314,-0.02374953774740901,-0.006102449587206127,-0.016937023031121767,0.0005083712386957928,-0.01629874450788621,-0.024239713778025695,-0.011496095092626724,0.009763050909354809,-0.010325235992783566,-0.005407504469420177,0.009215310274403532,0.007511619625135468,0.0019397360270099195,-0.036773790258688044,-0.0007363843979917295,-0.007464724456610394,0.0006703502463583644,-0.004273836712712975,-0.004483432218735872,0.0,0.0,0.0021702688409234727,0.005152677979404607,0.04060385420427076,0.010598327854228318,-2.8272153207886674e-05,0.0,0.0054062216973103094,0.0037718348534687696,0.0,0.02468428031280434,0.00026428098979069947,-0.0005291847780347636,0.014931836446561264,0.0,0.006179628367230905,0.015356746110508135,0.008590379938084869,0.0201988357265368,-0.04861206453430811,0.008418742296559256,0.011682244057581559,0.014691205434945287,0.006757818864211729,0.00992297253388802,0.01107520749136387,0.00678659890879818
0.006882443874721367,0.014099720210188793,0.005614194159963615,0.0,0.0155723094709187,0.015326065443734327,0.014345332174830527,0.017367810908079206,0.013490401432917576,0.010640121718534623,-1.4807796930305095e-05,0.01160121080077453,0.007755204385271497,0.0,0.005608124548761695,0.0,0.00719657769990556,0.019188431337403167,-0.0010880026125309472,0.02075308086806449,0.009146347160499446,0.02760562462109961,0.01466919841203218,0.017017933930702,0.0045109672689686575,0.004363835628538371,0.011939847577354945,0.006520121510278587,0.018618962728412403,0.003923109911220024,0.01680058028133441,-0.009579038225896286,-0.004673049329941947,0.013734542172189779,-0.005813882803261339,0.00470893533313288,0.006598426303131566,0.025869148689543875,-0.0023899792034604572,0.019181292778398196,0.008004101495087346,-0.005755880361211219,-0.0018571960448117153,0.0,0.0,-0.010057430681428059,0.011349482428168856,0.0,0.0,0.0,-0.008285971471434728,-0.012628186500644956,0.025869853155775058,0.0,-0.01380612950273069,0.0,0.017450543555213305,-0.009112366675248507,0.0,0.01165796433889632,0.011395264252720028,-0.001756643345905473,0.012235896095067533,0.0,-0.01452508132629432,0.013486948018706924,0.006903080676433471,0.008023302282708589,0.0218868720592717,0.012438886521001391,0.01180451697510726,-0.009168468621458703,-0.04726820598479459,-0.007190570190191814,-0.00015097086406612448,0.003232041415108633
0.013187391822510053,-0.0047823280365791865,0.000453184290147679,0.0003197519294469431,0.0012313388731630681,0.022100967396017246,-0.00664208269820854,0.0422462593782551,0.011252762632748214,0.019412883728763597,0.013551207897034623,0.01430143729606037,0.010846766446670042,0.0,0.011351290459770236,0.00719657769990556,0.0,0.005897701832926094,0.008346644758900457,-0.008116390744441149,0.011212603402948829,-0.004077788614515243,0.017171488033877635,0.008455635115413196,0.0035229027238543043,0.011066705742352356,0.03943551414407215,0.020668668594652717,0.009276484636595084,0.005156706499976904,0.02324661657333016,-0.00564177597279647,0.014893659505252677,0.021647955168118016,0.0052693155537525405,-0.005572926988197946,0.01779510246691779,0.010523792381079033,0.017764561382295097,0.08270059318478495,0.002988408166532619,0.008716740307879611,0.0,0.0,0.08105090192918607,0.01698068797746194,0.004389759525292358,0.0,0.0,1.6653345369377348e-16,-0.0004990750582730685,0.00017649720955509318,0.0,0.0,-0.01569627610599883,-0.0003132351685506962,-0.0044877042610169116,0.0004958185760423617,0.0,0.0,0.009752149140500155,0.013453814339774883,0.020569168877461075,0.0,4.9195839496030125e-06,-5.551115123125783e-17,0.01112597053629022,-0.0006353448736788891,0.015161824659753853,0.011188384311382416,0.009886625772688007,0.0,0.0074561241324807015,0.008972918628116389,0.0,0.007258085801200631
0.008683281389225306,0.01218251842417456,0.01930927839606633,0.0,0.01830471132675715,0.02667154437558339,0.011975076775387006,0.0069222522485898885,0.031223176195101232,0.010298323345288463,0.011998281358270357,0.016941221011492202,0.009083203870421996,0.0,0.009888334185603032,0.019188431337403167,0.005897701832926094,0.0,0.015385644916232677,0.008048299597959885,0.017084339235840185,0.016504910888364033,0.018289116431012664,0.01756667333897538,0.02703242808508266,0.018964164063484223,0.017623472584066324,0.006770517462636849,0.01153455978652973,-0.007171899484612554,0.022980817940511378,-0.01143962875535759,-0.0007963992536739739,0.017720505915858498,-0.009102371732083003,0.0152394394694908,0.0,-0.007321761015620543,-0.006020852262408782,0.03198276092708341,0.006598519423042293,-0.011595660686191445,5.551115123125783e-17,0.0,0.024073545489540937,0.0022656623740043846,0.008379596277431511,0.0,0.0,0.0,0.012182672167017794,0.0001657490906746828,0.012242252164555045,0.0,-0.01130424214297876,0.0,-0.01125688874223607,0.0037897829190169374,0.0,0.018416527972746066,0.009010019653337198,0.022583239415718326,0.012311107469384575,0.0,0.015240601917671126,0.017889181593984282,0.013586989415762807,0.014168666177520162,0.026811357693018734,0.01011690420749517,0.012082532717362593,0.016523088964919386,-0.00026725728829524176,0.013525574602856416,0.0,0.0062117430095960935
0.0,0.016008887539613603,0.03880913164880534,-0.01469150553518711,-0.021914923632466943,0.02847011589245041,0.0008627074806862867,0.0030719421220375964,0.0077897115606384015,0.018925404502038223,0.008702975288380044,0.008028150706421766,0.0030466881275214575,-0.007125079065728235,0.0,-0.0010880026125309472,0.008346644758900457,0.015385644916232677,0.0,0.006165248600521811,0.015843505753056764,0.023027734340956785,0.021203888079160627,0.00934913438727325,0.015952838876560793,0.009357770404487098,0.02463679560945331,0.004801840826741732,0.011467801758528906,0.024841671361731932,0.007611251012937692,-0.006471210798466409,0.0028705047044055854,0.010926652395115422,0.010070482676907577,-0.008736317695895002,-0.020644172799297034,-0.0012034243679978074,0.04114517819420388,-0.009299254709808247,0.00823895395882801,0.0016083774790038863,0.023184998163899184,5.551115123125783e-17,-1.6653345369377348e-16,0.0,5.551115123125783e-17,-0.015861179568359085,0.0,0.007349711772375311,0.009900622068890974,-0.009073232026098554,0.007535574284724622,0.010418506339470945,0.0013118897023409737,-0.0768035106302945,-0.0011357884255082107,0.0002125420931132771,0.01686762963410582,-0.0012166976985387157,0.0,0.0,0.0,0.018891039947587784,-0.0015754112246541552,0.0,0.004950258888849368,0.021159040963570352,0.0,0.0,-0.0075309331673023006,0.015023137825336041,0.004634199536868611,0.020309304579906096,0.00023186869787250597,0.009979213722008162
0.01635309862447243,0.013743912581992535,0.014208671010200846,0.001013417934194849,0.0021938074348075154,0.0010510956951975126,0.008195630184404001,-0.006869513370517943,-0.004978102370842008,0.006651833785514816,6.805469154835819e-05,0.0013005828615936799,0.007607579717556545,-0.0005391520027806518,0.02145695859138541,0.02075308086806449,-0.008116390744441149,0.008048299597959885,0.006165248600521811,0.0,0.007545931115677418,0.02025443261090909,0.01577569565247755,0.013823542450777326,0.01336498477930076,0.005027415207141006,0.01604109415638394,-0.0018580891421888235,0.02136929691540862,0.02102861693893876,-0.003087339439600323,-0.010162505916023024,-0.01618647828842329,-0.013068543734458482,-0.018113941003425726,0.0038838606613869064,0.0437735037446112,0.005987491606837814,-0.020229479850876475,0.004497735571517725,-0.000661597683639048,-0.014044799217116433,-0.03201587928120664,-0.00024954282581146625,-0.012433577592546596,0.0035256017923461225,0.007001917462287344,0.005062900778804391,0.0,-0.0018608940206100155,-0.0005916518511027702,-0.00221341319853402,0.026301660003152982,-0.004428752687767656,-0.008505091201407744,0.00399463726887761,-0.007603465717541558,-6.382737581706044e-05,0.0,0.025986467502051025,0.004908481547060195,0.004058956918369494,7.921459216353455e-05,0.005068323624462245,0.002835470319107525,0.008479097348221776,0.01315846463134579,0.010787156090609373,-0.0012375121486091212,0.009042077426319295,0.02343045049321174,0.011799972120081048,0.008990813056428515,0.003673262746468786,0.011891879487774759,-0.006859324042977566
0.0058887599423252945,0.005852520241649173,0.01777879580288394,0.0005121212644928486,-0.023522311391844686,-0.0012979846386358962,-0.006753320082138969,0.014532127196346112,-0.021603150921409187,0.02994570856364226,0.018108534284747624,0.02396307634640993,-0.012545830727294205,0.0017188659737122358,0.025012741263299054,0.009146347160499446,0.011212603402948829,0.017084339235840185,0.015843505753056764,0.007545931115677418,0.0,0.006544912845843409,0.014843601220953184,0.018913647138211476,-0.0055001787685095005,0.0022309555163765316,0.004343785841093517,-0.0085130472691895,-0.0018757164744702126,-0.0014365043166503777,-0.009745158500590545,-0.0039524237747820545,-0.026702887704392886,-0.00635786759407192,-0.009609557610487707,0.033549076054869065,-0.043708113913497215,0.035332617818742695,-0.0018513082335674946,0.006159988012174489,0.00882273541191192,0.01169025739138363,-0.02329726121536907,0.0,-0.0007896939007238091,0.018031498027891557,-0.009051025473205132,-0.0011140849624473592,0.0,0.00021344801567685368,0.009370201432982117,0.00678339804330913,0.038077339329291415,0.005833817541379849,7.881812477689154e-05,0.0,0.005385586063441694,0.0032979877902252763,0.0,0.023605890313583233,0.0022511182984779055,0.0,0.017653904046643798,0.0,0.0039800944329013155,-4.05399052013089e-05,0.016188006789042253,0.014822095714454975,-0.01008063884985927,-0.003411263248996599,0.0017559696797989632,0.011295464043988901,0.006269169663000063,0.01052190483791654,0.001767930943761542,0.007958737723688436
0.007907499900018156,0.011633829712808297,-0.00403925465685212,0.006869861252300935,0.00410974686322052,0.0012074679261671606,0.009093680972175444,0.027058978248073795,-0.002421031433444576,0.04009677692299923,0.007181470774229148,-0.004842280543373267,0.004640093324410233,-0.006858679540566626,0.02874999317131971,0.02760562462109961,-0.004077788614515243,0.016504910888364033,0.023027734340956785,0.02025443261090909,0.006544912845843409,0.0,0.0008948322965621758,0.030471725034176445,0.021853064629126284,0.0054551019419162294,0.011604145314953018,0.004574737408561347,0.007843085363020308,0.01290131458461291,-0.0007608893465900768,-0.020069339006891895,-0.004980459579917995,-0.01651642732898906,-0.02584185080019402,0.001571722015907162,-0.029151087922555774,0.008441684177151021,-0.016183656721888318,0.0013722818179086604,0.0028484963551216325,0.00040619927200535866,-0.027212435888265163,0.0,-0.007631108448912238,0.006008833196935293,0.0008732490563390094,-0.0014315174220594362,0.0,-0.00027376500623621514,-0.017236821058798146,-0.009824989127599881,0.030969222686145326,0.004232578017075661,-0.0005257144291431759,0.0,-0.006000890973133,-0.0121989295903972,0.0,0.012011307016095318,0.004771350079733339,0.01153744282414626,0.00803472407964112,-1.1102230246251565e-16,-0.0034361948351888105,-0.00804401743767258,0.001981196589468437,0.006842481364329245,-0.008960520379969528,0.011369618933808667,0.0047734182931050695,0.00044448591457024733,-0.012514223834472649,-0.005508695318381385,0.0024522701704193794,-0.0059730133507545635
0.016381394155633222,0.002076836492662215,0.028432976860528203,-0.0009172387695365325,0.008275849343253261,0.014654347829882342,0.0011958206088749646,9.581774992084569e-05,0.012649911798984226,0.012648504867729615,0.02815280031706141,0.023574057362200584,0.005377980648492875,-0.0004464589704923916,0.004811140677944359,0.01466919841203218,0.017171488033877635,0.018289116431012664,0.021203888079160627,0.01577569565247755,0.014843601220953184,0.0008948322965621758,0.0,0.025206260773683042,0.014685591343447879,0.005875981069511038,0.017477091942862122,0.007167060672634451,-0.0016305682763240736,0.019253786802150452,0.00271143808690949,-0.007249910895019418,-0.012265690614627345,0.0034881238479130827,-0.005354554859950511,0.00024830585446633524,-0.001698436764355049,-0.007660876992455989,0.0077172481982258345,0.02495099013119123,0.024726541881174735,0.012707815929968502,-0.015113460448385907,0.012010405772523547,-0.02077702192051928,-0.004584108936743436,-0.005778742100284229,-0.12466898524522185,-0.0037924985896888863,-0.004029409757231983,0.016636930260890193,-0.00118836360759067,0.026296901579067833,-0.024311531236926864,0.02814518312855052,-0.030577400110348874,-0.04258957955073939,0.006046976180503094,0.022538036500362235,0.01909355866833351,0.013945083489020349,0.01174873624091799,0.039164697365371925,-0.22071802342313185,0.006886815640671562,0.0025135217892525707,0.006282493699794167,0.015912642989531434,0.007126589328707245,0.024566429116339827,-0.003919373279071103,0.01961804983876647,0.01340837868385103,0.013995594327452676,0.012966003750199184,0.0117185455575618
0.011691497296484443,0.009591165931570111,0.0277990314984205,0.003499649295790108,0.03151850009019341,0.017566083421511558,0.007281164236185689,0.01965709594582976,0.02221436860533954,0.038268061366099004,0.008593782622489832,0.010850658050428619,0.015991739864927856,0.022686452578888794,0.03148034331735833,0.017017933930702,0.008455635115413196,0.01756667333897538,0.00934913438727325,0.013823542450777326,0.018913647138211476,0.030471725034176445,0.025206260773683042,0.0,0.019272768720886402,0.007351526908145056,-0.010976031515548657,0.02631048841017708,0.0253043218555124,0.018145549134971795,0.017251441789704336,0.0018917265364323255,0.045653576528928985,0.02136603316486818,0.0011156330908992373,-0.0070725264318796666,-0.003737069223057332,0.05825990696025801,-0.018618296273546386,0.10691254075827661,-0.04720787729659448,-0.08585466879037096,-0.03859505060164192,-0.004834493888073443,0.0574197066866553,-0.01925595107056849,0.017413840558236915,-0.0001425526957108958,0.0,0.0,-0.003988306469183689,-0.007462822701230332,0.011523927240474796,-8.413219374403536e-05,-0.03878234827244498,0.0006462193576408648,-0.005825057699991143,-0.020933275133576512,0.0,0.07629538718373235,0.015700438206574463,0.003571537962436755,0.015030805293007599,0.0,0.010549019856969377,0.05565649013715168,0.015526176574416184,0.01586311730168899,0.002828452784294222,0.008666847966318059,0.00724454191713142,-0.03595346291703333,0.03613024490652361,0.025658497819448622,0.0,0.005306431015809188
0.012364853819289645,0.012891916124857739,-0.0080690937093994,0.0,0.017064059030217182,0.02283724884797128,0.015973573077458836,0.017389087995619668,0.03935009438933862,0.02130444917863139,0.009719088092684347,0.009038146675792336,0.012446544604944432,0.00011659430905408552,0.009464387179158318,0.0045109672689686575,0.0035229027238543043,0.02703242808508266,0.015952838876560793,0.01336498477930076,-0.0055001787685095005,0.021853064629126284,0.014685591343447879,0.019272768720886402,0.0,0.021181609662624667,0.023601962357114314,0.0014048485620877238,0.013958491422978392,-0.0007079356554943739,0.0025804742053784357,-0.01880668498851873,0.0007153983389174279,0.007316557088280551,-0.01610093693410264,0.02391106380318536,-0.0006784294027367133,-0.009617622795681624,-0.00022642039655490498,0.036536391708494875,0.003389496865445707,-0.0054765096880938224,0.0009069440191369349,0.0,0.02281724463309376,0.007175952337999947,0.010854290333800476,0.0,0.0,0.0,-0.00031144287363571443,0.010091907807324219,0.006994709690643641,0.00014063251111057218,-0.012904352453767476,0.0,-0.009643168232530086,-0.0041790521008500114,0.0,0.017210882638215352,0.007361829809520992,0.014986715204250656,0.011523662157743142,0.0,-0.0022686515896146453,0.00970584722959722,0.010415430100561784,0.021520027706450007,0.03133162222505903,0.008240808034796765,0.013777045944135202,0.007801751918842914,-0.017043114538302262,0.009002750214973765,0.0,0.0009402954451712131
0.007289186963481076,0.011850022071521416,0.03355569778554962,-0.0017990145296655213,0.010019775786624163,0.015101488114540929,0.0118735646193463,0.01218589876359416,0.014114545288048563,-0.04897220390856066,0.019599019786216698,-0.015715700199987803,0.009795834824285032,0.0007832744389433266,0.01004510922887758,0.004363835628538371,0.011066705742352356,0.018964164063484223,0.009357770404487098,0.005027415207141006,0.0022309555163765316,0.0054551019419162294,0.005875981069511038,0.007351526908145056,0.021181609662624667,0.0,0.003251591370844076,0.00390984585841142,0.00872746918215317,-0.0081595823254077,0.004592766954705951,-0.016695120354656146,0.007396149636937799,-0.0012138665164075912,-0.02277544889079186,0.019379607968326606,0.00279976904546414,-0.00393228742546492,-0.006681424471869368,0.03204669715002517,-0.0035742593772595255,-0.014932096420593899,-0.02991838200308161,0.0,0.02652801191987464,-0.003291162581884721,-0.0028651000898148316,0.011556429731669982,0.0,-0.0004720015544431577,-0.012409268206231838,-0.004042692328378283,-0.00830184631275338,0.011481595517996268,-0.01613361499828042,0.00014443829093224725,-0.010468198539106854,-0.004815470994026572,0.0,0.000648945074432361,0.006011268001589909,0.009178916909100387,0.01490895140679882,-5.551115123125783e-17,-0.00890841811155696,-0.014023860832778068,-0.012491554192714749,-0.0032710846204991317,0.022838829056524845,0.012653101477229811,0.0012399458738511226,-0.008100785965789503,-0.009563175121427847,0.0016072364351513158,0.0001545338365729343,0.0012756522795767111
