0.0,-0.005364710137764184,0.012111912898398802,0.0,0.00017698684599048997,-0.008331918022735252,-0.035191661808699815,-0.024401923649417012,-0.014192748966822821,-0.013500005188318398,-0.0004948609797107428,-0.018359807272967266,-0.008017199438347833,-0.01518917951853116,-0.0026552519550164244,0.01287291870982138,-0.009503034526090193,-0.007421984486744637,0.0,-0.008520724605030838,0.008711074103329552,0.01842776965506382,-0.022710541730630918,-0.017301436076029297,-0.008822079545299899,-0.0028119205322931773,-0.02189291733344889,-0.02466796914409425,-0.013732824763680374,0.0034037870877748344,-0.016923376732042306,-0.00488424408527377,0.00425847956528852,-0.023403663870148694,0.027909750641633535,0.015515272781724598,0.0,-0.04690572449490571,0.006900676853949073,-0.004359568052819229,-0.008118857150822001,0.010590003029420259,0.0,0.0,0.023895537913210196,0.02554925718882195,0.02511810561640465,0.0,0.0,0.0,0.005548352192246142,0.0,0.03226311127481346,0.0,0.01976220648753413,0.0,0.004631987207914967,-0.00015610052007047903,0.0,-0.012979371988009691,0.012181669258480854,0.051330317242547274,0.0033243900215448874,0.0,0.03164091171801919,0.016977058786064148,0.010250093081556222,-0.0019253529140204062,0.024447477314742616,0.020829033140306152,0.02268467316049494,0.023618694008069818,-0.0003742094901456605,0.002492268944140119,0.0,-0.005303625886898811
-0.005364710137764184,0.0,-0.0032550397749677162,0.0,0.007811863060624424,0.004033943486527802,-0.006795686331640793,-0.018777807334917407,0.0010281630752801973,-0.014164874568825814,0.0006635549370879179,0.005560314781576869,-0.01704345199662538,0.0,0.013397828380274812,-0.007461406734939613,-0.02711024247715521,-0.01679562473822993,0.009501948255961623,0.015841152965826555,0.003163121927426016,-0.0016050719458872154,-0.0010708660621614463,-0.025431892997092087,-0.0013475503001086353,0.0030221270723390092,0.009084368380072316,-0.009744831242649465,0.0006008609156855638,-0.007934163802358007,0.003828149785714885,0.01316406835913464,0.009520002465048694,0.007330899924643919,0.02615252852290839,-0.016250474288882488,0.007705756159499089,-0.0003436225134305637,0.011888120351615072,0.014885776841761678,0.011299470123312672,0.013446368384704477,0.07587896100257041,0.0,5.313765242143109e-05,0.005930553779254055,0.013088856884070632,-0.0023698832633468614,0.0,-5.551115123125783e-17,-0.0044568270550593425,-0.01884142396785976,0.009091200128505783,-0.011911928554377393,0.02771752078715828,0.0,0.010279725500903947,-0.03371116449651579,0.0,0.02866197320770464,-0.0030336495220681936,-0.051074282792582304,-0.0062147122582572045,0.0,0.004364750783449556,0.024811125402625145,0.01604925472457891,0.013179446687355212,0.007490314489318417,0.009797700255508746,0.019001648836027285,0.010630302881934783,-0.006596836204668721,0.004544142053583666,0.0126864489906367,0.006226381159213146
0.012111912898398802,-0.0032550397749677162,0.0,-0.004535112840823363,0.007175602719397933,-0.005662504150936387,0.011309205360043484,0.009762245778693501,-0.007086471732516086,0.004047093877813768,0.01227469681664245,-0.012575945835921365,-0.002545057676829665,0.00729569428129756,0.0015045054674740488,0.016962757098422154,-0.004746381552370393,-0.00783584708631968,-0.00943491910841704,-0.033897293792181316,-0.008247828974233373,0.002370823297135616,-0.01894210894837367,0.0015632453126444013,0.028712075944002213,0.014864869309079543,-0.012711412946772749,0.00036122659914955557,0.0049604918012871035,-0.008853287793137044,0.0025084989248945755,0.02672843588912388,0.0027800951304119415,0.012439764611732351,0.00025571311901129157,0.015331679898636541,0.014753920651650432,0.0008835023524362828,0.024621318857314445,-0.00809118252472596,0.019512204767372587,0.005775259503169816,0.026041192025639925,-0.0053420348446469035,0.00015728766738326572,0.0,0.005827738795424309,-0.06149314444634435,-0.00023050023531884234,0.028423186166708136,0.017118202526609116,0.01708015044048017,0.008560206312976049,0.012184023795078769,-0.0051729999518240755,0.04589316709233621,-0.00443142097445498,0.004883004543141389,0.03394393932258799,0.015238541747609968,0.0004042005613897337,0.0,0.0,-0.02126095925605742,0.009166136367888378,0.000662641278613374,0.003370820985179601,0.01587605028208361,0.0,0.0,-0.00020795140123414102,0.029016295219049693,0.006414537655059505,-0.006428211147356255,-0.007326452756179269,0.024145936717457128
0.0,0.0,-0.004535112840823363,0.0,0.017164838977234864,0.015615652534470503,0.013818770608992725,0.02561874455026092,0.0411672366745251,0.10389701145679586,0.011644842528556631,0.031796991634164384,0.09436009494468883,-0.009282986350167055,-0.00742695334363741,0.0,-0.0001878437914426545,0.0,0.0177003232888141,0.013110339011616623,0.00014370484793835292,0.007646018848152192,0.017005542107625615,-0.0323925648932582,0.0,0.001750073233884375,0.0023760986145280882,0.07401763711693465,0.006760034640378332,0.0001634435581811533,0.045402781682671756,0.010325915867513025,0.01222800810575203,0.06451968169300754,-0.008372133518527614,0.01973001226455806,0.04033464922387678,0.02188165796443109,0.0007834525378745405,0.0,-0.000636013386019596,0.0,0.00023294262920509068,0.0,0.0,0.0,0.0,4.556287313922658e-05,0.0,0.0,4.4935504259657755e-05,0.0,0.0,-0.0001066685528835487,0.0,-0.00010920167176747819,0.0,8.030012041460033e-05,0.0,0.0,0.0,0.0,0.0,0.0,0.0,0.0,0.0,0.018159183014898772,0.0,0.0,0.0,0.008209452712430232,-0.00010455383591911893,-0.00041122349545408277,0.0,0.0
0.00017698684599048997,0.007811863060624424,0.007175602719397933,0.017164838977234864,0.0,-0.008704530020231083,-0.005132775878263773,0.04123309171566014,0.003416623521182105,-0.01822517656882,0.006195090398932013,-0.023102412008028927,-0.023197730922682513,0.017432247494212627,-0.003054688465865152,-0.0272993243594154,-0.02180859944328145,-0.006199146055512139,0.02671356637036415,0.0018739499779563684,0.03408607341368841,-0.012340899387554893,0.0020708264211783955,-0.016407259266470187,-0.016956663053775578,-0.014221394330298953,-0.022291171058863024,0.05633825554301786,0.01048413101044593,0.006808472408543487,-0.012222366326672063,0.014981562637699342,-0.029185310530685404,-0.009762776084443203,-0.03178879160013498,0.030276047793287908,-0.005921908583333191,-0.02629783604766789,-0.010954801087348698,0.014947457104248663,0.024148076507670813,-0.004680350238854214,0.011951499964636902,-0.0001121532374618317,-0.010358630843406713,0.0,-0.0017672510828339316,0.021555612608068375,0.0,-0.01293697938088978,0.007105495902391845,0.007284251567288624,-0.0017396664692370667,0.01589539090746217,5.840357174824451e-05,0.0547499435507221,0.0061461946226803454,0.008520510729223663,0.020834449333056282,0.014573591196201219,0.00042271119040970806,0.0,0.0,0.009042503634567822,0.025658420341595656,0.0,0.008116634781865528,0.012179326853172356,0.0,0.00014840931731169293,0.013266021906684633,0.014537130313205027,0.0046209095893094965,0.019363224007845292,0.0025216999894883685,0.028346852055415428
-0.008331918022735252,0.004033943486527802,-0.005662504150936387,0.015615652534470503,-0.008704530020231083,0.0,6.657248542352168e-05,0.0005273930897796708,-0.019730493143580885,0.0018631024562006937,0.009703367601091917,-0.0011406005903628058,-0.023394786626034836,0.017769252839752614,0.03000453521818086,-0.034230069671680186,0.0018398681741245704,0.0006277991044380538,-0.012574244749498864,-0.004892410413017523,-0.005139968852253873,-0.0016605867686361742,-0.004240141951260545,-0.015338104428529786,-0.018993505131959798,0.006681150580294615,-0.003316969693618499,-0.0078005658008751255,-0.0020023893376443502,-0.005211970341637229,-0.001311387939502362,0.01617853523681534,0.012257861541222659,0.009552516474037043,0.008899182896273838,0.023332327314316448,0.0062477447164953626,0.007466194437030227,0.023211711351211584,0.003677075404992569,0.016816754542089196,-0.022349276718120425,0.0263238233236604,0.018746165220097755,-0.0037804900935241026,0.005831253648471091,0.006002923293004447,0.021717912245392212,0.0,-0.0033532027275084975,0.011017553617734266,0.013767658728885857,-0.0022576320530476313,0.03067345391306231,0.028088569370153804,0.03863290028145039,0.007058138504980771,0.007750500556056861,0.06751494125942786,0.017208324921054674,-0.019091066515452226,5.551115123125783e-17,-0.006274488567168557,0.028529614078539045,0.004801822908769571,0.010560041400372089,0.012952689137506357,0.005976718266591852,0.0,0.005953655696092908,0.010657884926295547,0.011566310211378772,0.0025640969592339857,0.002497606237463812,0.008281673382635524,0.018332398455886745
-0.035191661808699815,-0.006795686331640793,0.011309205360043484,0.013818770608992725,-0.005132775878263773,6.657248542352168e-05,0.0,0.04166456630445631,0.01986197737219092,-0.00013879401537864045,0.01080003534694901,-0.007881638229627896,-0.011070438948700467,0.014442963946014964,0.025422325424062475,-0.02529723959260105,-0.013933976630509437,-0.012917038525553703,0.011160068483101637,-0.011191119440908726,0.013181892132927808,-0.0157246779870856,0.030119229489236066,-0.002665992837905251,-0.019060292025522396,-0.01626747619559865,0.010233184212766033,0.0017946234682624795,0.0005325513028163753,0.008187578406875118,-0.006790284106730382,0.022716766875707672,-0.007360624992360731,0.010412444065689974,-0.022154052937314705,0.03894684838991569,-0.007414528101944651,0.0016216228687532808,0.027531371068153898,0.010005897645587625,-0.014077650816140042,0.020788503458323948,0.039355205024970974,-0.03418582790526864,0.004169426357203132,1.9284599165225735e-05,-0.0013955001543163315,6.782826467321978e-05,0.0,0.011352370548047497,0.02138246950018996,0.017995442216183877,0.02270394516230745,0.015737103032050892,0.07916851054220209,0.004779840406335667,0.006856474610067997,0.021269720989245067,0.019107796414551848,0.009065921230517082,0.0132893257573935,1.1102230246251565e-16,0.0003983225760295084,0.02094679239171382,0.00994355278854181,0.02457705442107533,0.017377637722812977,0.022090296946990384,-0.008571564767897999,0.0005900386013215075,0.006221332803979518,0.021463021305726637,0.023875107779134597,0.02880202161547668,0.016271852132147435,0.029815282329760828
-0.024401923649417012,-0.018777807334917407,0.009762245778693501,0.02561874455026092,0.04123309171566014,0.0005273930897796708,0.04166456630445631,0.0,0.009048278586705705,5.04162464593505e-05,-0.006168205932551185,-0.019353122834567194,0.01156519354576302,0.07058546514326597,-0.0011963300238016505,-0.017410882787783077,-0.025076995724406193,-0.019254716131006766,0.034450273573174095,0.00190325955646109,-0.01506330873327305,-0.010500307424933686,-0.0015752661835992665,-0.023689471809286378,-0.026165519867984932,-0.01958907106899571,-0.008575144150275937,0.005725804142801383,0.008558790107625502,-0.0015919361784834107,0.0002664967989415845,0.030567741179728547,0.008543569020589448,0.01440298259816064,0.0054600921725935225,0.06599585668640606,0.053742883353685156,0.01943968152197395,0.0131647669967484,0.016229495871576405,-0.005245328474890731,0.020212527124876645,-0.04175743288896944,1.0418037877601982e-05,-0.0002071916301762955,-0.0007750534778094287,0.004556656395771963,0.01591135705185054,0.0,0.00970185403017032,0.014106030722858043,0.0025815762751865146,-0.004819586682800747,0.024243064357155397,0.003450436617974617,0.03898022211489388,-1.1102230246251565e-16,0.003361572434486093,0.013175895107905788,0.013955734062276293,-0.013098125121799087,0.0,-6.3560196657541645e-06,0.009677424805836443,0.008155560781321458,0.0030836692334123006,0.013192575642593074,0.006881100037747223,-0.0005976562048016776,-0.02167719938956586,0.0008222785330834204,-0.001385065692729337,0.001363801522656083,0.015633963795924632,-0.015455886978879174,0.008282524694693538
-0.014192748966822821,0.0010281630752801973,-0.007086471732516086,0.0411672366745251,0.003416623521182105,-0.019730493143580885,0.01986197737219092,0.009048278586705705,0.0,-0.0006872124468818575,0.005935356666463554,-0.002563720801936842,-0.029320150054029825,0.020887712781492596,0.0002253547761800756,0.00046873690970411497,-0.005456311697779215,0.0004879694047022487,0.0034080022018028733,0.005172707449315639,-0.0016201043154989714,0.012559871657706112,-0.011323086355832124,0.0036117492389833306,0.012435541899314617,0.025806849380252128,-0.02878286692175208,0.006638564500652255,-0.03154598644947165,0.010400402289137745,0.0037488482719668093,0.021256745579040615,0.005957525911020889,0.010385824678949551,0.001771132312293533,0.033355175187527564,0.016286891776937484,-0.005873897946449436,0.018741690626086327,-0.0001441119484283937,0.019250002833381075,0.029189309327927515,0.023731328718214817,0.0028929625750153676,0.005528806663794461,0.0,0.0039545471932321274,0.04578408308597437,-0.004578970326606702,0.009045064642886458,0.013291959755262317,0.012846637065582645,0.018312988510543304,0.024803524717360248,-0.035652745593890034,0.04012563164077593,-0.00022569510313780183,0.01886580522796777,0.015600454902360061,0.013150060823159726,0.00629172418078755,5.551115123125783e-17,0.0,0.024581186806219457,0.01676576317186257,0.014084242197805519,-0.00010091727712413512,0.012568252737359953,0.0010815150401053963,0.00024343076212218762,0.005902324703915662,0.018565400225325712,0.010064500564774814,-0.001592719325572256,0.012289744748140707,0.012935535508942886
-0.013500005188318398,-0.014164874568825814,0.004047093877813768,0.10389701145679586,-0.01822517656882,0.0018631024562006937,-0.00013879401537864045,5.04162464593505e-05,-0.0006872124468818575,0.0,0.005996777962429922,-0.003046712515226091,-0.0023253417714157454,0.04675277667449934,-0.011943994102857403,0.014678715537466802,-0.001789943143461925,0.0071366641877848025,-0.001070027748755531,-0.06097857447173688,-0.012440539624163638,-0.026161865584807098,0.026809958550052693,-0.002943826840004715,-0.016648388098706002,-0.014869671821084118,0.0009885456930325276,-0.013185593345996838,-0.03342043036999992,0.012768366141137244,-0.015607083221223894,-0.00285041308311762,-0.020154659435143107,-0.015579133166613246,-0.0020312840346324856,0.046257226200591806,-0.031848586912991805,-0.01666089405045379,0.08143467315974195,-0.036998376954708645,0.021077959719651818,0.05488388657895987,0.018347781373835526,-0.01710289082414962,-0.008094399589844536,0.017938052119280068,-0.013100369789831923,0.0003955328427844851,-1.1102230246251565e-16,1.6653345369377348e-16,0.02751986560614106,-0.04856018010208918,0.0008335410486703942,0.0015911637491689001,-0.011442221937382535,-0.010921380249482304,-0.0009311977166943652,-0.036532492408118955,0.0,5.751010195403916e-05,0.00882127513830333,-0.0003131513697714472,-0.0007103228817628149,1.6478947597819982e-05,0.0076122907446529164,-0.00020822586452085012,0.014450235242480347,0.021621456314610876,-0.0060707028108716865,-0.00028857919959912604,0.0045644153009722355,0.02913268629421395,-0.0383378689723724,0.010641887322628163,-1.1102230246251565e-16,-0.023651886051596793
-0.0004948609797107428,0.0006635549370879179,0.01227469681664245,0.011644842528556631,0.006195090398932013,0.009703367601091917,0.01080003534694901,-0.006168205932551185,0.005935356666463554,0.005996777962429922,0.0,-0.008358840256565137,0.01318853485329552,0.03150130812691215,0.0,1.237747871646322e-05,-0.012923960305967708,-0.0020461047719004255,-0.012093169225417644,-5.688526795305515e-05,6.017056572266144e-05,0.0025605224642498148,0.00946180913709116,0.00997613245760115,-0.0020729028140653583,0.0029249132686822166,-0.0006793519892564492,0.017892565874731703,0.01264268470838048,0.022953261126390512,0.006823656569564629,0.04026419623137134,-0.0018876368800502807,0.011406630638275683,-0.003566779951718113,0.030781520174421706,0.0245362273187007,-0.00474439882798583,0.0320297510275665,0.01442282941839701,-0.014110926123833634,0.007056413546797702,0.038227295018750274,-0.0009751927395090232,-0.005742581235070099,0.0,5.551115123125783e-17,-0.06187108694294835,9.983444906597194e-05,-0.036388699984296724,0.02152329781052087,-0.04513836651991765,-0.02654767662444213,0.06885239914997854,-0.005026422750046167,-0.034803684518699696,0.005131650753800454,-0.012324451577980344,-0.013989115792633011,0.0005644959283261919,0.0,0.0,0.0,-0.06456746092914312,-0.011708752578459602,0.0,-0.014709676227490254,0.034224442225625484,0.0,0.0,-0.002915531757955614,-0.013111269255286273,-0.023263550135290634,0.020192227688353603,0.00010535653789617294,0.020320604722448232
-0.018359807272967266,0.005560314781576869,-0.012575945835921365,0.031796991634164384,-0.023102412008028927,-0.0011406005903628058,-0.007881638229627896,-0.019353122834567194,-0.002563720801936842,-0.003046712515226091,-0.008358840256565137,0.0,-0.010462398591686517,0.014209845359764162,-0.0016838167095539758,-0.013885398791018355,-0.008018532913559917,-0.0009827522559833768,0.007528459923358266,-0.01403052758788964,-0.011190903942105701,-0.004758778613389025,-0.013716172483018207,-0.004309941290880415,-0.01995194328051625,-0.015998763547923178,0.00029362654343739747,-0.030441463555660075,-0.0032072651818800813,-0.00874954896751401,-0.021179777262646415,0.02062548970521977,-0.03497735133182961,-0.017193718025872162,0.0014951799801566357,-0.01030184482344032,-0.03553390199856937,-0.024912287720210285,0.024396019092291166,-0.01342814193500913,0.029140262253625038,0.07374104974221468,0.019462274039895477,0.0054263609214845465,-0.005574033578337467,0.03539578117730835,0.0020209738321186332,-0.001468243507150968,0.0,-0.00023023058389548545,0.0032303292021603758,-0.01701924563465207,0.0,0.0022112106201943593,0.004102719440580271,-0.0020884119408181023,0.01585986531154482,0.017272445547133253,0.0,-0.0028226454955559976,0.01271153965895161,0.007418338928863122,0.013415434171736573,0.0,-0.010836327383654698,-0.0001258889074049474,0.007423819586106162,0.007642518809553356,-0.0016891020203237406,0.0066378013635992605,0.009060739220992764,0.002131871541486474,-0.0033553120845706275,-0.012772006171543504,0.0,0.009564267429961748
-0.008017199438347833,-0.01704345199662538,-0.002545057676829665,0.09436009494468883,-0.023197730922682513,-0.023394786626034836,-0.011070438948700467,0.01156519354576302,-0.029320150054029825,-0.0023253417714157454,0.01318853485329552,-0.010462398591686517,0.0,0.03817375777328341,0.0006398034904551153,-0.028529988065692957,-0.005830447072973588,-0.01625683286879931,0.00993231907474773,-0.01639027477500221,-0.01275704311378939,-0.030404153134210965,0.0032599467518191205,-0.002827380524501044,-0.021500881782727743,-0.020125031265577964,-0.014354535195292562,-0.01266406149262339,-0.01962950831985688,-0.00828016262371939,-0.002440950540134268,0.01430822970989254,-0.009224897460374859,0.0030970652589885073,0.01495663679806114,0.05519433583037542,0.02058238386238831,0.0022364411456559097,0.029410639332371424,0.029181207391073383,-0.0034103059362964316,0.02826723422262578,0.03236874338186363,0.027416341463407656,0.024915976521130534,0.009471446803597572,-0.0010850480752550018,0.007378619772188677,0.0,0.02403536353886282,0.015508501479698733,0.006792140531363677,0.015097210898322444,0.029199015983378707,0.01273508208408991,0.01314623517662905,0.02490831856818937,0.010822430124031612,0.017750668606456577,-0.002165989090839038,-0.02164499896319083,0.000553702718146476,-0.0008548494254057015,0.019761992328980793,-0.0035208912884111543,0.012736983389526335,-0.004470497881481628,0.011796211931066725,0.00307327512863953,-0.0076632620221869785,-0.0030070026308839926,0.012032234927515817,0.006959830955454049,0.01928237745763678,0.019724299739385942,0.0180183606752361
-0.01518917951853116,0.0,0.00729569428129756,-0.009282986350167055,0.017432247494212627,0.017769252839752614,0.014442963946014964,0.07058546514326597,0.020887712781492596,0.04675277667449934,0.03150130812691215,0.014209845359764162,0.03817375777328341,0.0,-0.0017849802738965082,0.0,0.0,0.0,0.023170385892354095,-0.00025895483544879916,-0.017715258282598845,-0.1260230432356041,0.037580117127792745,-0.03418968674074113,-0.0343742644110111,-0.057979084120384994,-0.0009292814476093425,0.0657382837025341,-0.023096024663779746,-7.654854787614296e-05,0.014028051101560024,0.06271126461581433,0.006908193177987021,0.008309731190206948,0.1336067093506818,0.01686235952661458,0.004759979853642626,-0.008124180404425418,-0.03863124069913454,0.0,-0.0012255544066236412,0.0,-0.009503744416304194,0.0,0.0,0.0,0.0,0.02618272917596931,0.0,-0.007426152460228486,0.02521817440501628,0.0049574579619648396,0.00920762859900931,-0.024251867553896467,0.0,-0.00251177458595947,-0.00045414048093228576,0.00718795892834001,0.031549388199350104,-5.551115123125783e-17,0.0,0.0,0.0,0.032261491239188034,0.0005159416546731688,0.0,0.0,0.014012067964888353,0.0003632315006111275,0.0,0.0,0.002076116623323021,-0.005803887644772687,0.006549795222307031,0.0,-5.551115123125783e-17
-0.0026552519550164244,0.013397828380274812,0.0015045054674740488,-0.00742695334363741,-0.003054688465865152,0.03000453521818086,0.025422325424062475,-0.0011963300238016505,0.0002253547761800756,-0.011943994102857403,0.0,-0.0016838167095539758,0.0006398034904551153,-0.0017849802738965082,0.0,0.009590692291977343,0.02039794223782493,0.002568190995840991,0.0,0.03489176478619993,0.008902967030672115,-0.02195589469518261,0.03671416891313556,-0.021708137667397875,0.0033938319851623544,0.006155251299066411,0.002700728465962199,0.0019210344190085382,0.0038448558253326715,-0.006717454789542998,0.0197225094131232,0.011549373433303256,0.03195599981611502,0.0303875133666629,0.03709925773819023,-0.12658128062980561,0.02993898958478375,0.0006380272312447866,0.03380204732258002,0.024910167742418998,0.030648227600297284,0.040879388951793105,0.0159301467151573,0.00033698881744426146,0.007911304425829324,0.006814583389487705,0.038700737319715184,-0.016904864829013655,0.0,0.0,0.02020789613765156,-0.0005435297587829679,0.027088013518530962,-0.0016246724965826576,-0.00010393991885299103,0.0,-0.0030426503708849695,-0.00489242440783938,0.0,0.03187713405101228,0.011115769958892241,-0.0002105724700017242,0.01365555016304204,0.0,0.04371541423515296,0.013238180460115156,0.0353735109990605,0.015685328137405585,0.0016571362358798192,0.017534634799527327,0.01986042818125755,0.01383105143380825,0.010631121449331427,0.01893795324947045,0.00519388844521973,0.02395009306240692
0.01287291870982138,-0.007461406734939613,0.016962757098422154,0.0,-0.0272993243594154,-0.034230069671680186,-0.02529723959260105,-0.017410882787783077,0.00046873690970411497,0.014678715537466802,1.237747871646322e-05,-0.013885398791018355,-0.028529988065692957,0.0,0.009590692291977343,0.0,0.006066421586041648,-0.008847001663983778,-0.0007060892368348504,-0.0133047586300577,0.01406762753482138,-0.01494832791305517,-0.006317094803131751,0.0051894087175208825,0.00323586209883997,0.004646950980426556,-0.012921688479088034,-0.01970769398227501,-0.01967815178223331,-0.01767397704350998,0.004896440135258251,-0.004774447540604965,0.00989779214973413,0.005323029840608062,0.014221081448853312,-0.00248135129534538,0.005192425772519216,-0.010371108648183303,0.010537572562324626,0.007897460589493865,0.0024820105801245385,0.012678642619425196,-0.013115850114179317,0.0,0.0,0.018236801478932807,0.005794511611859121,0.0,0.0,0.0,-0.019719124499726237,-0.013987626784636165,0.0007596742163003545,0.0,-0.06785398024423339,0.0,0.0016099032636122113,-0.029752676207346174,0.0,0.01808708850229157,0.0018359700841412696,-0.02179100690814295,0.0010049386822186812,0.0,0.008549184758121997,0.014098269745581649,0.00217964907445517,-0.008086671835273396,0.020418029700101203,0.016139623327271424,0.011551691488693894,-0.016018778606546658,-0.05693989002575345,-0.013841054316390045,-0.00011838207754388819,-0.005043758757643124
-0.009503034526090193,-0.02711024247715521,-0.004746381552370393,-0.0001878437914426545,-0.02180859944328145,0.0018398681741245704,-0.013933976630509437,-0.025076995724406193,-0.005456311697779215,-0.001789943143461925,-0.012923960305967708,-0.008018532913559917,-0.005830447072973588,0.0,0.02039794223782493,0.006066421586041648,0.0,-0.01129663845760337,0.00040719795115479185,-0.0011873966651881895,-0.01370100243617417,-0.0145269548138105,-0.0026533061554228077,-0.003983571995760937,-0.001251254384179501,0.004230118859284482,0.01914902156457232,-0.0063789669176055885,0.009216877574377225,0.0018606071307813443,-0.02817167848618174,-0.021635426700725435,-0.01995194211618867,-0.01164449044259408,-0.013747918082680277,0.0020038162345882293,-0.006773298983735687,-0.028044488805124834,0.011405475437644585,-0.04409222899021359,-0.011021760579759177,7.377903223743099e-05,0.0,0.0,-0.040876331519441644,0.0018567636079681038,0.003613731577706669,0.0,0.0,1.6653345369377348e-16,-0.000113429244957719,-0.00014752974159565335,0.0,0.0,-0.0036585311622545635,0.0002618256888671233,0.007746478891989594,0.003658281497009641,0.0,0.0,0.003912091662714778,0.004558412119540722,0.0026415057994927937,0.0,-0.00019670876883759458,-5.551115123125783e-17,-0.0064035535343330285,0.0013040324443892581,0.013463062430785988,0.0023247428610710386,0.0019858563305494292,0.0,-0.006551791826085285,-0.01800430488853133,0.0,-0.014437035708429136
-0.007421984486744637,-0.01679562473822993,-0.00783584708631968,0.0,-0.006199146055512139,0.0006277991044380538,-0.012917038525553703,-0.019254716131006766,0.0004879694047022487,0.0071366641877848025,-0.0020461047719004255,-0.0009827522559833768,-0.01625683286879931,0.0,0.002568190995840991,-0.008847001663983778,-0.01129663845760337,0.0,0.006586943070166662,-0.010137425731052752,0.004947104531186353,-0.014354301264560887,0.003983836538448082,-0.0022358463013871788,-0.0017065725052649583,-0.0018323554487914562,0.01110561519289921,-0.018775474029025296,-0.011716740367025524,-0.022285501066800162,-0.027114560588408942,-0.022949567490566702,-0.020011296202490092,-0.01882635463431076,-0.007204822056502469,-0.006680917109572415,0.0,-0.04772692877851026,0.011464614191693201,-0.019903626638564875,-0.00809287411635562,0.0019154941727168029,5.551115123125783e-17,0.0,0.0054815889017637565,0.001917246883913759,0.010720973592051986,0.0,0.0,0.0,-0.00886549085052224,-0.0001385456494106263,-0.0036553725685537497,0.0,-0.025846941332776874,0.0,0.0004317219154408858,-0.011717221524938426,0.0,0.020793739858437243,0.005483653574973879,-0.007631037573680999,-0.005439927233892361,0.0,-0.00013636001593819724,0.011912267646396302,0.002411383778431919,-0.007404028692190978,0.011314346525768126,0.00197658927163763,-0.0015195058975969178,-0.02449125398553892,0.004719636076844558,-0.006760652512060483,0.0,-0.01027789532462775
0.0,0.009501948255961623,-0.00943491910841704,0.0177003232888141,0.02671356637036415,-0.012574244749498864,0.011160068483101637,0.034450273573174095,0.0034080022018028733,-0.001070027748755531,-0.012093169225417644,0.007528459923358266,0.00993231907474773,0.023170385892354095,0.0,-0.0007060892368348504,0.00040719795115479185,0.006586943070166662,0.0,0.007916985135630217,0.015253854077394269,-0.01130263367767298,-0.02813028509576848,0.009356935944991318,-0.0020082403815422367,-0.002601278238138771,0.0023108510761519208,0.012078179314574167,0.013398017447130706,0.010150496517575935,0.006544309201188092,0.02638507657135447,-0.011465867869812463,0.013324375997576965,0.004986319743663314,0.00836632907866286,0.03182704537794928,-0.00013786029005591338,0.021153159120374576,-0.009447642894459929,0.03150743369543807,-0.001005415375930796,0.03412682980299875,5.551115123125783e-17,-1.6653345369377348e-16,0.0,5.551115123125783e-17,-0.08724183831745991,0.0,0.05191166994064622,0.016398666393557915,0.004148397266356074,0.011582221050429609,0.02311180590174211,0.0003483598420987999,0.04336560553295765,0.0009493780289497322,0.01827840962153371,0.06255583673615539,2.061781054785161e-05,0.0,0.0,0.0,0.04698555795507364,0.009095603752698411,0.0,0.006168218021178951,0.015292360990865839,0.0,0.0,-0.0016182060137983068,0.020842742529897484,0.009127685036747102,-0.009393099506547598,0.001210251893964509,0.02234730838094079
-0.008520724605030838,0.015841152965826555,-0.033897293792181316,0.013110339011616623,0.0018739499779563684,-0.004892410413017523,-0.011191119440908726,0.00190325955646109,0.005172707449315639,-0.06097857447173688,-5.688526795305515e-05,-0.01403052758788964,-0.01639027477500221,-0.00025895483544879916,0.03489176478619993,-0.0133047586300577,-0.0011873966651881895,-0.010137425731052752,0.007916985135630217,0.0,-0.008524343653760702,0.007406133310279117,-0.013404804413345128,-0.010566318490926874,-0.0011680103980435952,0.006749370941024957,-0.02312209270126453,-0.002825401541462269,-0.011279513749339387,0.008500383268372214,-0.0050483653689210595,0.0018141021904773957,-0.003638778944238752,0.009547767749276292,0.023996990261141715,0.00902728793130847,0.011568024719773418,0.0038846981478649623,0.032299748502500836,0.03896505661692373,0.02953236577703755,0.023435563335503506,0.030806033362488883,0.0006162386845445234,-0.00825920470097552,-0.03906719930292557,0.023897144982088447,0.01624380142376397,0.0,-0.010994611291547052,0.00974480768224012,0.010651325280281954,0.03731094466462165,0.007931053449090786,0.0016174156864953715,-0.0224149047597752,0.0012183041108027592,0.011511137549431727,0.0,0.023347805737399363,0.008323595599332323,-0.0033804537765135256,-0.0030895303213411274,-0.008403807866175006,0.021403629422541648,0.017149099481208574,0.021284768531781906,0.020484631239664597,-0.0015644274730240437,0.012471389635230368,0.012172296028216734,0.011588632894325213,0.016193464824669435,0.019312807444922753,0.013900680479056127,0.019216297948716987
0.008711074103329552,0.003163121927426016,-0.008247828974233373,0.00014370484793835292,0.03408607341368841,-0.005139968852253873,0.013181892132927808,-0.01506330873327305,-0.0016201043154989714,-0.012440539624163638,6.017056572266144e-05,-0.011190903942105701,-0.01275704311378939,-0.017715258282598845,0.008902967030672115,0.01406762753482138,-0.01370100243617417,0.004947104531186353,0.015253854077394269,-0.008524343653760702,0.0,0.006117601238130321,-0.013331945771287712,-0.005672242354871182,0.00691372709353355,-0.0035116380374428657,-0.008247866954134708,-0.01869528220645289,-0.007699082561367088,-0.016643068232994107,0.0053575318344221134,0.005856510723373565,0.014121902855551205,0.031844699953554934,0.043551641049721534,0.013778524364968403,0.026766307573663328,-0.00389607956592003,0.019792982360690103,0.039554378943725876,0.03141669207349995,0.02113617283242919,-0.002131302787134415,0.0,-0.00033219230858472226,0.010120341130960164,0.03811072007340216,0.0009312366299715213,0.0,-0.00017841602525214828,0.021565260239263584,0.00234448281912103,0.025506127168639703,0.007722741954780621,-6.588216103059485e-05,0.0,0.0040755723179951575,0.011916393985370088,0.0,0.010655899432208127,0.009509290830460537,0.0,0.013908454520295321,0.0,0.020604062932528255,-0.0017941070884459065,0.030531583764891845,0.014656334299229579,0.0030694491206940677,0.02370738576085124,0.018119650960710054,0.0049583583598489245,0.0019572417542674803,0.018756639941910402,-0.00523678701390573,0.021856029770604413
0.01842776965506382,-0.0016050719458872154,0.002370823297135616,0.007646018848152192,-0.012340899387554893,-0.0016605867686361742,-0.0157246779870856,-0.010500307424933686,0.012559871657706112,-0.026161865584807098,0.0025605224642498148,-0.004758778613389025,-0.030404153134210965,-0.1260230432356041,-0.02195589469518261,-0.01494832791305517,-0.0145269548138105,-0.014354301264560887,-0.01130263367767298,0.007406133310279117,0.006117601238130321,0.0,0.018407529995663308,-0.001076046782811202,-0.0037348653524452158,-0.0051400598325992974,0.005609121631689418,-0.03164003570640145,-0.027244608025594252,-0.021369203312298468,0.0048547195130636545,0.008962712325889355,-0.00021211658534991962,0.015560220930664281,0.026781358451684334,-0.0027280013911933354,0.035658175592065744,-0.008748117221952012,0.025645613188538308,0.025980858844015742,0.02474812983277319,0.028137446448006864,0.005043841705130947,0.0,0.0020696625104202337,0.008405696327901946,0.019536853200605553,-0.01861591214987235,0.0,-0.000447240660535253,0.003198261593898133,0.0043788127275576905,0.04070134242927109,0.008395619786833952,0.0069873641074412185,0.0,-2.0493124214371328e-05,-0.011638729362455247,0.0,0.025386305092918282,0.0016043402896182557,0.0034753731668799026,-0.008512445202735919,-1.1102230246251565e-16,0.03704449946388427,0.013986092494762459,0.015302624343908722,0.020742584751130555,0.006839434366165242,0.008092180527987047,0.023063988754024545,0.011934063714396148,-0.004507659002113418,0.014094238087265343,-0.03955163018329533,0.014970633369157438
-0.022710541730630918,-0.0010708660621614463,-0.01894210894837367,0.017005542107625615,0.0020708264211783955,-0.004240141951260545,0.030119229489236066,-0.0015752661835992665,-0.011323086355832124,0.026809958550052693,0.00946180913709116,-0.013716172483018207,0.0032599467518191205,0.037580117127792745,0.03671416891313556,-0.006317094803131751,-0.0026533061554228077,0.003983836538448082,-0.02813028509576848,-0.013404804413345128,-0.013331945771287712,0.018407529995663308,0.0,-0.028572839231358338,-0.013044159170041647,0.007642667122646496,-0.004126634465096979,0.003311946605442262,0.005542556370494611,-0.0025954802983997327,0.0008945482662704451,0.01204102755250458,0.020212020653259777,0.012032098488764853,0.008504343637695366,0.019741136852843955,0.012816539323620868,-0.020875329306355772,0.015471424606839923,-0.004530901687719635,0.007945882537493731,0.0033339013743890478,0.02597313361280046,0.00037897010110354845,0.060048714765076616,0.0418990925230025,0.018518567133254893,-0.026452725642607644,-5.554991465250847e-05,-0.006423578779132466,0.0026590501911821773,-0.002793405043240882,-0.01270627939506791,0.011561445351684796,0.010552335202523244,0.05188692487989688,0.030388029361459235,0.0006129561597384425,0.0005888342714845396,0.013612133244497893,0.008514614157084988,0.000571719268178339,0.024474613111626686,0.03950072489496326,0.008444255109724907,0.004637677961894848,0.020126499741693393,-0.007050356555875048,-0.0017557607624624216,0.017328200436902086,0.015512801711019375,-0.0039513981464667225,0.0010953815456782312,0.009496907681800448,-0.005000393694051364,0.009289285913204548
-0.017301436076029297,-0.025431892997092087,0.0015632453126444013,-0.0323925648932582,-0.016407259266470187,-0.015338104428529786,-0.002665992837905251,-0.023689471809286378,0.0036117492389833306,-0.002943826840004715,0.00997613245760115,-0.004309941290880415,-0.002827380524501044,-0.03418968674074113,-0.021708137667397875,0.0051894087175208825,-0.003983571995760937,-0.0022358463013871788,0.009356935944991318,-0.010566318490926874,-0.005672242354871182,-0.001076046782811202,-0.028572839231358338,0.0,1.0693219528123965e-05,-0.01646583967402765,-0.013826400408569195,-0.01821898076689671,-0.012708289144406415,-0.013489245717837106,-0.017473584267482356,0.003133936825698125,-0.04055562962132331,-0.015717570048457974,-0.0027491542509093247,-0.039170227825746196,-0.008149050229770194,-0.0131573041306704,0.007366774953274091,-0.023224200347994606,0.0011572544195166956,0.05436071444886198,0.011041049789651203,-0.014694464552486852,-0.013615497887514094,0.050981343186960904,0.019341281757566553,0.00011915634482301263,0.0,0.0,0.007871695557315095,-0.0068787580837435525,7.664255342987314e-05,0.0018001248608113807,0.0014650328512849087,-0.0005401591055587129,0.025397134650289477,0.0036249666952813397,0.0,0.0028671860705276053,0.031012351387301962,0.02236002161009426,0.0212608717842675,0.0,0.0016261451755685274,0.027205466402224987,0.07656827898864016,0.011997545062107762,0.04304998964834683,0.022730275221280405,0.020820068790792456,-0.0009267921605155549,-0.03204266788306365,-0.008335363226266768,0.0,-0.0032042406243436017
-0.008822079545299899,-0.0013475503001086353,0.028712075944002213,0.0,-0.016956663053775578,-0.018993505131959798,-0.019060292025522396,-0.026165519867984932,0.012435541899314617,-0.016648388098706002,-0.0020729028140653583,-0.01995194328051625,-0.021500881782727743,-0.0343742644110111,0.0033938319851623544,0.00323586209883997,-0.001251254384179501,-0.0017065725052649583,-0.0020082403815422367,-0.0011680103980435952,0.00691372709353355,-0.0037348653524452158,-0.013044159170041647,1.0693219528123965e-05,0.0,-0.002979702695499409,-0.009315446719765752,-0.013805300147614608,-0.009897349603324224,-0.02410157947356678,-0.013303781010183424,-0.010558498914063075,-0.011248940222853998,-0.012182742498866583,0.0026565795014767968,0.011711119494246136,-0.0003136889923813224,-0.01956786315453657,0.011625561335188439,-0.02077528544976509,-0.004399125579518159,0.004355502181970894,-0.000375082215617939,0.0,0.011669784757160129,0.004883415769328325,0.007200444788083127,0.0,0.0,0.0,-0.0066936452035996075,-0.02040572011144104,0.0068358115911434925,-0.0003998066036665082,-0.0022718236901583255,0.0,0.012356220026609077,-0.01785394867719403,0.0,0.008500143638979718,0.002322841102671336,0.004411776919443833,0.0016523033270583465,0.0,0.008697815429714317,0.004679336810621493,0.003980258541372905,0.004830278809120514,0.007241568547990351,0.007729041618049881,0.005114481257021353,0.009335358310206154,-0.008707977794437105,-0.002923147505230539,0.0,-0.007281984509969697
-0.0028119205322931773,0.0030221270723390092,0.014864869309079543,0.001750073233884375,-0.014221394330298953,0.006681150580294615,-0.01626747619559865,-0.01958907106899571,0.025806849380252128,-0.014869671821084118,0.0029249132686822166,-0.015998763547923178,-0.020125031265577964,-0.057979084120384994,0.006155251299066411,0.004646950980426556,0.004230118859284482,-0.0018323554487914562,-0.002601278238138771,0.006749370941024957,-0.0035116380374428657,-0.0051400598325992974,0.007642667122646496,-0.01646583967402765,-0.002979702695499409,0.0,0.017514916502678946,-0.01034210518435541,-0.013217897635556641,-0.012261553376380463,-0.004959877223080056,0.008221786027737377,0.012339907306137377,0.003947515315387395,0.027110132892405603,-0.0344378579737748,-0.027733656546039653,-0.01989691821440892,0.010923095859624865,-0.024988156542690376,0.004127966376013481,0.019802516476732035,0.02933252883803733,0.0,-0.0106867488411872,0.025985952447802774,0.0242304965645338,0.0031171267430188943,0.0,0.0003945346645158332,0.007703466906504808,-0.003555736419131039,0.009679022370986667,-0.0019073624074873452,0.0004904754436889092,-0.00012073246818750105,0.006332719827784106,-0.01230906505476198,0.0,0.023684264228683638,0.007028058257117997,0.002711117971758159,0.0013711709331423738,-5.551115123125783e-17,0.041127807689631146,0.016736051274652775,0.02512746324231052,0.016177586731741522,0.006249574040071315,0.009043789871774233,0.024008123370828582,0.01898363276473647,0.013612913907029733,0.020075661877061335,-0.00012917109021048923,-0.0008357062199915721
