0.0,0.048335846842559704,0.02246272448453157,0.0,0.00038977942079954087,0.022932988820838718,0.04593907064367747,0.029700803492841987,0.08757453425130685,0.013465832845309778,-7.146038345806627e-05,0.016177021316974738,0.03473195816303615,0.007619870481856084,0.03276204657715087,0.02446948078899719,0.03901215713832751,0.020928439113185593,0.0,0.04508744601550657,0.033939238005300576,0.05500981278766115,0.009331190466784822,0.04976467214643365,0.011682548733630393,0.019466954846551976,-0.002629217931660377,0.029767102327194594,0.03138350462478501,0.022895897529270126,-0.007219128835188715,0.027425041959096674,0.01525944958952219,0.009535620261431565,-0.0034201122308025744,0.02679103591858828,0.0,0.046519005805568114,0.030100334938277573,0.011310480102763143,0.01216922573111523,0.02426217181265683,0.0,0.0,0.017929832195141382,0.03401511419501796,0.01753385604821467,0.0,0.0,0.0,-0.03403280240753409,0.0,0.028014985968310535,0.0,0.018842454398238062,0.0,0.017814220416289883,-0.009459748534444201,0.0,0.0033108775304976357,0.018009572855804012,0.022864695755469677,0.01608106728906028,0.0,0.01396267747133978,0.06901133582841712,0.024601761159493918,0.008749971784133226,0.07384596466742022,0.011487215892367952,0.021011673415488874,0.012845025656989806,0.017277205434755027,0.021794977317592668,0.0,0.035443172462870265
0.048335846842559704,0.0,0.009726041465162094,0.0,0.05576867196406993,0.04144267507737326,0.044067409049412476,0.023472064307033413,0.06928595734757975,0.0035051000835200075,0.0012615335856898113,-0.006199815160721878,0.04901528433026259,0.0,0.0429268905759953,0.03285209799713906,0.021622473522312058,0.02727740508325316,0.014896593496685873,0.03289255236184435,0.04846440636255295,0.046439334040102254,0.03838271989073255,0.015121241749392611,0.013556011524557765,0.04228109895479737,0.038080263838385586,0.03758679544770688,0.03629303431994546,0.03724800103593895,0.033985447465714747,0.03654479033622865,0.03383036026113162,0.039551874017381305,0.02094641353776666,0.034577328261454376,0.010191205263959668,0.0005101631808006046,0.03522254059525087,0.03150708549082132,0.028499599836214196,0.017274121020389943,0.024449237156208614,0.0,0.00011702543919311914,0.038598161298601164,0.034065459682061705,-0.0050670166774934855,0.0,-5.551115123125783e-17,0.02705768759635696,0.008114225073726555,0.02181559125720678,0.0050381243586285485,0.022464848594957454,0.0,0.010059605291599605,0.01610610782496641,0.0,0.04250393142634734,0.032282035764436945,0.027624439326683292,0.026648741350958016,0.0,0.036839318075060745,0.03940922397078578,0.03498563325795295,0.038324190039641715,0.0280942827671401,0.024246889908697555,0.0275153382302622,0.048546542653816915,0.01719591196921444,0.03287426485072986,-0.0014804793578107045,0.03684020604037991
0.02246272448453157,0.009726041465162094,0.0,0.043720237058535616,0.0447561016093006,0.03418699086120974,0.04220133693443445,0.03512099457977419,0.011408764128724436,0.028184179005504906,-0.0007331232502583163,0.022064102308285094,0.047589838188518085,0.05389899473108695,0.03875190799136469,0.01838085390334676,0.03014088282317845,0.028242687971711866,0.0010940914592031392,0.029884983221847183,0.04500279908919358,0.03540877064331294,0.01359275271773519,0.03263607355846376,0.02401715839152857,0.02915034133982325,0.019823038369326196,0.04159751813485557,0.031814788011325146,0.03152492079275149,0.03733333855538007,0.0344918836454835,0.025405888003005694,0.029628920935336422,0.018126314073444172,0.04011675641950746,0.01573595530555666,0.026976024606354843,0.038721940910647734,0.00583112881145037,0.0496721356325458,-0.009750933454639288,0.050489278517086844,0.010213713990713469,9.703437543806537e-05,0.0,0.0011904260586111381,-0.06001420761114973,-0.0005076323481208456,0.05681963272326984,0.04899186427496727,0.050625786367592185,0.05861698262974624,0.06033019189348432,0.03000991888044857,-0.032089768587635736,0.0076598793687945865,0.056728215098542645,0.029159791187725492,0.030171751361308896,0.0008901738421495664,0.0,0.0,-0.0019160560468102217,0.021780873939829415,-0.001484406540215033,0.11378249750482117,0.060003131113277264,0.0,0.0,0.02331918768621899,0.05577788294155228,0.058028902261405335,0.05788069601401302,0.02226265820633455,0.04957797450347268
0.0,0.0,0.043720237058535616,0.0,-0.027008162594247043,0.02140982975960265,0.004130522550288562,0.025408500891377195,0.04614089590883169,-0.0033702552026643184,0.04327513034392766,-0.034405688457255,-0.02399703700636474,-0.010263806731114933,0.014947962627627154,0.0,-0.000588486485907258,0.0,0.08578059295038787,0.03984276269377607,-0.0009418013716920859,0.00922813509420306,0.007986789148858642,0.010575920143327977,0.0,0.003312130302479732,0.01735145652328962,-0.019873144403673715,0.02819589935621969,0.00035995293935375816,-0.052350025614054496,-0.0348322281529464,-0.0007513210135686177,0.006015273710674118,-0.018587515967820545,-0.05548389197941539,-0.037191285854978356,-0.008847234556947359,0.001725403233938494,0.0,-0.0014006969152763338,0.0,-0.00064477546990932,0.0,0.0,0.0,0.0,0.00010034344757503533,0.0,0.0,9.89617885197025e-05,0.0,0.0,-0.0002349169314124766,0.0,-0.0002404956375918199,0.0,0.00017684554041375034,0.0,0.0,0.0,0.0,0.0,0.0,0.0,0.0,0.0,0.00332461836636444,0.0,0.0,0.0,0.008957633458854808,-0.00023025967482959153,-0.0009056405010225421,0.0,0.0
0.00038977942079954087,0.05576867196406993,0.0447561016093006,-0.027008162594247043,0.0,0.03849908372790012,-0.00048269239474618697,0.0542740748629017,0.03922148645698892,0.018714263633564154,0.03359118017803897,0.01537343720647244,0.00570060204498013,-0.008798183227011813,0.02404950011479068,0.02549876413431429,-0.0036103508907603943,0.01770967298512366,0.03977591799710273,0.027216453894974846,0.056712365362789896,0.031588007353128,0.04694429036887454,0.002747692000737212,0.026013587778235425,0.002143331606956844,0.03561781081254073,-0.036769254607296964,0.02794311955883566,0.014998565082702642,0.025967540539640233,0.02571847215024664,0.021128408191422254,0.009501039575122772,0.014533484388882745,-0.012247447307264014,-0.01859925168346538,0.02498451306744398,0.061242882086525674,-0.0005975953375251253,0.06203001701596811,0.07454331774897366,0.0538355488164215,-0.00024699589223137197,0.011240220288761815,0.0,0.006753828715029386,0.05448147897989242,0.0,0.03969597996717711,0.05503113646793201,0.05442658533445721,0.05125678518125676,0.048380313984307755,-0.0020718713338874206,0.0713027724588206,0.011396258573371176,0.05844659019072718,0.04901279363900313,0.011266530432913036,0.0009309399353452097,0.0,0.0,0.05455914368654485,0.05972617501171462,0.0,0.025723508638246295,0.06270227746919199,0.0,-0.0002262222311734119,0.022021352425908525,0.054452463679513174,0.05990243580143029,0.057832114421688285,0.012733857513408386,0.052927755608810134
0.022932988820838718,0.04144267507737326,0.03418699086120974,0.02140982975960265,0.03849908372790012,0.0,0.021007981194589853,0.0249767685351604,0.030623800016857883,0.026256541048335247,0.04246605605869813,0.02511302295972795,0.030856886766713054,0.00908956296349328,0.004269706248961669,0.021187820238504296,0.025074145044495455,0.015264108281436095,0.024086181952988173,0.026250086782323656,0.017122115754140355,0.018129509652421716,0.015558904689865649,0.033157466165186444,0.02479783804161717,0.021356573759394093,0.010598445536710854,0.016839591881192162,0.03099477256388261,0.01544138449032395,0.022972518868693614,0.025685219634279888,0.02562108400144686,0.01829350636956939,0.02097802076472327,0.027045897142842446,0.023540128571249264,0.017969623382837363,0.04136518875181028,0.038981514279789964,0.03436895535122575,0.03181718556340529,0.06233874341639478,0.05030553922894054,0.0031777472534887385,0.013391395021821073,0.036284676905146196,0.030972023876798427,0.0,0.031890839105695235,0.0414441228354232,0.0377786591981496,0.047378409126113186,0.030298308556694686,0.020686623008643212,0.05068004547102822,0.021101070370318775,0.04621807901087216,0.020073098748423834,0.04896392367056884,0.055871915156144536,5.551115123125783e-17,0.006118767820078086,0.02870293190901274,0.06695742774697966,0.046290742220422565,0.03415438906103657,0.041392446925053616,0.0,0.020212071536760967,0.04380813549018331,0.03823639236130627,0.04459342997985549,0.053429686176826086,0.03390570096303325,0.04624975967793721
0.04593907064367747,0.044067409049412476,0.04220133693443445,0.004130522550288562,-0.00048269239474618697,0.021007981194589853,0.0,0.04984083400476613,0.03956515239060604,-0.014782857190539733,0.046446757384757675,-0.010907450209465541,0.006716406251222218,-0.0017519759287140113,0.014265486079064416,0.019921592297482027,-0.015525791910616427,-0.009615569283894898,0.051612998067112115,0.012642302336506261,0.03424341272482001,0.01369218840896802,0.03132842299806449,-0.012549070310520216,0.02308668768020794,0.03219459853793488,0.026549905963249854,-0.014614028781905208,0.0207534907222367,0.024256869094368638,-0.03740757384413679,0.010221729827501636,-0.012088347580142211,-0.015575164484316395,-0.009065980325345724,0.02126316067290379,0.00475064515908008,-0.00621394605646336,0.028418667296786104,0.030712746834398064,0.05814638163493813,0.0325159164579486,0.04691489977887059,0.00019658695744406707,-0.008834904956620537,0.0007438317903359914,0.03401102940681183,0.030674627190772297,0.0,0.04784823665915894,0.04935376760700272,0.05186482918357338,0.049429940604868716,0.041135716895355556,-0.016289553427174364,0.0522694707669179,-0.005151633587565485,0.048367441139359424,0.036236819809773446,0.05375334803223841,0.04540635813560312,1.1102230246251565e-16,0.0008772287121519007,0.044061809916743355,0.05458234956251257,0.02543133009718801,0.039638806851213904,0.047956554714967514,0.025392123611801543,0.00665648053698531,0.03886097471091582,0.043034396851903245,0.04328368709381447,0.043776408510941944,0.024236135827329863,0.04864388064909553
0.029700803492841987,0.023472064307033413,0.03512099457977419,0.025408500891377195,0.0542740748629017,0.0249767685351604,0.04984083400476613,0.0,0.03325466821101719,0.0022988090833671038,0.0567465077001314,0.02487722456467617,0.04834406269475239,0.06199540782576357,0.02392633825819429,0.01859335897987502,0.017709076411583036,0.03098734995190361,0.018295019628104148,0.030918322064099946,0.05508925966115563,0.036841671769196616,0.0431410663571441,0.04609720252014682,0.035270275911900184,0.02688680636789037,0.040557247039215705,0.03581425983899167,0.0352759871257054,0.041290473725187404,0.033907387776732245,0.013492447675459596,0.0004454351847120175,0.029815797535329924,0.03872356531776916,0.023644312442540782,0.04245301081428471,0.03827675944822945,0.048348803770719484,-0.0059703077108999025,0.038290035989057336,0.03339455061751029,0.0770994929879395,2.294372074418405e-05,0.00010947881452644248,0.08766019103954997,0.05477144546130158,0.058850048183593184,0.0,0.04945103652985228,0.06422523628395926,0.06463237503069352,0.1013607579557757,0.047469628890551174,0.01928037843241548,0.07900230924424334,-1.1102230246251565e-16,0.0565949990239899,0.023647175638996043,0.06778464696207726,0.04321445363941212,0.0,1.7373722059510488e-05,0.06177215434279015,0.0646198322167531,0.09405311906188712,0.07321764699498184,0.07310041529830413,-0.002585537396326276,0.017072646230616606,0.05406439446221456,0.042193762099492216,0.048270769814774794,0.056570369045948365,0.027174897648892526,0.04764624322636529
0.08757453425130685,0.06928595734757975,0.011408764128724436,0.04614089590883169,0.03922148645698892,0.030623800016857883,0.03956515239060604,0.03325466821101719,0.0,0.03639046676583696,0.021237067975175217,0.01984818286214457,0.05330407405236326,0.03079352723584816,2.0169984960960452e-05,0.018366789957370178,0.017451560714978998,0.02985235021222915,0.011850682124305956,0.028841723695199994,0.07353783986944118,0.02428204464584799,0.029873571543168664,0.022582284197293134,0.04667905906422348,0.019569138123349428,0.023460039782891795,0.043718431607682184,0.040383306682167164,0.042634712682224074,0.04159810990775342,0.03943314046935115,0.029401302176482846,0.035483021057131525,0.03542584379044378,0.03620567406479591,0.036665058611060675,0.040745503575483955,0.04543932073077955,0.022717931073620523,0.052847788558008424,0.04721391046407364,0.03958386762904892,0.02374834981276147,0.008560260793952001,0.0,0.02528757278455135,0.04608958311103439,0.007465489137217729,0.03671446950564228,0.048201086668659965,0.04839666146327637,0.05260979829136292,0.03996532759084015,0.022759278287449947,0.04839482534312767,0.01270988970162712,0.05026823469799169,0.06558829730045984,0.03372593385724787,0.01824119247634931,5.551115123125783e-17,0.0,0.04883696807742266,0.0722802486889686,0.014748740644420277,0.11751755126631308,0.05448661235515062,-0.00033062942146494523,0.00457818936282256,0.0289578468186098,0.04653835292835773,0.05139198410386092,0.06449353686411935,0.08237768921517674,0.05226357889619637
0.013465832845309778,0.0035051000835200075,0.028184179005504906,-0.0033702552026643184,0.018714263633564154,0.026256541048335247,-0.014782857190539733,0.0022988090833671038,0.03639046676583696,0.0,0.018061245480794796,-0.014955984177221715,-0.0028166528932583867,0.056126562401695,0.010410028304871699,0.011709760442976502,-0.002104797157940319,0.012424475647979938,0.032224391528784646,-0.00940472689428673,0.013281295828956485,-0.0026306521175979425,0.0035865224328831546,-0.012450302632768417,0.0017955571203996379,-0.02145982884983466,0.02850325082714289,-0.01580101472345391,-0.0021551048676037854,0.020978809123725684,-0.015301902033450776,-0.005702726218435095,-0.011065277686357677,-0.010526906340003472,-0.018170306110318224,0.027983541511083232,-0.008630263037620822,-0.03448725517230633,-0.016779482733984497,0.0166032325263879,0.02323323083915091,0.0228449745814574,-0.026770683348045998,0.005806210998604566,-0.0021381550105478153,0.017552872430511124,0.03024859713396494,0.021568802850987945,-1.1102230246251565e-16,1.6653345369377348e-16,0.02978938384427099,0.006698467938336561,-0.0006058649080618039,0.014313136783855818,0.018141645141046714,0.029713771364056396,0.028196215672122826,-0.012398153414471091,0.0,-0.001664054760138589,-0.010804341093394676,-0.001400636347321349,-0.002647190203826144,3.629170639291024e-05,0.016355041918020286,-0.0004585773389777503,0.03050027884507811,0.02203120917558732,0.007691603770828115,-0.0017392471652206143,0.0010942246047419002,0.026029326430467292,-0.004102407027003152,0.054373080668090934,-1.1102230246251565e-16,0.01753139608135479
-7.146038345806627e-05,0.0012615335856898113,-0.0007331232502583163,0.04327513034392766,0.03359118017803897,0.04246605605869813,0.046446757384757675,0.0567465077001314,0.021237067975175217,0.018061245480794796,0.0,0.012686009086586791,0.04404440182627256,0.03194431306588219,0.0,2.725901158373567e-05,-0.000847007606462058,0.018707849355780626,0.02922528548802722,-0.0001252788401910343,0.05315366885308864,0.017953854527802404,0.01849756346300424,0.013650946322230018,0.029534523985482564,-0.007621688558778539,0.029300657556182275,0.03310780538879199,0.050537768101744596,0.031173299389956333,0.028056758092079526,0.03287043245415666,0.023421959376405233,0.0209266074832149,0.02739159207769659,0.061108188050795875,0.028559807147599092,0.04137389371618583,0.04728040735893457,-0.017600670695637588,0.05411980204848721,0.009952905370901932,0.059972803195402324,-0.0021476740773944125,0.0063475699979265165,0.0,5.551115123125783e-17,0.09673886387916258,0.00021986613476832062,0.05623150447112163,0.050738534882197484,0.06862878545014017,0.07649005171238804,0.0777919097720502,0.027392416715350032,0.07934642397395336,0.01838187455381779,0.058549317823559766,0.07324157385500141,0.0012431934969811542,0.0,0.0,0.0,0.008701369931486735,0.026709128852456798,0.0,0.02362467762319309,0.05893734914797433,0.0,0.0,0.010551258598015256,0.05071676853705631,0.0495679402362757,0.0789040568674153,0.0022229928134135934,0.06251990118752099
0.016177021316974738,-0.006199815160721878,0.022064102308285094,-0.034405688457255,0.01537343720647244,0.02511302295972795,-0.010907450209465541,0.02487722456467617,0.01984818286214457,-0.014955984177221715,0.012686009086586791,0.0,0.0017255614328590685,0.02281585179196416,0.008426744482323112,-0.0027903921676472043,0.0023784970380560932,-0.003639014703394783,0.02991972759092526,-0.020854645520516524,0.019182715272670126,-0.026650292471592563,0.008846005276022195,-0.0031487239466885253,-0.004412642702352421,-0.017781229375993357,0.013710577236858312,-0.0015715829697465766,0.026140510429159658,0.012380221475775666,-0.017742938850149437,-0.011518687350872747,-0.021039129841612048,-0.029946736944751584,-0.02767705138567922,-0.004758622731910966,-0.04346128447769809,-0.03830768570147122,-0.020353333632065818,-0.0720748219045646,-0.03676596331292731,-0.053749275220384085,-0.0098595674026149,-0.0007949270941119413,-0.07184057922287368,-0.013712887339078883,0.019807694272643617,0.01791895348636685,0.0,0.0003618289347723236,-0.016164915904880783,-0.015320411061547023,0.0,0.002551797251725385,0.006368808298729767,0.015717364159892777,0.01985255264764363,0.008575842919647636,0.0,0.01330080769101416,-0.0029208994090884066,-0.009538605604283268,-0.008584963072221119,0.0,-0.0007958017424644082,-0.00027724605825230064,0.016428751854408563,-0.01348923040362271,-0.03045798718804038,-0.005484883666694751,-0.004037372244442672,0.015371701137497196,0.03775055460775778,-0.010694507044639867,0.0,0.009941265368679397
0.03473195816303615,0.04901528433026259,0.047589838188518085,-0.02399703700636474,0.00570060204498013,0.030856886766713054,0.006716406251222218,0.04834406269475239,0.05330407405236326,-0.0028166528932583867,0.04404440182627256,0.0017255614328590685,0.0,0.026256339724329114,0.02103865628091728,0.023226088413876078,-0.0088113702433672,0.004245297372407031,0.04751230476377438,0.02373537434205425,0.03854150061915529,0.021641173807646463,0.03521839125272247,-0.013901630814473265,0.023568817442097434,0.03138201594108081,0.02699489642453473,0.029014597040583734,0.03599121051818177,0.01234273487781734,0.001101600007126724,0.020680533311691895,-0.005134704603387941,6.070352757259201e-05,0.0030649643767898804,0.03809560991184879,0.01296970194650432,0.004913565202568748,0.05434426494253736,0.04357297020797629,0.04714505350272513,0.041542247664328236,0.0524132985969093,0.026554000703125025,0.013000718576604509,0.014046264445287449,0.034002661837567116,0.03774047816679682,0.0,0.03886213339762756,0.05181188301962658,0.051728473093852756,0.056323775570691126,0.04718087740510257,0.005468650538792252,0.05475288882932494,0.005910523336908002,0.052293785528759296,0.024616117813173466,0.04540264574813374,0.03594908368746147,0.013929081793239761,0.027344572087428576,0.045532787089421656,0.054336325978175726,0.04365586237090724,0.043788718144353755,0.04964573284638252,-0.003519046661751457,0.0230890695612756,0.03787207555626809,0.04576046472991935,0.047463219410787794,0.05180665513356442,0.04403270814261151,0.04311743814815738
0.007619870481856084,0.0,0.05389899473108695,-0.010263806731114933,-0.008798183227011813,0.00908956296349328,-0.0017519759287140113,0.06199540782576357,0.03079352723584816,0.056126562401695,0.03194431306588219,0.02281585179196416,0.026256339724329114,0.0,0.006619716364360095,0.0,0.0,0.0,0.032869284103792085,0.007112547431336935,0.02188483012139958,0.0028556262119520115,0.052050561973234155,0.060262931282291654,-0.00021463325273884948,0.012574172707066733,0.05232970725979513,-0.040845774537814517,0.035101638510046385,0.0004703651935769604,0.023701625525612335,-0.02187456418629169,-0.015666279802911465,0.010359923719984565,0.017231708427986547,0.0016518237325490737,-0.026399675856653926,-0.014495046405536172,0.0662699746943527,0.0,0.0010653519761304464,0.0,0.07238472076530067,0.0,0.0,0.0,0.0,0.05229017033511607,0.0,0.07619453675275867,0.05895385970249978,0.05385573697359208,0.08758170466540083,0.036431130704302817,0.0,0.08171847239280189,0.0008412933559219793,0.04368774671205794,0.09007719925898372,-5.551115123125783e-17,0.0,0.0,0.0,0.05044634067123566,-0.0020716843234582782,0.0,0.0,0.0688668281057267,0.0007999473810155755,0.0,0.0,0.06429629870517556,0.06117141969297962,0.0033989439796135446,0.0,-5.551115123125783e-17
0.03276204657715087,0.0429268905759953,0.03875190799136469,0.014947962627627154,0.02404950011479068,0.004269706248961669,0.014265486079064416,0.02392633825819429,2.0169984960960452e-05,0.010410028304871699,0.0,0.008426744482323112,0.02103865628091728,0.006619716364360095,0.0,0.027528759911730483,0.008025393020955063,0.02390374809281892,0.0,0.051717571801467854,0.013359776078074648,0.06737986819760577,0.010925364857461817,0.06764334954097323,0.03181427120443231,0.01760180677629203,0.015715850049074442,0.012864475155419886,0.029117470431220316,0.014032982232342062,0.022852460065572566,0.02953088599950815,0.025424285549292824,0.018394350088770606,0.030211731113573337,0.027192238270027036,0.01860709858171533,0.014746013640393518,0.05464276128869472,0.045868486859156066,0.034878843741950494,0.04089527057135445,0.0008686189696911484,0.0013551193206746692,-0.019971612293890995,0.01642557264870237,0.03537008268415098,0.03831301973223816,0.0,0.0,0.0237030155124478,0.030802197042861468,0.09787028911023399,0.029832349359019017,5.1835264351152155e-05,0.0,0.009565026829933931,0.0321021149729645,0.0,0.06454370328895964,0.042082845759626786,0.0009730794838138102,0.023378173697620908,0.0,0.07740362718393196,0.04900469864692458,0.048142242658718803,0.05376488501042492,0.01277521359868622,0.03739085229981365,0.04508880367701684,0.05298195863098515,0.04686675806088009,0.0704457656520901,0.030757418569948847,0.047341063088813806
0.02446948078899719,0.03285209799713906,0.01838085390334676,0.0,0.02549876413431429,0.021187820238504296,0.019921592297482027,0.01859335897987502,0.018366789957370178,0.011709760442976502,2.725901158373567e-05,-0.0027903921676472043,0.023226088413876078,0.0,0.027528759911730483,0.0,0.01781918083552997,0.03584399439019248,0.0020002000870073533,0.026355755157701333,0.035344243354501315,0.028479713974038368,0.017519395361234646,0.020393508251651926,-0.0017476138176455436,0.03783177581090624,0.015019397998007222,0.009504952185835414,0.016618169188230836,0.0037063080668089388,0.012416134508484666,0.02541996618945752,0.027909668274575916,0.01977209729585394,0.020605803718404314,0.05851926073520408,0.0020292681257795264,-0.01868191378834344,0.03856337358712736,0.02331527337058259,0.02165285653666743,0.026810861642146133,0.02173484565963163,0.0,0.0,0.03239292349618045,0.03185018505462062,0.0,0.0,0.0,0.002906224285551484,0.017950221992126647,0.03282799230948957,0.0,0.024648726614336813,0.0,0.012693312715070237,0.0014132102898561372,0.0,0.0351316796758111,0.027402220697933077,0.03912142071068547,0.021955868508824916,0.0,0.035797364790240316,0.02804461413525894,0.04246393602635462,0.022588887365949717,0.028117397874414696,0.020230700634917276,0.023667999234064818,0.04147364686827387,0.0008550735498314976,0.025702414102036497,0.00027751352976601584,0.031173888788843862
0.03901215713832751,0.021622473522312058,0.03014088282317845,-0.000588486485907258,-0.0036103508907603943,0.025074145044495455,-0.015525791910616427,0.017709076411583036,0.017451560714978998,-0.002104797157940319,-0.000847007606462058,0.0023784970380560932,-0.0088113702433672,0.0,0.008025393020955063,0.01781918083552997,0.0,0.02322428782917113,0.023135885768832076,0.01759572431198525,0.016917932571981098,0.029159316055506257,0.006881991736419291,0.0029703738321563145,0.02231435638962087,-0.008243538575234965,-0.0032500895516278105,-0.018491616733616156,0.018727342307678863,0.016995122309249378,0.0034944916692734584,0.005813201817723768,0.007818009679905147,-0.012030940067610685,0.0106667823325855,0.029763745612860437,-0.0068915942861897395,-0.00894563220630451,0.033987053092353725,0.01898274544009615,0.003921724753653821,-0.017697721373073738,0.0,0.0,-0.009486688112718744,0.013704027316659095,0.012173243824767421,0.0,0.0,1.6653345369377348e-16,0.0009178528787323614,-0.00032490582510819044,0.0,0.0,0.019479214478541063,0.0005766206227696413,0.026668114235553653,0.007707809011560707,0.0,0.0,0.020003005751544012,0.011262992693451324,0.008098780770465108,0.0,-9.372796638928982e-06,-5.551115123125783e-17,0.019183145063459917,0.0011708484359271853,0.02255376521884722,0.010119166065911345,0.011099195251814298,0.0,0.01321224480382821,0.019009634022084054,0.0,0.01688132611980253
0.020928439113185593,0.02727740508325316,0.028242687971711866,0.0,0.01770967298512366,0.015264108281436095,-0.009615569283894898,0.03098734995190361,0.02985235021222915,0.012424475647979938,0.018707849355780626,-0.003639014703394783,0.004245297372407031,0.0,0.02390374809281892,0.03584399439019248,0.02322428782917113,0.0,0.021506572206312802,0.026318641190607617,0.014947684870518396,0.029111432317273145,0.00972399854804129,0.004038120781591159,0.022007931297815864,0.0027049481020610666,0.015354504818006764,0.005012169044404879,0.008861487640654642,0.018860621806336964,0.013347048935581363,0.0011070309127615419,0.00868247238814146,0.00031072393387637787,0.009223962705122768,-0.00402947009817245,0.0,0.005881281134045457,0.01335866823430587,0.018215779447777747,0.013915297850501218,0.006853227158546693,5.551115123125783e-17,0.0,-0.0070935111223886516,0.030781264176926948,0.01757191652513118,0.0,0.0,0.0,0.020413857086232945,-0.00030512009341321367,0.018682643979846925,0.0,0.020802363497008758,0.0,0.025722386420666377,0.0031920115760823986,0.0,0.05258427247742342,0.017521559211117532,0.019564702059247763,0.017045524641890963,0.0,0.01630109722796419,0.002876908224126895,0.031844161161216133,0.01609325995986266,0.01760781296828412,0.01770764745929404,0.012866611556659413,0.06239241891258035,0.029949645285426263,0.016699615384484057,0.0,0.027440116189889008
0.0,0.014896593496685873,0.0010940914592031392,0.08578059295038787,0.03977591799710273,0.024086181952988173,0.051612998067112115,0.018295019628104148,0.011850682124305956,0.032224391528784646,0.02922528548802722,0.02991972759092526,0.04751230476377438,0.032869284103792085,0.0,0.0020002000870073533,0.023135885768832076,0.021506572206312802,0.0,0.007351423468539675,0.05920814564219823,0.046124180528914704,-0.03511591064229158,0.04134299666314839,0.04494471933598054,0.027339031247131218,0.040510999637520584,0.03572963180663541,0.01831587681232688,0.024008185935571136,0.03564761476321865,0.03410091536087223,0.03863296494859064,0.025039229754680148,0.030255980106980218,0.05689258835668559,0.05421665222827371,0.02333626350765433,0.003952280264139407,0.023084446222233435,0.04978889022475008,0.005631442046672652,0.03791472737687923,5.551115123125783e-17,-1.6653345369377348e-16,0.0,5.551115123125783e-17,0.013400049503189904,0.0,0.031009743120035793,0.03957581947042632,0.043214011743261116,0.03290894479541545,0.029646361737406757,-0.002412624204848113,0.11290394075722887,0.002090822152193028,0.047976455106058635,0.03377887864556223,0.0022381267362262536,0.0,0.0,0.0,0.043966261747423685,0.006157979446005657,0.0,0.0056312571127094535,0.04273468640482747,0.0,0.0,0.022177146410119808,0.045283811455976264,0.0487360436527603,0.03998103361035432,-0.000424528982398642,0.05410472198765315
0.04508744601550657,0.03289255236184435,0.029884983221847183,0.03984276269377607,0.027216453894974846,0.026250086782323656,0.012642302336506261,0.030918322064099946,0.028841723695199994,-0.00940472689428673,-0.0001252788401910343,-0.020854645520516524,0.02373537434205425,0.007112547431336935,0.051717571801467854,0.026355755157701333,0.01759572431198525,0.026318641190607617,0.007351423468539675,0.0,0.01603930511607793,0.03266548994256574,0.0658905885627149,0.0509520592174868,0.021254063996583084,0.025025082767916373,0.023580405377861935,0.024252210129790397,0.028414611261151967,0.043801503963334765,0.011922374033972838,0.02709855669342437,0.012820242705035234,0.01642096542819471,0.029750094459516707,0.04064212624782493,0.029895971911321928,-0.08344325597620655,0.06133586704536703,0.052318789622391004,0.04116675120194718,0.0512551648334022,0.06842032683725768,0.0004600422577327179,0.007270213122696545,0.028368918829586753,0.03015952633305813,0.01987593350435518,0.0,0.01915060148892611,0.05247450895002509,0.049962141567174156,0.0919059717534253,0.021639352370497578,0.009747545967300875,0.04448575585992964,0.00020260356633422516,0.053619603657900694,0.0,0.05568478640555469,0.03320063837452086,0.008029770991147267,0.01912300183607285,0.01474185422240426,0.06426899028804595,0.06326491007911061,0.047163730118435054,0.06433559873606631,0.002273809329013554,0.035027828422856955,0.027878742898818643,0.05851421436426579,0.060869515462621926,0.06735748728917201,0.05570251995157882,0.0534434291448066
0.033939238005300576,0.04846440636255295,0.04500279908919358,-0.0009418013716920859,0.056712365362789896,0.017122115754140355,0.03424341272482001,0.05508925966115563,0.07353783986944118,0.013281295828956485,0.05315366885308864,0.019182715272670126,0.03854150061915529,0.02188483012139958,0.013359776078074648,0.035344243354501315,0.016917932571981098,0.014947684870518396,0.05920814564219823,0.01603930511607793,0.0,0.03819731360550399,0.020389008979002365,0.05372519060403397,0.033498566968141796,0.027977930417815988,-0.0013691639493383922,0.03512906952515804,0.027161760318991646,0.03439639780979836,0.03761780771477902,0.02475952091984135,0.015216299534744737,0.03814597855811758,0.040244068768754415,0.0198066238365201,0.04541085443791315,0.004727797784574828,0.043762362640377306,0.01767556676990356,0.03338412751062331,0.04999336083670136,0.08339705969229183,0.0,0.0014520812869149302,0.09551050387842519,0.023124450107291805,0.0020508692170092546,0.0,-0.00039292691270309543,0.00889258909428553,0.031728235258273674,0.12559489110088173,0.005585283159878385,-0.00014509276338492416,0.0,-0.006593090944938651,0.045542134228508,0.0,0.046443496710624144,0.03379143628558856,0.0,0.036829192670684685,0.0,0.05834057831714129,0.04632711459859423,0.041562794150798665,0.051069230933435295,-0.03978494904796748,0.03187617808777765,0.036498094669615566,0.03732033443944571,0.047867461514704446,0.055807576470500664,0.03351590071866578,0.03712412464785125
0.05500981278766115,0.046439334040102254,0.03540877064331294,0.00922813509420306,0.031588007353128,0.018129509652421716,0.01369218840896802,0.036841671769196616,0.02428204464584799,-0.0026306521175979425,0.017953854527802404,-0.026650292471592563,0.021641173807646463,0.0028556262119520115,0.06737986819760577,0.028479713974038368,0.029159316055506257,0.029111432317273145,0.046124180528914704,0.03266548994256574,0.03819731360550399,0.0,0.019758248768196984,0.04169063424737518,0.017347101920732466,0.04485574554450994,0.02467459131652383,0.02524427018282116,0.024188615935790747,0.027662319552296033,0.019686210864952702,0.0197530425221758,0.016065454280623004,0.01627307537101841,0.02238149744624468,0.030033652761522478,-0.0028056109693762044,-0.04175596207971327,0.0445329056376606,0.042955497417016486,0.030356755686620385,0.034605995790237876,0.07377809770153343,0.0,0.006890977141718269,0.036017115323411175,0.03339571602082558,0.014566873778228129,0.0,0.0005028505601859523,0.017875942334634964,0.033955078058404364,0.0369162474471636,0.00266896234486913,0.01870641712897886,0.0,0.02152224297249411,0.0330592665191648,0.0,0.0433537902319332,0.03837432606254321,0.019358028660304838,0.03286956721515316,-1.1102230246251565e-16,0.044787572260362674,0.038663563327355155,0.039082867542942545,0.04628613833350936,0.013294911898737605,0.02873865204519077,0.039119575606365475,0.04862833790592658,0.049234308524935766,0.053357225041544054,0.02031538359142937,0.032107171980605864
0.009331190466784822,0.03838271989073255,0.01359275271773519,0.007986789148858642,0.04694429036887454,0.015558904689865649,0.03132842299806449,0.0431410663571441,0.029873571543168664,0.0035865224328831546,0.01849756346300424,0.008846005276022195,0.03521839125272247,0.052050561973234155,0.010925364857461817,0.017519395361234646,0.006881991736419291,0.00972399854804129,-0.03511591064229158,0.0658905885627149,0.020389008979002365,0.019758248768196984,0.0,0.03122251046263097,0.014149729967378788,-0.002588032509257099,0.043843791891427786,0.024839925770583582,0.023999326812221278,0.02774791706268165,0.024252318954697483,0.023364307967559172,0.01967152661628513,0.020557837782223143,0.02688936579140694,0.01955935676280135,0.02891694613892898,-0.005507338145961493,0.05406285563682289,0.04418971846025277,0.054915041320019675,0.05269383571952879,0.06471385669982632,0.022895015523656748,0.013165481952664482,0.03161766767999141,0.028221963435723196,0.08433902665431536,-0.00012233798188515665,0.06300167722945593,0.062166470873543656,0.05895742561518802,0.07770185524780748,0.05034520315455171,0.02441456230393113,0.09943502807772586,0.0330328501142193,0.05544126228215218,0.08469067638105798,0.04996635810372263,0.030280815528219707,0.0209437008106802,0.012362397607152631,0.08469747543518547,0.06327963865273134,0.04378340914755746,0.03792944541758331,0.07353522656524647,0.0086745381707371,0.018977783570554574,0.022115845856506222,0.05313607934056719,0.05339711917278023,0.05336493978347662,0.04306221008938904,0.057621740068256155
0.04976467214643365,0.015121241749392611,0.03263607355846376,0.010575920143327977,0.002747692000737212,0.033157466165186444,-0.012549070310520216,0.04609720252014682,0.022582284197293134,-0.012450302632768417,0.013650946322230018,-0.0031487239466885253,-0.013901630814473265,0.060262931282291654,0.06764334954097323,0.020393508251651926,0.0029703738321563145,0.004038120781591159,0.04134299666314839,0.0509520592174868,0.05372519060403397,0.04169063424737518,0.03122251046263097,0.0,-0.008793361218306761,-0.004509955308268643,0.028010398610583465,-0.0128252000420927,0.03693670353501416,0.041693309401860223,-0.020025435673781344,-0.013158251831973111,-0.02706642980163637,-0.036840897505653,-0.02495525974500612,-0.026621171003023802,-0.02777526842581063,-0.034133477032286336,-0.03650563259513928,0.002023831530410858,0.0032319021353479638,-0.06227698892851241,0.01726563193750469,-0.0005946170542611706,-0.0037472257397691555,-0.025798778848334702,-0.006390582183821658,0.0002624188866112154,0.0,0.0,-0.0007511849369988277,-0.017568385814105858,-0.0009647528974785491,0.000157718319629796,0.01979208448961689,-0.0011895963348342864,0.03451923686664721,0.006120542108040972,0.0,-0.009420274558431418,-0.005993642732140647,0.002719730483657201,-0.0020349055303108265,0.0,0.008842858385052776,0.02083673221367177,-0.002030587969076403,0.04853409051334634,0.025199848438333894,0.005343564397792044,0.003955012437356131,0.009368913567822823,0.05393305627990985,0.0014629438119944105,0.0,0.013732992011644296
0.011682548733630393,0.013556011524557765,0.02401715839152857,0.0,0.026013587778235425,0.02479783804161717,0.02308668768020794,0.035270275911900184,0.04667905906422348,0.0017955571203996379,0.029534523985482564,-0.004412642702352421,0.023568817442097434,-0.00021463325273884948,0.03181427120443231,-0.0017476138176455436,0.02231435638962087,0.022007931297815864,0.04494471933598054,0.021254063996583084,0.033498566968141796,0.017347101920732466,0.014149729967378788,-0.008793361218306761,0.0,-0.0015206060880305627,0.021843911331969168,0.019196078460166188,0.014711922899104446,0.019518120068198752,0.0005242600896371297,-0.002106171268971002,-0.006503532409339485,-0.0005059003588018252,0.00016736064175437715,0.04594821484320627,0.0012474427189629878,-0.0011172880141402386,0.014299583562154605,0.006104757172169295,0.0069575227680963025,-0.0007629223045537703,-0.0004964277545807527,0.0,-0.008956602125661017,0.006481029219387369,0.01565599458193523,0.0,0.0,0.0,0.005932990294147178,0.007241648945138457,0.020055821252482786,-0.0002588841045960688,0.01414890379621575,0.0,0.016917891283990016,0.018171010290359835,0.0,0.0388328780245229,0.01278134632279826,0.017880835834406805,0.01316253807038481,0.0,0.025004796215168823,0.01690659817641421,0.026746045935123197,0.01377429488527332,0.004107150016939121,0.013202813635017241,0.005971323670041384,0.018920407419451557,0.008098352707889944,0.013319210157522632,0.0,0.021904817430095258
0.019466954846551976,0.04228109895479737,0.02915034133982325,0.003312130302479732,0.002143331606956844,0.021356573759394093,0.03219459853793488,0.02688680636789037,0.019569138123349428,-0.02145982884983466,-0.007621688558778539,-0.017781229375993357,0.03138201594108081,0.012574172707066733,0.01760180677629203,0.03783177581090624,-0.008243538575234965,0.0027049481020610666,0.027339031247131218,0.025025082767916373,0.027977930417815988,0.04485574554450994,-0.002588032509257099,-0.004509955308268643,-0.0015206060880305627,0.0,0.011338470381276833,0.01672461468398212,0.026561486480313035,0.028383878461932355,0.009827793848403876,0.03249317135436791,0.006781350702736999,0.01935305882012517,0.02679247313101385,0.008093750121399013,0.030319591023578674,-0.003105054060644763,0.039290559273589376,0.016354639479071675,0.019408939005019887,0.019055610101117004,-0.019541302019809303,0.0,-0.023496322398439018,0.021991366184758887,0.02861297408751129,0.021660099993094817,0.0,0.000868886567019056,0.01714712863410678,0.01750310315714254,0.04794558009844463,0.0072756823871135134,0.004062874773317848,-0.0002658899945835458,0.009734232315012026,0.018871641130566386,0.0,0.04325603032465741,0.032880066570528665,0.0032121278199883085,0.00939085453881744,-5.551115123125783e-17,0.025091409999030756,0.0371355258077829,0.0317783437402529,0.02743805203361227,-0.0014975767699811904,0.010961812845141305,0.017931295147652626,0.02768568783627512,0.018325714968818685,0.028974057543470877,-0.0002844744333655447,0.025567476982120807
-0.002629217931660377,0.038080263838385586,0.019823038369326196,0.01735145652328962,0.03561781081254073,0.010598445536710854,0.026549905963249854,0.040557247039215705,0.023460039782891795,0.02850325082714289,0.029300657556182275,0.013710577236858312,0.02699489642453473,0.05232970725979513,0.015715850049074442,0.015019397998007222,-0.0032500895516278105,0.015354504818006764,0.040510999637520584,0.023580405377861935,-0.0013691639493383922,0.02467459131652383,0.043843791891427786,0.028010398610583465,0.021843911331969168,0.011338470381276833,0.0,0.02485668029391558,0.032469475330273445,0.03365196491403971,0.022202601554542234,0.029480607186578356,0.021514633926050575,0.022236627187358526,0.037153363713307186,0.03753625430216906,0.029296320446176194,0.023559425632046993,0.049693245526190144,0.041346338046624576,0.048064443255573575,0.04652235902320523,0.06632548860332721,0.025415947177821696,0.028941361921434428,0.0367140143484454,0.02688760013379321,0.050688312727490414,-1.6653345369377348e-16,0.057040216857561554,0.055764906426140404,0.054129135993313704,0.06150244498979929,0.048458673636997074,0.03793581934646251,0.05856494588267569,0.03424867792846431,0.05138922648199806,0.049338916050918225,0.04886983268580669,0.03720477577498882,0.00011826061621006412,0.004144244802318453,0.051186367913349184,0.06043800871705052,0.04677368481240418,0.04661115621901174,0.05721543803043505,0.022596560516907782,0.004174981867583583,0.028202579803777272,0.04755755042653298,0.05031134829247763,0.052817219618370714,0.041982629755929035,0.05054211498964378
