0.0,0.0039371368721769495,0.021253027186151296,0.0,-0.0002929792580459445,0.030368373192644016,-0.005605081299968173,0.03837869396375926,0.02905919218181202,0.03893944395039722,0.00014985530640321265,0.023190508595093307,0.003840915784787624,-0.004774370689534235,0.021225074334239757,0.004850468202518332,0.06254678659426305,-0.014470229606325213,0.0,0.00707273146716525,0.05215179031526068,0.009289047132744421,0.03276069995439296,0.014355013799478067,-0.008114140545664061,0.018196081310810797,0.01210995474700799,0.017296703222469012,0.0131977735787136,0.023857181722533982,0.01686758916563552,0.0032423556159094646,-0.012382375135894297,0.0012566811227385233,0.006050694461831485,-0.08785491676307455,0.0,-0.06659722595828943,0.01800864471414887,0.05217465219966749,0.040006650020105894,0.026619948839023466,0.0,0.0,0.007499902508035783,0.012569293701004736,0.035059760480948,0.0,0.0,0.0,-0.00878437136520932,0.0,0.008817182565798831,0.0,0.013394494867337292,0.0,-0.026497448693500014,0.012378849085063592,0.0,0.015302162523267382,0.03364835234115021,-0.010243853517055534,0.031721352464399,0.0,0.030446504050497092,-0.01473399517264129,0.04431059184377545,-0.0018648833468330461,-0.015188862479666665,0.03201061636169439,0.0307214332938594,-0.0027080351656984525,0.0006194563113600671,0.013075352698344367,0.0,0.058387822416736235
0.0039371368721769495,0.0,0.0046062879357093856,0.0,0.0002188047904911894,-0.006749969385937193,-0.0063238392762769435,-0.022200654404067655,-0.0019440624645099547,0.00921394051564467,-0.0009671010104966293,0.0034389866710420325,-0.009519714809687885,0.0,-0.004076713411717614,-0.0049428178773939235,0.022187651789959573,-0.004991334316962637,0.013042256479417813,0.006022429264278761,0.01860718301065556,-0.012012110205415871,-0.0006723163675512178,0.022895176161137232,-0.01948227566850952,-0.01855948563583143,-7.574699525664252e-05,0.001663215774287019,-0.006832307877744692,-0.011047071286912347,0.008901278098107035,0.0027317481713867164,-0.0036302800863846074,-0.0035654357381497692,-0.004724106683842377,-0.02102701715429145,0.0035188780878859793,-0.0002638594990561627,0.01769198005708761,-0.007381012151011224,0.021554218311565454,0.020557642556492117,0.0019314510294783371,0.0,-8.796263865568088e-05,0.0022794253564720757,0.024518541800621574,0.0072873689968439015,0.0,-5.551115123125783e-17,0.01590417249911741,0.004675092427303462,0.02260581634951697,0.006844790089231889,0.03228488032025223,0.0,0.012277727343202816,0.007188479866958308,0.0,0.011036874774083605,0.015543256421410967,0.03121299718962417,0.018470356638728147,0.0,0.002311501761140311,0.025501950850734978,0.02868190974562046,0.02835770096714546,0.014621066786642323,0.022327479605911638,0.018164074169135236,0.026798100518939938,0.01095268160360513,0.013628720977040154,6.3443077431002415e-06,0.02045678161258835
0.021253027186151296,0.0046062879357093856,0.0,0.01430833335868914,0.01573307609580027,-0.0026012159100000654,0.040317697287446885,0.03081320782418495,-0.006340716678581104,0.033486925705825066,0.005309600949196747,0.013681545997053735,0.02185965498973058,0.024184841273397484,0.026369744685896257,-0.01634641541152021,0.015003406480818493,0.04056858721438544,0.010867076303288314,0.002896237949099767,0.039715968663956824,0.0008958453921176224,0.023080779536130358,-0.00419976767747865,0.05385663954773012,0.03751740857979918,0.023817570731531457,0.03342019570219129,0.016262062283946166,0.013035457196886036,0.036372467756190296,0.023773549164677943,0.03191258286733961,0.02310567676588343,0.012469878985861826,0.03687611985021927,0.023239272823915857,0.03914199400580365,0.03598393021903734,0.018176457196871443,0.034534268051902406,0.015761549943719366,0.04290296611692623,0.09610268142508038,-9.647774791760044e-05,0.0,-0.003444764470211026,0.10601940148710826,0.00038156388145704767,0.04022587158530189,0.02910733051096359,0.018983754715959922,0.04295284332909266,0.062198046609432955,0.006169249973416946,0.052418579158367895,0.0010641188239848276,0.031101355156214816,0.05366882798131434,0.014748573621742034,-0.0006691027229446811,0.0,0.0,0.07083146311599076,0.01773369855767365,0.0008378497275649543,0.04049033593435242,0.044086236292861236,0.0,0.0,0.015343959796872364,0.03495929135878684,0.04070504214055359,0.022976851790987296,0.008841969322504695,0.029379978127542894
0.0,0.0,0.01430833335868914,0.0,0.039153231194130944,0.01804441911953203,0.0149696476321442,0.04246603409808708,0.01919885815951089,0.07965594680419863,0.03874008214917296,0.0033540426016828717,-0.03242941434731056,0.04551033292061246,0.0017101839644378947,0.0,0.000425836174326677,0.0,0.05128499346894527,0.014058308669300912,0.0005891179288519677,0.0062411172314719154,0.021937141450436348,0.0030627258052379203,0.0,-0.0025407510729684724,0.00022474373454928198,-0.0008323358658891555,0.010755576766281638,-0.0002705600641689232,-0.013861949281498587,-0.03795191165846418,-0.003953174512200841,0.03521665915810501,-0.07816907553945684,0.001655850663174696,-0.010475861948267412,-0.025184761244793796,-0.001296906230380701,0.0,0.0010528394293954912,0.0,0.0003753448374255175,0.0,0.0,0.0,0.0,-7.542355304407389e-05,0.0,0.0,-7.438502349871312e-05,0.0,0.0,0.00017657624952704953,0.0,0.00018076950630274702,0.0,-0.00013292665660180614,0.0,0.0,0.0,0.0,0.0,0.0,0.0,0.0,0.0,0.007511664896399872,0.0,0.0,0.0,-0.002426224764293161,0.00017307560401980115,0.0006807282988455787,0.0,0.0
-0.0002929792580459445,0.0002188047904911894,0.01573307609580027,0.039153231194130944,0.0,-0.00325118951853709,0.03332853667455504,-0.009738573531038852,0.009513963742902032,0.04621087038725924,0.023380735315925882,0.04194782706891936,0.03319622178345444,0.038604448092926735,0.012274688864980732,-0.014248412314989356,0.03276965763692463,0.019491504335937382,0.028540341348347764,0.006935186470946764,0.006886523511181963,-0.0024447278845881604,0.016441683932413964,0.03820524966089073,0.007426097802507969,0.009300379895543498,0.008531221077867135,0.04336419493270949,0.0031428646242624425,-0.013402816453315758,0.04749723842811798,0.024126718764722166,0.028009570216678104,0.039268777556740686,0.01628612275553537,0.02834561092143223,0.027441415687185444,0.050500696353673935,-0.01779059565054586,-0.004656589231630981,0.03442122920674606,-0.006443228034723858,0.028199981870118795,0.00018565544865828398,0.013663663850413954,0.0,0.0021268114530142435,0.02526409452097189,0.0,-0.01866650225250338,0.009026682835385769,0.0252526346220463,0.01002802507819578,0.0180722130630796,0.001349588237488819,-0.02954485045432187,0.007349447978499568,0.002933347178384116,0.04249456507783311,0.004026883968501815,-0.000699744719675599,0.0,0.0,0.0020510864360107073,0.019708034474747838,0.0,0.004983710146634179,0.026433610641934946,0.0,0.00011782759848033564,0.0075486122559674795,0.01869064052608027,0.014438369981196852,0.021197158036772634,0.005338278165801347,0.02392661646957206
0.030368373192644016,-0.006749969385937193,-0.0026012159100000654,0.01804441911953203,-0.00325118951853709,0.0,0.019026378935986077,0.007566215126362352,-0.009538384772566966,0.020710426357664125,0.013486527298961881,-0.010298433621757086,-0.00125377325707271,0.009264346692748004,0.019764167394000665,-0.01481312021653991,0.03942793986011761,-0.0017225836567553166,0.026991349393252595,-0.003093533974901197,0.021589253187663415,-0.0010671234502572235,-0.008340763720778854,-0.04601423610293193,-0.014004399434318582,0.002933431101355577,-0.01152329326021434,0.017145269007739827,-0.007898133766042537,-0.0007118397121885778,0.00922587136342723,0.001146324607036675,0.005601950010746315,0.0014798092309869504,0.0018428053151731683,0.0009950538840017842,0.012128562809331112,0.006422882904632665,0.019626170022020106,0.004102861186810414,0.028811634862043967,0.024411877226053647,0.012478399060216916,0.025094803344217265,0.008558601511941877,0.0033038982517452076,0.01766080170777007,0.024471415297808052,0.0,0.009319142866544006,0.02494594356937674,0.017101153818289805,0.027040860932309563,0.03353016483072446,0.026538922654591346,0.03379974537308428,0.01274951609365621,0.01951225659842082,0.0619908053800759,0.027127212650334576,0.007360978645606753,5.551115123125783e-17,-0.010397727336483198,0.0316003613238256,0.01865148767874608,0.023941002691853674,0.026273054518649974,0.02863778528449401,0.0,0.008596815091947374,0.020537404923924585,0.018944805624963368,0.024117470060703528,0.01958940069834464,0.03145345362780638,0.031435478153565066
-0.005605081299968173,-0.0063238392762769435,0.040317697287446885,0.0149696476321442,0.03332853667455504,0.019026378935986077,0.0,0.022243152053878,0.02632701908173024,0.016544423267644437,0.056475700640539694,0.01603510291101462,0.007019743884445262,0.05222920560968569,0.003099758858751911,-0.00555309204022314,0.009804596974166802,0.006148727197719361,0.058506880148187,0.006123869697330808,0.015096732739913132,0.003603012093062352,0.025305803699033014,-0.06406023316140136,-0.00654868358930516,0.005564792521036588,0.015489462535451248,-0.008901617559844699,0.006387481682028184,0.008613599975007324,0.020034052541282765,0.025755307029208918,0.008334732359579544,0.0055243891649501276,-5.178881287504211e-05,0.05348593300334481,0.015479467802086977,-0.012605898233859547,0.01726566321606099,0.022951079228412052,0.04622052505027546,0.02637492124079044,0.032445646396166206,5.42724603145861e-05,-0.0224823327603203,-0.000492890701463633,0.006203509208003943,0.021896692899959103,0.0,0.03286617627808175,0.018302054293366954,0.02365487296810187,0.032793962425682666,0.029770901924582316,-0.01390002804935453,0.01574711874714979,-0.005453230514079421,0.01861022777728738,0.022685217170615557,0.022644885294848704,-0.006042551112474703,1.1102230246251565e-16,-0.0006593724642914855,0.029680269807017212,0.011640199920414207,0.021428029333686205,0.008876355059670049,0.024467606676041753,0.017247847212030543,0.005677203936921338,0.007600658962140516,0.018832958243450548,0.020781763666737896,0.011740295611896934,0.02659259151822435,0.03008806884322024
0.03837869396375926,-0.022200654404067655,0.03081320782418495,0.04246603409808708,-0.009738573531038852,0.007566215126362352,0.022243152053878,0.0,0.023047353947450222,0.034618247450336315,-0.008784893499807767,0.034562935974710884,0.017882047313935667,0.028308429699883786,0.020994319302963582,0.01977747889460002,0.012802756807417881,0.03101067222211812,0.036991780872540736,0.005683415163597938,0.018744454259866594,0.006656949008080948,0.03034391687307003,0.026234901477058648,0.02712811668448195,0.01796672580487041,0.010928173729693902,0.025032730625540955,0.02409676602231492,0.016781598197801395,0.029207933457493118,0.03283353311508991,0.008284925177914737,0.016579263461851124,0.023250547491042328,0.017539048793097978,0.031193600538710453,0.020920272846014,0.022612761581623064,0.018176200859392977,0.016559096613478153,-0.0057983867062839645,0.058711267751561436,-1.7245739312388153e-05,-2.8876718212833552e-05,-0.006219517624722615,0.009476824801316841,0.014558475499388823,0.0,0.024482981057005526,0.013389811209061464,0.023694032968073042,0.01913825902461863,0.02451212012456072,0.004389052097043877,0.03513177476827273,-1.1102230246251565e-16,0.015502907414960077,0.02293000953071278,0.04596850282614362,0.014887831701335952,0.0,-1.0097324731950241e-05,0.023538285746325105,0.024068149861706634,0.03908062568966936,0.03653843505805704,0.030973623147360463,0.001823597254645315,0.03261548030685024,0.02694262798826086,0.011771719995696484,0.026768558951120847,0.023173991101273383,0.014591719342298082,0.022376035434664154
0.02905919218181202,-0.0019440624645099547,-0.006340716678581104,0.01919885815951089,0.009513963742902032,-0.009538384772566966,0.02632701908173024,0.023047353947450222,0.0,0.03810385402168803,-0.01615071195872858,0.011999820750974055,0.022466107101033694,0.024164172578454712,0.0016975963710543773,-0.018909380876570125,0.03162919241318257,0.02091119335721281,-0.029732781968418998,0.004162864089137852,0.009141452284452567,0.0016050141634134096,0.0007702956903572478,-0.008785312872120643,0.004340924803558133,0.011732190933807896,0.017025626983991238,0.03580508118244802,0.00973004169110403,-0.004523470567024512,0.041254422655109646,0.023438208095987123,0.020956030976717666,0.026184797079817135,0.008036415117053997,0.04249618783087605,0.024078091339955976,0.02367294515470203,0.0196250402228898,-0.0034995520268241154,0.029213791613180717,0.03704675594171569,0.037906582796398025,0.009796281357428938,0.005591737847579603,0.0,0.020256210690082155,0.05739939230283786,0.0040716866393092355,0.012020016135258382,0.021662383420620768,0.0108513106095669,0.03306152977116861,0.031219502153422507,0.0036758809610915044,0.0013566051722595507,0.008526874308788235,0.02061383061243982,0.057345697864314094,0.003661384830714598,0.011993104098523943,5.551115123125783e-17,0.0,0.030912625520047587,0.018227566083313718,0.014352818423159108,0.013698520385512558,0.034856928792487696,-0.002632267044589909,0.0019812688567574233,0.009815079981185304,0.022735652774130588,0.02203926301249315,0.013952522950746282,0.018832201739723553,0.026095177968972094
0.03893944395039722,0.00921394051564467,0.033486925705825066,0.07965594680419863,0.04621087038725924,0.020710426357664125,0.016544423267644437,0.034618247450336315,0.03810385402168803,0.0,0.05012716066741324,-0.008424270680408574,0.0286289273340542,0.0779976505564931,-0.007905708766877961,-0.027440494594286102,-0.0012950919891436263,-0.0007625024430547578,0.055110122500160785,-0.014376164269169878,0.032013113378994984,-0.017170922424536328,0.02484510159910347,-0.010401194510031686,0.008566387502578432,-0.003498127462264522,0.012682333637658416,0.02440627779078386,0.0030419958355678567,0.013203550676375075,0.0163519530292906,0.018478741636422935,0.012895989064990288,0.018278050647700328,-0.004803384041165926,0.05912769525072298,-0.022281278403529836,0.004949098381783201,-0.009882118053201938,-0.012930860149380441,0.08021509117731651,-0.0066975936613025144,0.008429099949910757,-0.0011244921657285745,-0.020137289758708043,-0.03060462717332535,0.00935660616991274,0.014156807932685922,-1.1102230246251565e-16,1.6653345369377348e-16,0.012915069327466444,-0.0027155335181610063,0.0002248985803211534,0.01388110687330213,0.009799439855652625,0.062222992931041554,0.011423673669378187,0.0036401092539380397,0.0,0.0010817378019561397,0.026254349618746953,0.021636458826042426,0.02131839400875224,-2.7278806024433333e-05,0.011447329105367832,0.0003446914879569607,0.004915578981707636,0.034717437422127295,-0.006895224380249532,0.012264807913466513,0.013501184295284296,0.023657980798816647,0.03997758027630416,0.029058751019256868,-1.1102230246251565e-16,0.02873609087045198
0.00014985530640321265,-0.0009671010104966293,0.005309600949196747,0.03874008214917296,0.023380735315925882,0.013486527298961881,0.056475700640539694,-0.008784893499807767,-0.01615071195872858,0.05012716066741324,0.0,0.04784403914730795,0.06058592395052492,-0.013460367090056768,0.0,-2.0489344902785422e-05,0.0387540088391955,0.043851939459420564,0.0021354314174522604,9.416634047199057e-05,0.008161845191464678,0.005495678193816134,-0.01491627728737327,0.034295433643670215,0.04148589064538866,0.03948070143266197,0.015855255080919506,0.05258712599038701,0.010223082393317873,0.01888656905166075,0.060494095106386925,0.06250734814599734,0.0612266963347784,0.0505598896674222,0.03600734852170051,0.0178737257025558,0.0200634421428752,0.0829489994550981,0.04401128201187754,0.01972452088878557,0.014905213860144484,0.003916465541691172,0.04656600400364147,0.0016143077960053542,0.0008313624364399419,0.0,5.551115123125783e-17,0.03934728655469172,-0.0001652632581312652,-0.03804757781406498,0.019199529698803675,-0.005029031047679489,0.018192327859705593,0.013698825442222562,0.03105885380976464,-0.04210893869241755,0.014380855816516325,-0.0068374376510598744,0.012913480109687625,-0.0009344513561175272,0.0,0.0,0.0,0.0011517509858257058,0.006306483142269614,0.0,0.008510146972440125,0.042099810113304104,0.0,0.0,0.0076153176742623785,0.025470767165193475,0.007089115824349568,0.010168461886176816,-0.0014829602766072703,0.01846739853466811
0.023190508595093307,0.0034389866710420325,0.013681545997053735,0.0033540426016828717,0.04194782706891936,-0.010298433621757086,0.01603510291101462,0.034562935974710884,0.011999820750974055,-0.008424270680408574,0.04784403914730795,0.0,0.02678693368921964,0.019393918441818647,0.02678477685825592,-0.0055930214507363685,0.0013976369749951756,0.00819392950296749,0.04595083497351676,-0.010484897250912895,0.031583043947725875,-0.004821576734257704,-0.006019450024569328,-0.0201709553777058,0.012665594135839897,0.01230216300493503,-0.00878248839050727,0.02308110217161502,0.01570873776610532,0.008642867452633485,0.009163108134517484,0.0005761590582122333,-0.012941164508253,0.016463593537586918,-0.0034830304190212047,-0.026392409403935113,-0.04652828942287002,-0.015157338872632986,-0.030518895935878143,-0.050448057316995754,-0.15721212699835058,-0.1306297617462203,-0.016542046694402346,-0.06096131265201066,-0.12295767327734064,-0.03813625233047513,0.008465515635983467,0.04170670938360432,0.0,-0.00018994296014901435,0.0026940236445006094,-0.01756164686913797,0.0,-0.0029061274854962904,-0.06640663733260915,0.01137283574842729,-0.024028703657655137,-0.08998583780088093,0.0,0.015764737020052377,0.025344001053603904,0.009104426019620526,0.01592558010055578,0.0,0.015180662225496577,0.00814165877200379,0.01898516901581282,0.02465217069291159,-0.04265374005387362,0.007113480122709959,0.0058085819562280205,-0.0009498276702452069,-0.028380048303313643,-0.015772910869709833,0.0,0.00637566984425908
0.003840915784787624,-0.009519714809687885,0.02185965498973058,-0.03242941434731056,0.03319622178345444,-0.00125377325707271,0.007019743884445262,0.017882047313935667,0.022466107101033694,0.0286289273340542,0.06058592395052492,0.02678693368921964,0.0,0.047567830971000924,0.012387750432081346,0.0027319928308394137,0.02339432623787463,0.01323964312155157,0.057238021271860395,0.0053855383953323455,0.008139463370123279,0.006764866857147944,0.021380493377559262,0.04397792838034609,0.0019380993125853174,0.01125260213473811,0.0024059637830212144,0.011568710918045233,-0.007000650976081324,-0.0015675665197353306,0.02828502533955818,0.021175119718200686,0.02974578568279418,0.02354331604790172,0.009341336495396979,0.056050961225210805,0.032092395897978965,0.02659798487941739,0.01602327469474174,0.00942277221896931,0.044866257387475406,0.06963985752051749,0.00868210093423849,-0.007482933551002935,0.005736164970875979,0.005561827945586351,0.0028321075426521736,0.032978140967350744,0.0,0.010832770887648557,0.022892175707483142,0.0297516818281488,0.034829034608468756,0.03864563684034905,-0.009620689951037653,0.02986044564478607,0.009823443479263949,0.013780867607240621,0.025180448690131252,0.013778600902850935,-0.005574187601676939,1.768717688038768e-05,-0.020607846087302706,0.03262102100016295,0.008865301784580226,0.016585651209266472,0.008452678254233625,0.027051321542670093,-0.005769966921048475,0.01435607881960238,0.013118378769528705,0.018177026899969473,0.0204788956223112,0.01795272194644104,0.02941826602099018,0.024788848905168748
-0.004774370689534235,0.0,0.024184841273397484,0.04551033292061246,0.038604448092926735,0.009264346692748004,0.05222920560968569,0.028308429699883786,0.024164172578454712,0.0779976505564931,-0.013460367090056768,0.019393918441818647,0.047567830971000924,0.0,0.005474052215397207,0.0,0.0,0.0,0.032423836714123855,0.004450418994103811,0.004340107754715439,0.004738801454401975,0.01983237571669777,0.023547220798516122,0.00016132994145862112,0.010807736279736468,0.006436626935505563,0.024578764700382782,0.022053252799338507,-0.0002932306270709284,0.047924850184475565,0.00736684483908151,0.0296218217375544,0.04366746834884894,0.014074716702335288,0.009362797947301105,-0.006203608171876873,0.10582149768397758,0.01893020924035127,0.0,-0.00044539025783146835,0.0,0.053504998772704315,0.0,0.0,0.0,0.0,0.0325036236403311,0.0,0.015726996700404172,0.014690464199431985,0.020376143061092367,0.026842782713488444,0.033489789022304706,0.0,0.05706774916074192,-0.00045851564005250367,0.025044860582031037,0.019261561693791063,-5.551115123125783e-17,0.0,0.0,0.0,-0.004311286683753579,0.0012543370654526376,0.0,0.0,0.02293102377745415,-0.000601283643156092,0.0,0.0,0.010336093614885855,0.03788700257070482,0.0077061302844605994,0.0,-5.551115123125783e-17
0.021225074334239757,-0.004076713411717614,0.026369744685896257,0.0017101839644378947,0.012274688864980732,0.019764167394000665,0.003099758858751911,0.020994319302963582,0.0016975963710543773,-0.007905708766877961,0.0,0.02678477685825592,0.012387750432081346,0.005474052215397207,0.0,0.00290660011297178,0.005479046828647471,0.0016492388474925734,0.0,0.004179701994167506,0.010768638144337206,-0.008689639559265938,0.03958639072833975,-0.03225009474404972,0.001208498333478969,0.0024562620025042614,0.0482734400584488,0.02262614887845138,0.0018810072897071928,0.032055498964151996,-0.006093637595818546,-0.009321935528893599,0.00025504683862337396,-0.01355950216260865,-0.0018685963124572824,0.0032030384282017987,0.010772891334699497,0.005184597353862619,0.01677439351631954,0.0183194522116904,0.0107786632476361,0.021510677584478333,-0.0026690342194058414,-0.000960712504686656,-0.010528204589443813,0.01757526421842054,0.019793965195863406,0.01905640101728684,0.0,0.0,0.0123238609857102,0.00832063409784728,0.04401813918042097,0.02303332858782242,-1.2458076276533614e-05,0.0,0.004714624625891672,0.018942304058825132,0.0,0.024413606203606664,0.014958195169436417,-0.0005957727036536298,0.008223838186115218,0.0,0.02672129312828736,0.023907710244583602,0.0135738859736525,0.037490605099975094,0.014196816822417357,0.00957091474285282,0.018665959030511936,0.030823084856426763,0.02237921447966068,0.026432505467165635,0.023230964665611142,0.01710311965306799
0.004850468202518332,-0.0049428178773939235,-0.01634641541152021,0.0,-0.014248412314989356,-0.01481312021653991,-0.00555309204022314,0.01977747889460002,-0.018909380876570125,-0.027440494594286102,-2.0489344902785422e-05,-0.0055930214507363685,0.0027319928308394137,0.0,0.00290660011297178,0.0,-0.029797009834579447,-0.03218882765262443,-0.0011678200546464401,0.0030637592595418317,0.00814690785618638,-0.0016788170005198055,0.011161832601428778,-0.018343176497668257,-0.008653399245251492,0.006058866015878683,-0.009465320163334623,0.0040352244215076105,-0.00278186914093298,0.0026774346366720825,0.00018831507462940822,-0.011035458212270588,-0.028011980797864044,-0.009993063961377446,-0.005068732363187778,-0.0006017261161661014,0.005166763544932507,-0.017500551621389027,0.013657615046375304,-0.01139941017718571,0.010535266567932577,0.007972456821355778,0.013670794445610479,0.0,0.0,0.014017500387151327,0.022505146539765597,0.0,0.0,0.0,0.0040855591278760595,0.006849327703208397,0.017016522051622074,0.0,0.005064067261967731,0.0,0.005161666834631096,0.007631695650753889,0.0,0.012141342128227928,0.013154575689752479,0.011155828115086586,0.012562464106188165,0.0,0.018250427916324086,0.010551815394022779,0.02131298561685896,0.019479389300639083,0.011377247015162628,0.010804839342743733,0.01975117162199863,0.0119125279111576,0.0408762045181959,0.011081827720916482,-0.00015778171109948058,0.014313823319718255
0.06254678659426305,0.022187651789959573,0.015003406480818493,0.000425836174326677,0.03276965763692463,0.03942793986011761,0.009804596974166802,0.012802756807417881,0.03162919241318257,-0.0012950919891436263,0.0387540088391955,0.0013976369749951756,0.02339432623787463,0.0,0.005479046828647471,-0.029797009834579447,0.0,-0.019734694641524164,0.01237030075229284,0.016942544039399432,0.05667478419708921,-0.010362040488631485,0.021686794925460218,0.021757925102208975,-0.0016443812381274348,-0.014347704199745959,-0.0011962766624995513,0.029659644599324908,-0.003955021436848505,0.004890630186697609,0.011074192404767313,-0.009609982758777336,0.006833867940702676,0.00740573597918498,-0.023848971338432445,0.02211914590878966,0.007349110933961345,0.00980342444874216,-0.01984851566994783,0.023725418742638005,0.036420244259356194,0.0048890450354745485,0.0,0.0,-0.008926694808940205,0.005597218249500435,0.008735449346114199,0.0,0.0,1.6653345369377348e-16,-0.000579672555873989,0.0002442167608019963,0.0,0.0,0.02307522403617246,-0.0004334191935698728,0.023512586654096446,0.0032901555854352726,0.0,0.0,0.02163504503229724,0.017719177878254444,0.02049983165700664,0.0,4.70586144250551e-05,-5.551115123125783e-17,0.012567661425311127,-0.0010406622746285121,0.0034170946762208665,0.02253652599319872,0.015034012948807352,0.0,0.007783714207636017,0.009510265914343508,0.0,0.025483207825477028
-0.014470229606325213,-0.004991334316962637,0.04056858721438544,0.0,0.019491504335937382,-0.0017225836567553166,0.006148727197719361,0.03101067222211812,0.02091119335721281,-0.0007625024430547578,0.043851939459420564,0.00819392950296749,0.01323964312155157,0.0,0.0016492388474925734,-0.03218882765262443,-0.019734694641524164,0.0,0.04083795760190473,0.005326622956916771,0.03404246498825386,-0.003482233230320486,0.017884308684837813,-0.0026999034201102834,0.005553729314554445,0.0014454074242949977,0.0037145484196707823,0.014430382867002711,0.0027600532265254496,0.008281949195459493,0.01807754869582312,-0.014807672195154775,-0.0147154986951194,-0.0016224964251234653,-0.009025669967204997,0.05029227529289687,0.0,-0.0012737198222242951,0.008906910253503042,-0.0012227680833998833,0.010570463495476579,0.026543893703767585,5.551115123125783e-17,0.0,-0.011240128916053638,0.0005405573463262425,0.020454162440906698,0.0,0.0,0.0,0.008009089738793829,0.00022934473656827103,0.010824509352552636,0.0,0.011656189896934566,0.0,0.022835156845081972,-0.0021271012106154896,0.0,0.016711598242639902,0.017685793625192736,0.0038047919209809322,0.0138333843851422,0.0,0.009913275581541536,-0.06000441037072596,0.022363477292060396,0.02487452644800109,0.007213589838784895,0.011422080937647572,0.013588646878201771,0.0221935361108343,-0.0009496122876610502,0.012982477452902708,0.0,0.009323311441363558
0.0,0.013042256479417813,0.010867076303288314,0.05128499346894527,0.028540341348347764,0.026991349393252595,0.058506880148187,0.036991780872540736,-0.029732781968418998,0.055110122500160785,0.0021354314174522604,0.04595083497351676,0.057238021271860395,0.032423836714123855,0.0,-0.0011678200546464401,0.01237030075229284,0.04083795760190473,0.0,0.005799146917809639,0.015549788308462154,0.019609489039449146,0.0353802700995387,0.0007703822953959993,0.04279153525598561,0.04284593475560977,0.02459703535785529,0.05368527041026089,0.05043332574148962,0.019142716084102507,0.06277821983871817,0.044473153501485285,0.04347331151342726,0.04692339076722318,0.032236541486778514,0.07825945359568359,0.0492236216610093,0.06935786048111403,0.03757426431020916,0.01094051063546636,0.023930602398649303,0.011650949688667311,0.042100162413201137,5.551115123125783e-17,-1.6653345369377348e-16,0.0,5.551115123125783e-17,0.11494272312081155,0.0,0.020315978877207597,0.021989086461597807,0.013010631519058236,0.052799596706836094,0.034699159955456915,0.0015132612534322076,-0.049587835008362224,-0.0015715748194163326,0.01964462064158634,0.047490546882007045,-0.0014752886914441432,0.0,0.0,0.0,0.04879081703270116,-0.012039766682769626,0.0,0.0046957132543410385,0.036323242430047364,0.0,0.0,8.31646402584818e-05,0.02848832328010431,0.013941482474123301,0.01660122674535336,2.7392895005973195e-05,0.032147284428523326
0.00707273146716525,0.006022429264278761,0.002896237949099767,0.014058308669300912,0.006935186470946764,-0.003093533974901197,0.006123869697330808,0.005683415163597938,0.004162864089137852,-0.014376164269169878,9.416634047199057e-05,-0.010484897250912895,0.0053855383953323455,0.004450418994103811,0.004179701994167506,0.0030637592595418317,0.016942544039399432,0.005326622956916771,0.005799146917809639,0.0,0.02544318060194567,-0.0023195350476402643,-0.04403948583586398,-0.02795476472745101,-0.002412053843312778,0.0007392308591065988,0.005881876010474629,0.0038410217992494444,-0.006059734631752245,-0.010747612831186026,-0.004972868719700041,0.0010252891519936247,-0.002917113667648963,-0.006164514498437079,0.01314241572399294,0.08622745353951078,-0.016050751424797616,-0.016475368671304835,-0.007512065979181137,0.0023938927889737283,0.0032513821401068954,0.015914757925889478,-0.005941649706311558,-0.0004304855997102619,0.02057457096660359,0.008083407844373891,0.011484301386919804,-0.01947268876407343,0.0,0.008771487934448818,-0.004111098562862736,0.010510886774183437,0.031659051204913025,0.004706458767712085,0.005240728351897039,0.024584691611854725,-0.0060599319179268085,-0.0013672226729350423,0.0,0.02682931923583759,0.006859372284455267,0.0035061077130764673,0.004982873547498878,0.0036260483034352697,0.017527826316284023,0.029296010057520527,0.013642656647040119,0.02835372615695303,-0.0011691889459048421,0.012565594949998038,0.01689246454150406,0.02004913117617918,0.011101785461125835,0.013684981017126896,0.011665582382687223,0.0028347350487540335
0.05215179031526068,0.01860718301065556,0.039715968663956824,0.0005891179288519677,0.006886523511181963,0.021589253187663415,0.015096732739913132,0.018744454259866594,0.009141452284452567,0.032013113378994984,0.008161845191464678,0.031583043947725875,0.008139463370123279,0.004340107754715439,0.010768638144337206,0.00814690785618638,0.05667478419708921,0.03404246498825386,0.015549788308462154,0.02544318060194567,0.0,0.015925958818631958,0.02504774916810415,0.02537547075576707,0.041334706097310436,0.013122830654628603,0.015453972852479958,0.01661661980841539,-0.0014711879658880211,0.014417971149207176,0.012472775534396019,0.006243619377933163,0.0006594145688618713,-0.0011370013360249565,0.01546796602901701,0.003246954801380486,0.026646116400149356,0.015562496172529638,0.016127964253447424,0.028511706366612155,0.004582751412631703,0.016962660577379274,-0.008454740149429374,0.0,-0.0008853087944984961,-0.027538215296360413,0.039177858997649306,-0.0015415440361520316,0.0,0.0002953450829031312,0.024920092262169846,0.01907843577171825,0.04283836076978531,0.005439044473397159,0.00010905955495854602,0.0,-0.0014038989276718983,0.04010188542927656,0.0,0.0291894552468856,0.021231759394093663,0.0,0.01248930678396476,0.0,0.03232679717977682,0.0038993058136164715,0.0197794932704497,0.03784072843583658,0.026167154705743434,0.013452968984754121,0.03106172406829688,0.03447574869052511,0.030612511503784412,0.022107062470334615,0.007883535663082253,0.00674727609920156
0.009289047132744421,-0.012012110205415871,0.0008958453921176224,0.0062411172314719154,-0.0024447278845881604,-0.0010671234502572235,0.003603012093062352,0.006656949008080948,0.0016050141634134096,-0.017170922424536328,0.005495678193816134,-0.004821576734257704,0.006764866857147944,0.004738801454401975,-0.008689639559265938,-0.0016788170005198055,-0.010362040488631485,-0.003482233230320486,0.019609489039449146,-0.0023195350476402643,0.015925958818631958,0.0,0.01233785785382474,-0.022528578621175632,-0.0066133622615154875,-0.008953218712515532,-0.006429013195817734,0.013379657572816783,-0.00027318853583380154,0.003661742516758437,-0.015938142056602322,-0.021941896413079698,-0.012598997117365396,-0.020740531418258934,-0.005816896636636981,-0.013392706410648048,-0.015840686305472473,0.022310199548883802,0.005936215739977879,-0.0029065636203524647,0.0017918232157557723,0.008905985575724196,-0.005938870691063636,0.0,0.003481124368420796,-0.004645707305710012,0.010399367403798043,0.011431665256581958,0.0,-0.00023750970889235834,0.007319174624973612,0.0014152093702428092,0.033963689172368694,-0.01372557322761353,0.013113149658017964,0.0,0.010698047442228964,-0.0011626000598700115,0.0,0.01414096074739113,0.008282838996026887,-0.005317169561562085,0.006467294827929182,-1.1102230246251565e-16,0.008826366943512243,0.02919657449331703,0.007050086142674494,0.025978366552061538,0.015328410166582984,0.007891237987529387,0.015455741446969595,0.018940149929078165,0.0016966450856195636,0.0015574921630375216,0.05271444386606333,0.0029148235602514116
0.03276069995439296,-0.0006723163675512178,0.023080779536130358,0.021937141450436348,0.016441683932413964,-0.008340763720778854,0.025305803699033014,0.03034391687307003,0.0007702956903572478,0.02484510159910347,-0.01491627728737327,-0.006019450024569328,0.021380493377559262,0.01983237571669777,0.03958639072833975,0.011161832601428778,0.021686794925460218,0.017884308684837813,0.0353802700995387,-0.04403948583586398,0.02504774916810415,0.01233785785382474,0.0,0.009391493809025764,0.011911985334101649,0.008602384872070823,0.01764853996335841,0.027564095188389925,0.0116998657218233,0.018237770358428218,0.029658003632683394,0.015820030110405225,0.01583581421869723,0.012908629152238671,0.01781267515091356,0.01611589349394782,0.02007116041499407,0.01771526910981075,0.02339934424965473,0.015135291913060678,0.025483920561585105,0.030827642216837647,0.030406199706599413,0.02316403781052112,-0.004876947105247997,0.025460597523334183,0.025049437160443055,0.057969908237898826,9.195583258353457e-05,0.021106483715381374,0.023263955171995088,0.017814115894261406,0.03344979409679727,0.03145625838815447,0.022971249848817266,0.07109345736904932,0.0179670949663428,0.01938807155215494,0.04266842138238158,0.036893570172057466,0.019679165007513988,0.011226185901256014,0.04128774976970673,0.07649225917867775,0.030314047895970808,0.03544788601817411,0.030743459549982644,0.033557665231516154,0.006447850288088586,0.007273442216620296,0.03318210757140816,0.02274357627722212,0.02741673359620267,0.02598273622690206,0.019439137128625772,0.0331942582394793
0.014355013799478067,0.022895176161137232,-0.00419976767747865,0.0030627258052379203,0.03820524966089073,-0.04601423610293193,-0.06406023316140136,0.026234901477058648,-0.008785312872120643,-0.010401194510031686,0.034295433643670215,-0.0201709553777058,0.04397792838034609,0.023547220798516122,-0.03225009474404972,-0.018343176497668257,0.021757925102208975,-0.0026999034201102834,0.0007703822953959993,-0.02795476472745101,0.02537547075576707,-0.022528578621175632,0.009391493809025764,0.0,-0.015406094905393464,0.009951079526510975,-0.0082473103254731,0.022249028455647524,-0.05625144858024861,0.019823620648958762,0.03009562211492839,-0.027137118237389124,-0.033511599366887856,-0.0027022782121496336,0.0008639641817843047,-0.05748263981992807,-0.025886908990721297,-0.030086255668442863,-0.0584807059866832,-0.02056485661878832,0.019985035362734604,-0.07560361722246794,0.029865712010867185,-0.023337025662306277,-0.014376649150706966,-0.03971895790142377,0.014730637187649276,-0.00019724820396810339,0.0,0.0,-0.01304936413314256,-0.006046155223084992,0.0006181458932313366,-0.00047792981371108656,-0.004838738312725799,0.0008941648351746267,0.00024192177164145123,-0.001783483187885071,0.0,-0.058411852207938875,0.03403049473661174,-0.0011097309013488044,0.020667070100178542,0.0,-0.034025026112982915,-0.06895620752546183,0.0059014996767692285,0.018721656148141252,-0.03979119315137375,0.024088135618208606,0.015568774694210585,0.016049488618775254,-0.0019316834248263026,-0.02808156528045269,0.0,0.044520535743788725
-0.008114140545664061,-0.01948227566850952,0.05385663954773012,0.0,0.007426097802507969,-0.014004399434318582,-0.00654868358930516,0.02712811668448195,0.004340924803558133,0.008566387502578432,0.04148589064538866,0.012665594135839897,0.0019380993125853174,0.00016132994145862112,0.001208498333478969,-0.008653399245251492,-0.0016443812381274348,0.005553729314554445,0.04279153525598561,-0.002412053843312778,0.041334706097310436,-0.0066133622615154875,0.011911985334101649,-0.015406094905393464,0.0,-0.00031804871944890456,-0.0015005910573571146,0.0064414197297202325,-0.014348767912393479,-0.010121579380215517,0.012597065510407568,-0.013012275954325914,-0.009613646694370648,-0.0013724109352472036,-0.00562032331450546,0.0420745035799992,-0.0007546578054148378,0.003091264579081432,0.00948015995393714,-0.0035578248966209314,0.016435171363630485,0.019079177995875995,0.0011748792664861285,0.0,0.016020739309687226,-0.005899128759798644,0.021502851211274654,0.0,0.0,0.0,0.01189957770993183,-0.0023504879986319116,0.006362426798249388,0.0001945912709525044,0.01606742942364786,0.0,0.0172006940654843,0.001612897851514583,0.0,0.008933449590362574,0.017097165059196007,0.011370307386794842,0.016592100846461066,0.0,0.003400182310282107,-0.04382288568384585,0.01357293284972938,0.02139696748293951,-0.009815592676588492,0.01386303979791359,0.013157828991527953,0.015876516465037127,0.002930709390065789,-0.002039167716347934,0.0,0.019727263310964083
0.018196081310810797,-0.01855948563583143,0.03751740857979918,-0.0025407510729684724,0.009300379895543498,0.002933431101355577,0.005564792521036588,0.01796672580487041,0.011732190933807896,-0.003498127462264522,0.03948070143266197,0.01230216300493503,0.01125260213473811,0.010807736279736468,0.0024562620025042614,0.006058866015878683,-0.014347704199745959,0.0014454074242949977,0.04284593475560977,0.0007392308591065988,0.013122830654628603,-0.008953218712515532,0.008602384872070823,0.009951079526510975,-0.00031804871944890456,0.0,-0.0016274692430262028,0.014330518662227953,-0.01148230566854308,-0.016801264962947537,0.008295308602743856,-0.011526664637200423,-0.0031676027083758496,-0.005267424276607813,-0.002624508312184637,-0.017392024793925154,-0.03289275146601339,0.013044361162110385,0.01989144747282179,0.015083099922147347,0.025048896844847346,0.023725888891449665,-0.03031832419556757,0.0,-0.022376216170560237,0.001286815158604182,0.025789319764760454,0.050150143686228554,0.0,-0.0006531020575917812,0.01372249705597861,0.0059184293412524736,0.0514296443897021,-0.010682998802564958,0.0187339712911746,0.0001998572761358064,0.01632416221736016,0.02116780372222893,0.0,0.01460819792777679,0.023794100221447012,0.016350026734472223,0.017373569711798875,-5.551115123125783e-17,0.001533239789840657,0.01861823117800787,0.019780519380605988,0.029795668870706893,-0.004353704735540476,0.021365648349874977,0.02359060628697457,0.014778674120211166,0.009254106881747881,0.003040966120441413,0.000213826343755108,0.023068732709441042
0.01210995474700799,-7.574699525664252e-05,0.023817570731531457,0.00022474373454928198,0.008531221077867135,-0.01152329326021434,0.015489462535451248,0.010928173729693902,0.017025626983991238,0.012682333637658416,0.015855255080919506,-0.00878248839050727,0.0024059637830212144,0.006436626935505563,0.0482734400584488,-0.009465320163334623,-0.0011962766624995513,0.0037145484196707823,0.02459703535785529,0.005881876010474629,0.015453972852479958,-0.006429013195817734,0.01764853996335841,-0.0082473103254731,-0.0015005910573571146,-0.0016274692430262028,0.0,0.015645459537004247,-0.006017167738022244,0.0016311543759458536,-0.004373347417011897,-0.004211086334452274,-0.010660616315787574,-0.010007691167472521,0.004156296561110995,-0.0019032239089133984,0.002130801064642196,-0.025076253916568092,0.004734223544481164,0.004107072723520122,0.013713442546655519,0.0161996719146138,0.0120131149578942,-0.043779023280693385,-0.00249983180655744,0.037406289730491815,0.015560843948779268,0.03276163838932078,-1.6653345369377348e-16,0.007458055461735169,0.01980734346841162,0.007802362302362309,0.03038400666152208,0.03471533450490982,0.021690750171951212,0.054507561322395204,0.024304510386486566,0.010243806341560746,0.036726632797689396,0.02193287055982096,0.009802540470362997,-9.415780071297952e-05,0.0240188100178792,0.037086167315453444,0.014410641636487975,0.020662882724853615,0.015350234372950966,0.02400422289605142,0.00954348534101801,0.0025012337786773364,0.021904118540125306,0.016147823581637577,0.017498046047274562,0.010990621626656316,0.0175612997430572,0.016593085241027095
