0.0,-0.003508997641794409,-0.02436870113535544,0.0,2.6047206956480995e-05,0.003314641283025055,0.01531511174266037,0.009919750907795288,0.010956223197348292,0.022058128887427975,-0.00028779659215261155,0.029201826463909952,0.014234653847879808,0.003107469650874828,-0.012708165224973422,-0.02408197751757768,0.0015434322895923058,-0.0042543660923028415,0.0,-0.013417841538905517,0.019185812157399673,-0.004737042248060874,-0.005400474014319978,0.03780381084796963,0.00414559711935375,0.0004875956148541749,-0.019251322633317858,0.016843114674103044,0.003683946188976772,-0.04929964146994675,0.004497608576302825,-0.01655309231677099,0.004221849276894063,0.008699229131741815,0.012339716707275405,-0.014076420402353629,0.0,0.015377781918583855,-0.0215353270674441,-0.05570859552415308,-0.026584604652284516,-0.025562926663099617,0.0,0.0,-0.0034788356921705565,0.020198964013811216,-0.022440231666344013,0.0,0.0,0.0,-0.019574917799801528,0.0,-0.011657154708580197,0.0,0.01982431274211116,0.0,-0.03676186872865034,-0.01357648396805644,0.0,-0.03835962637647383,-0.027152355426833086,0.03181277823604456,-0.02769738659688642,0.0,-0.03298073220315978,0.07265331786138152,-0.013714522632699455,-0.006737906897668622,-0.02982774119916215,-0.019442935901331337,-0.0013348118406635856,-0.002724638422216541,-5.507252236958138e-05,-0.028927632693595218,0.0,-0.015542310375739887
-0.003508997641794409,0.0,-0.016717432174488955,0.0,-0.007250577286690374,-0.0009787977249541835,0.014747455135661947,-0.0204958487906981,0.0033598939467418543,-0.03392915227775628,0.00013983499643022146,-0.023288320732655077,0.02090731265313861,0.0,-0.014877177097499139,-0.02789757318993963,-0.02120129039749602,-0.017731053517184903,-0.028843497570360088,-0.01708087267171765,-0.013336615942307228,-0.032668929882068876,-0.009796433395607707,-0.016470133169380452,-0.00880831029709045,0.004268801392325827,-0.01820267598830766,0.02001241094947831,0.006169021882941217,0.049289747982485865,-0.021901843370426,-0.03803082736374064,-0.019122182155646095,-0.02374194669503199,-0.013954646832659567,0.08532307865441136,-8.959391719087773e-05,-0.000318004919960424,-0.023902251351974435,-0.026419528973331885,-0.028095748968098966,-0.022103175160704924,0.009931901745147464,0.0,7.82028416901337e-06,0.004364616365525764,-0.03104512690649519,-0.004317363799957508,0.0,-5.551115123125783e-17,-0.024695791522772514,-0.023097285718439553,-0.021329303151395418,-0.02801667507224659,-0.013899904003286112,0.0,-0.023406029682849494,-0.026134589877075343,0.0,-0.023060613655829343,-0.03274342095708077,-0.03035506588361614,-0.03538391381042405,0.0,-0.02132024929495846,-0.0050324336883951215,-0.0317518275178264,-0.018801710820809225,-0.01323196749652611,-0.02779604238138783,-0.010928280134618773,-0.025880783012113606,-0.02011528946396457,-0.01325782397376396,0.01046105668363767,-0.03195371770275146
-0.02436870113535544,-0.016717432174488955,0.0,0.0368745583747318,-0.0353621734132083,-0.032943763858998276,-0.020248052102232073,-0.013147695012451333,-0.020490998621046308,-0.012030530471252854,-0.033746773996678636,-0.023257090683315385,-0.012241838974479002,0.014984391517288587,-0.009617881880557178,-0.00477880017731247,-0.02157367580607289,-0.020321156419223885,-0.04356435405188619,-0.03254112011980809,-0.03204682967846334,-0.032668052537797754,-0.0019586391791049373,-0.023550883923294907,0.030300058921673645,-0.002598937386021849,-0.03381471698874816,-0.010291352319205027,-0.019099158135992333,-0.022831453602045693,-0.007015336242885584,-0.014582130554586958,-0.006642023416007559,-0.009852907097394004,-0.028406335965795948,-0.008796693272310863,-0.01593710297188966,-0.014270163499448763,-0.047158062261964395,-0.010406459547745661,-0.004757835006942268,0.0020677148256202926,-0.02103684604726941,-0.007569525393484211,7.578549125641931e-05,0.0,0.00016721288422621994,-0.07569999728877108,-3.3922788438389695e-05,-0.0035471857637069393,-0.02627917618769471,0.0008564367448330445,-0.03703699571977559,-0.04140299995832042,-0.007224328433962146,0.035882770584797274,-0.00543487287268446,-0.007074139052977713,-0.012169326687781756,-0.01141236214023933,5.948631727714648e-05,0.0,0.0,-0.037151422489683894,-0.031142304238447438,0.0007189132093192718,-0.02713123300005099,-0.01181831933801425,0.0,0.0,-0.02778053787135848,-0.014546240633475649,-0.013101316650770523,-0.026272068224837297,-0.012206143423891369,-0.0071070449960697335
0.0,0.0,0.0368745583747318,0.0,-0.008252952092393517,-0.0049063154406228104,0.01269797576173548,0.06245154969416089,0.02028371133848117,-0.13917880956904632,0.04395207829387077,-0.020104820760325604,-0.0008679181013809267,0.013598560218437528,-0.013068439501841667,0.0,9.25261980927461e-06,0.0,0.01675112641575449,0.004323124394674749,0.0002867587598623933,-0.004838484939059806,0.04038325382723995,0.00043549286754185346,0.0,0.00037198348129968695,0.002504521986646857,-7.532595944492737e-05,0.02823851670498234,2.4054037246867832e-05,-0.021272389786241852,0.044737544219652314,-0.03831768118807066,-0.0010618509293447986,-0.04665998974494989,-0.015273718143819226,-0.0031262733152012945,-0.007534546697344435,0.15348197816651538,0.0,-9.360227987614822e-05,0.0,0.005470513112224462,0.0,0.0,0.0,0.0,6.705501640946743e-06,0.0,0.0,6.6131715754091935e-06,0.0,0.0,-1.5698442769385146e-05,0.0,-1.60712426316989e-05,0.0,1.1817792691770634e-05,0.0,0.0,0.0,0.0,0.0,0.0,0.0,0.0,0.0,-0.006010442307098018,0.0,0.0,0.0,-0.0038637049662025857,-1.538721924254638e-05,-6.0519884579723904e-05,0.0,0.0
2.6047206956480995e-05,-0.007250577286690374,-0.0353621734132083,-0.008252952092393517,0.0,-0.01674020251541186,0.00787492868883849,-0.008234724513010883,-0.02745570374022277,-0.00018414794216436992,-0.013781840187613636,-0.009847137145155616,0.011675088748458629,0.009948014085625567,-0.01832331105600654,-0.015232344928401809,0.0020581291345891928,-0.0018363828998766984,-0.03132924666688036,-0.022327094803147873,0.009638590513683931,-0.020959513716916123,0.005700921731099873,-0.0013624902195079613,0.011901508893300772,0.0172464689437275,-0.026032919096655338,0.023056019259880878,-0.00037711565190523544,-0.0050726077372050815,0.009464623197711741,0.0041180811338481504,0.006010540600759229,0.000508801444328133,-0.009930851485245529,0.008746813658058183,0.007510522040448775,0.002072494716831741,-0.07788081386294898,0.027123246771806553,-0.004912246982606727,-0.02007288884569408,-0.060262942560579014,-0.11609226876169537,-0.011834867338237132,0.0,-0.015751747216715073,-0.010884778323857813,0.0,-0.05344438178876654,-0.01283866676998846,-0.005581715339090465,-0.017235935665436963,-0.012234628316518337,-0.0515401768214922,-0.02107882247130549,0.018603194472433304,-0.006598964109971628,-0.04881075924674161,0.0028662210605495675,6.221053207555727e-05,0.0,0.0,-0.0065730924652015466,-0.02207912773726639,0.0,-0.020293082044528232,-0.016837335793714048,0.0,0.00013858734597843592,0.007182503960609599,-0.022748259814730665,-0.01117147167744742,-0.008906142055418786,0.00027168987325354443,0.007706134992340963
0.003314641283025055,-0.0009787977249541835,-0.032943763858998276,-0.0049063154406228104,-0.01674020251541186,0.0,-0.008946256449761658,-0.012555324406006096,-0.008915229697907867,-0.0035433913871035783,0.0008606361840333143,-0.012524050851259239,0.005549400323850873,0.0195851191635128,-0.021392741672191795,-0.0022075936472086277,-0.001392936463647798,-0.0071355635803063144,-0.022359892305059692,-0.020613810015680023,-0.02751114255667575,-0.010274082012037944,-0.013184287462748301,-0.006541063805096781,0.00393640100384457,0.006834628732570014,-0.022910171269026447,-0.0010061246319367223,-0.01808752121123225,-0.009703469982227764,0.0024832040130833843,-0.020038867450511533,0.019926847305094364,-0.007162992827231707,-0.011616576676569679,-0.008148004808431863,-0.0188962548028328,-0.012925471069940797,-0.03490029100857256,-0.006892369145337085,-0.019257883450801205,-0.011795912351167948,-0.010983881797823447,-0.018550560809173333,-0.004918226619334443,0.008858070538194318,-0.007326674447490744,-0.010614914874155557,0.0,-0.0034512047475194763,-0.017871970710503726,-0.006353515308112123,-0.013277557019651942,-0.009734776128304201,-0.008756119293276632,0.0005182401156873517,-0.007304230251319821,-0.016225031512065835,-0.009865659111221226,-0.018657328395256245,-0.02312646744478425,5.551115123125783e-17,-0.017317637145308595,0.019926860091008747,-0.03644794081215691,-0.02870819186675455,-0.007879795097458508,-0.024472708052857728,0.0,-0.020690139072848113,0.012180193255063587,-0.03104669682939515,-0.021625648388063856,-0.021887188905973243,-0.023649414271689984,-0.022052524047324995
0.01531511174266037,0.014747455135661947,-0.020248052102232073,0.01269797576173548,0.00787492868883849,-0.008946256449761658,0.0,-0.007307992983774103,-0.021637463876631235,-0.004773382091283251,-0.01953891046966566,-0.015354395050656555,0.0068496095257359335,0.01210326620405966,0.01419640201257677,0.01479877270488178,-0.0030703753966054292,0.008071665220207025,-0.014414826159588057,0.006556171198660421,-0.00761483113077549,0.009973698623451377,-0.003751596715549199,-0.011876857177379962,0.015489310962544467,-0.0026889447064546435,-0.010148999365342415,0.010626039904314433,0.0066170199473375435,0.005134022032665442,0.011523614933462267,0.0064648791350862544,-0.0009267461960922319,-0.006002708976995785,-0.005667590413878543,-0.007173615563352775,0.001394038590091684,0.008171727756114688,-0.07025385387962035,-0.020983864360630655,0.015195941644056576,0.0015491127725639764,-0.022594052808419418,-0.000581619666216393,0.002705319596479183,-0.0001452114237076585,-0.009120540245203035,0.007915030984923632,0.0,-0.00047766920785896616,-0.0014606884667534015,0.009317715634123092,1.683561695320357e-05,0.006212312194620928,-0.029721469005171863,0.011469583582019771,-0.007743016397336877,-0.00035779632786814286,0.02257524336946748,-0.055522239975095034,-0.019536999573120994,1.1102230246251565e-16,-0.02451831050501324,0.03729473262371097,-0.023298386436481466,-0.012026911278991692,0.0008254334493055793,-0.00656947761838933,-0.011159646465286721,-0.012431923789712862,-0.005063000491590974,-0.011192162847032283,-0.006504090696112685,-0.01377037022745864,-0.005661022064918253,-0.007411153520463398
0.009919750907795288,-0.0204958487906981,-0.013147695012451333,0.06245154969416089,-0.008234724513010883,-0.012555324406006096,-0.007307992983774103,0.0,-0.014141767187479226,0.006236022200566016,-0.04473191354629835,-0.031289270290169424,-0.003019168194208055,0.04664179564467341,-0.011882884473484678,-0.026805248534608472,-0.005459775298606362,-0.00722974728934872,-0.03223042207428212,-0.026578381171234955,0.00979672482626398,-0.02269364794408474,-0.0014270932354227828,0.021625706997177918,-0.008199534672096886,0.00353931406992386,-0.009591420628182246,-0.00697194616640362,-0.010777220137243582,-0.019576640752210606,-0.017274229975162148,-0.013447477396874574,-0.01291641415496042,-0.00834533611561139,-0.022669001286811208,0.00697051541359639,-0.05531092839014856,0.01577208203483088,-0.035359100962541135,0.018570064287838917,-0.02556214781010907,-0.03381514909526462,-0.08816381316651234,1.5332257443656516e-06,-0.0001499219926109907,-0.005110891293836184,-0.010110993195327045,-0.016941867252066367,0.0,0.015223061837352392,-0.031073358313223165,-0.016956140474761905,-0.042278535126918815,-0.02249305186216266,-0.003921887103345234,-0.021813108299376494,-1.1102230246251565e-16,-0.0177496011122959,-0.036638241621528345,-0.006974446271326318,-0.007207047984871928,0.0,-7.557619592590825e-06,-0.0026018292299198054,-0.04292395428473311,0.014934412710491507,-0.017207656274899008,-0.03362075407647036,0.00017998099081711905,-0.008014323354758768,-0.0008790664519678915,-0.05343285584559104,-0.016597413312852416,-0.015458983329868281,-0.00943251432149711,-0.028962270684471214
0.010956223197348292,0.0033598939467418543,-0.020490998621046308,0.02028371133848117,-0.02745570374022277,-0.008915229697907867,-0.021637463876631235,-0.014141767187479226,0.0,-0.008067694131924708,-0.029035893371542,-0.016004693627892697,-0.022574023861402726,0.012341942614648771,-0.00925151062619789,0.009174169819094857,-0.01107943183593163,-0.006421875627469431,-0.02518664757239053,-0.018119934424637774,-0.007061363317897973,-0.011222528089053385,-0.004726026458092392,-0.008291818018627939,0.002732598546245857,0.007725137461611631,-0.03285648961139953,-0.0038313588078374705,-0.0029787380571070776,-0.012613769727106094,-0.0038902917334087683,-0.007068036144008749,0.004466618439428083,-0.005880174467494836,-0.013798031351228368,-0.018682187687472096,-0.012120261089455187,-0.009240527488641403,-0.04278692655242072,-0.01625014607437303,-0.004148181834404352,-0.033416077530289856,-0.02028775205565314,-0.05493563738665941,-0.021512479592864953,0.0,-0.008488024785598569,0.007005186367466054,0.011139229908034287,-0.022888260295506724,-0.01553020952973716,0.0018398202314763301,-0.02946296552670602,-0.007191665241192413,-0.04847431415758008,0.022725808528661684,-0.009851853889235596,-0.005410652503577529,-0.013160586137884844,-0.017398004068523876,-0.013465862899775305,5.551115123125783e-17,0.0,0.009460500904863278,0.0031983674656184125,0.02513674613279332,-0.014757875554408995,-0.018204738400321774,0.0007317365809835219,0.02836076949645172,0.02206943026336622,-0.023492429535845738,-0.006638909052363529,-0.0160001520628536,-0.03891557275293356,-0.005557048911718376
0.022058128887427975,-0.03392915227775628,-0.012030530471252854,-0.13917880956904632,-0.00018414794216436992,-0.0035433913871035783,-0.004773382091283251,0.006236022200566016,-0.008067694131924708,0.0,-0.01190285205182201,0.016887675639403577,-0.013354516530671712,0.03130805932475833,-0.0022760872157733814,-0.02408519000967768,-0.000963593639585425,0.00014425149182689667,-0.005863897199974766,0.005006993601635701,0.022980068024264055,-0.02501585443997978,-0.003180301804706298,-0.0037159585700013986,0.0031834444162818776,0.004269765633159062,-0.015729653671791577,-0.013191463344403243,-0.00423262840109595,-0.0034231764398131026,-0.0015960666871704943,-0.016112683775190928,-0.026510797213607662,-0.03351736570490044,-0.03958703141813308,-0.017365359110556755,0.013791914289961404,-0.006435255616792257,-0.04955503165793668,-0.07474551180260935,0.009290992886219818,0.020131946989169258,-0.03216117479148778,0.007451800232103789,-0.02256811969763467,4.08305631524053e-05,-0.013849228849973194,-0.011976919861696023,-1.1102230246251565e-16,1.6653345369377348e-16,-0.0056842755503363485,-0.039308894080991086,0.0006380625371684712,-0.05505227412689495,-0.03015760178610477,-0.0012088920680154436,-0.034863228661665635,-0.044477623679049894,0.0,0.00038646267533998246,-0.04134785743269048,-0.029906936303409903,-0.03804841351190935,2.425211636958302e-06,-0.02822670251443382,-3.064466263874577e-05,0.007261740375157477,-0.007176188806371608,-0.014178566948133686,-0.042547055919945564,-0.02838207103528534,-0.01563941698202903,-0.03841642539344886,-0.009442757413371139,-1.1102230246251565e-16,-0.0355927021892285
-0.00028779659215261155,0.00013983499643022146,-0.033746773996678636,0.04395207829387077,-0.013781840187613636,0.0008606361840333143,-0.01953891046966566,-0.04473191354629835,-0.029035893371542,-0.01190285205182201,0.0,-0.018228907975625652,-0.012419638365762264,0.03401147233006163,0.0,1.8215972376056655e-06,-0.013606365782339647,-0.018637246302324162,0.002988011195796836,-8.371821865416074e-06,-0.02463786472420415,-0.0005715511824191943,-0.035141695640147685,-0.017689132420508902,-0.014359838206439712,-0.019650679953546024,-0.029948197966485957,-0.013173964743757871,-0.02367801640854761,-0.004913221142135715,-0.008037784383203517,-0.026647526294858337,-0.012507293561465127,-0.021026100053339658,-0.023109331928791776,-0.006587490923297523,0.0006616910511215712,-0.015419727148276108,-0.08317781973122229,0.012806331301071894,-0.022463575570552008,-0.012519979782187052,-0.05961169592179444,-0.0001435194065772527,0.002102298995342644,0.0,5.551115123125783e-17,0.05229472735391122,1.4692665670446026e-05,-0.017973513466504998,-0.024157562943345534,0.005764624139777463,-0.05393416223486597,-0.0026180758867101472,-0.014480065889744098,-0.006005145560128822,-0.0028775607245951074,-0.016972882253480093,-0.04441087499776569,8.30770342788445e-05,0.0,0.0,0.0,-0.07531075211156218,-0.015885398570636533,0.0,-0.017072991458822073,-0.03352453772526981,0.0,0.0,-0.01765300971972894,-0.033240666289112875,-0.018750225105109708,-0.020744195701848323,-0.00040476528704769255,-0.011885629281296273
0.029201826463909952,-0.023288320732655077,-0.023257090683315385,-0.020104820760325604,-0.009847137145155616,-0.012524050851259239,-0.015354395050656555,-0.031289270290169424,-0.016004693627892697,0.016887675639403577,-0.018228907975625652,0.0,-0.023386154941811232,0.029483863781624653,-0.002518884699102275,-0.009476863980916905,-0.01668153344638923,-0.016897243381013338,-0.01926524964817322,0.01234673451977486,0.011525674608201475,0.051435609719626074,-0.03731577867165403,-0.011669622287859283,0.011904180656888641,-0.03202452996983618,-0.024177957979768128,-0.021409264707549558,-0.010394921314187178,-0.010988739867136499,-0.02154771069178746,0.013472636650529168,-0.05240771091666385,-0.016550746707646113,-0.004802571835590741,0.008432355295352245,0.017721920402786306,-0.03603203465853247,-0.026501570385197182,-0.07860862347285774,-0.013852652150983968,-0.12398115906043672,-0.007956216700281571,-0.0027101608038326563,-0.052292915443083676,-0.028820901775565178,-0.009532661841451517,-0.002212002796344037,0.0,-0.0002172913541646504,0.009524091465531181,0.00691231475455284,0.0,0.001988881295648004,-0.024926629510838294,-0.02884541972494603,-0.021492534141232034,-0.00554030218263124,0.0,-0.009885441545484652,-0.02723908185752627,-0.03254821431792271,-0.0444015841849843,0.0,0.004111387252390575,-1.8527108081589638e-05,-0.01872109128087568,0.003127214365163389,0.005625800880121712,-0.03905534082208734,-0.025696776856358294,0.013851866781544597,0.0027457706182434927,0.02455325055402502,0.0,-0.023701886992220145
0.014234653847879808,0.02090731265313861,-0.012241838974479002,-0.0008679181013809267,0.011675088748458629,0.005549400323850873,0.0068496095257359335,-0.003019168194208055,-0.022574023861402726,-0.013354516530671712,-0.012419638365762264,-0.023386154941811232,0.0,0.01027216312426571,-0.007034204382642795,0.014894559249290451,-0.003909916142134651,0.010078077994156776,-0.006225096153014198,0.0066305779559519,-0.013884315589130669,0.013794606215026872,-0.008954239568568945,-0.017989899021915223,0.01878932381904902,0.0014897816957785137,-0.010818806406409587,0.005940272176753636,0.004407755606580022,-0.00785272471871834,-0.00269778165742407,0.0002094684673192293,-0.00914049676418277,0.0020007772989509842,0.011781323057191373,-0.013064070647765824,-0.02264490692381682,-0.010755004583202388,-0.049393212604626036,-0.004259996406922706,0.004447289666711818,-0.010318627453553941,-0.009729863068998368,0.015570339854681203,-0.01830186052793442,-0.007035784667137612,-0.007482572623065342,0.009403466140505357,0.0,0.0022678920259497914,-0.002552333356807268,0.008223332518591753,0.0047333836704639976,0.0024563723691286565,-0.0226859544159419,0.013604795126019031,-0.02919879278248505,-0.0022065191832195685,-0.01806045182680216,-0.007775829644366572,-0.00927984503347934,-0.028898298051101,-0.010169531292937906,0.03240384420552722,-0.023693601905117934,0.015284891166033265,0.0037120485414481874,-0.005594352052565643,0.0033256069025579538,-0.011382951236838745,-0.0053977079680283535,-0.012926459591424466,-0.009045214316234507,-0.007436828389369821,-0.013763212177112627,0.0004045034270918624
0.003107469650874828,0.0,0.014984391517288587,0.013598560218437528,0.009948014085625567,0.0195851191635128,0.01210326620405966,0.04664179564467341,0.012341942614648771,0.03130805932475833,0.03401147233006163,0.029483863781624653,0.01027216312426571,0.0,-0.0022505864475994564,0.0,0.0,0.0,0.018415131096601034,-0.0016620219689613691,0.026177230450828592,-0.004152957120070799,0.02538281874158571,-0.08621666627075841,-1.4342975681924663e-05,0.006850137409020074,0.0149313298618034,0.0014052431167314583,-0.008100417645627689,-0.0001461406195977233,0.008804511555153438,0.003164704185460221,-0.008526935732731888,0.015768382955986482,-0.057213567096232154,0.008215565244154455,-0.008178108351026336,-0.03171419729033087,-0.03305005074310885,0.0,-0.0009749880487638363,0.0,-0.02753666265705812,0.0,0.0,0.0,0.0,0.012757043967667192,0.0,-0.018490029513786366,-0.02575447019155841,-0.015686568257160638,-0.02163443781310692,-0.001768883895383322,0.0,0.0003412400988446196,-0.00045554565660910207,-0.018707631055271567,0.024490142353430944,-5.551115123125783e-17,0.0,0.0,0.0,-0.008051138831316862,0.0007530930913622891,0.0,0.0,-0.01528052194642876,5.3456888372771516e-05,0.0,0.0,-0.01675436835937255,-0.04445397475573648,0.006321890486515658,0.0,-5.551115123125783e-17
-0.012708165224973422,-0.014877177097499139,-0.009617881880557178,-0.013068439501841667,-0.01832331105600654,-0.021392741672191795,0.01419640201257677,-0.011882884473484678,-0.00925151062619789,-0.0022760872157733814,0.0,-0.002518884699102275,-0.007034204382642795,-0.0022505864475994564,0.0,-0.0009319125773512016,-0.00847202496324051,-0.0075815352896767,0.0,-0.018568488427973928,-0.025123224238757125,-0.021743395595892334,-0.036431684385250684,0.005139137857450793,-0.009039661470968408,-0.022720827681719347,-0.06215326781801622,-0.0013199949361397123,-0.029429704930314105,-0.0058553800524251964,-0.005009292346989436,-0.028730474333205247,0.0035281193903932695,0.006181062691848538,-0.00013159817873675816,-0.0036284686072217687,-0.012076924497772146,-0.018015176819438428,-0.023266030473982513,-0.006632634210023469,-0.014967151512386756,-0.01468894892995204,-0.04884569573098679,-7.979564308191467e-05,0.014662016488606322,-0.01295320556146945,-0.0058896031437257745,-0.022709752389846183,0.0,0.0,-0.004163118375941022,-0.01870514128883488,-0.00986514133101346,-0.002372072883508214,-7.45585737345622e-05,0.0,-0.004327584820515207,-0.003037914742378689,0.0,-0.038296871460881454,-0.01795669074678169,-0.000334287741643402,-0.03221753993999921,0.0,-0.023802759658355543,-0.0001568653533652875,-0.011164656651240557,-0.021972943918993515,-0.013805123053497959,-0.017787993801232804,-0.002900425776840576,-0.023834395303123368,-0.007922927018307935,-0.01121881590369661,-0.02492046023330763,-0.013618531039533421
-0.02408197751757768,-0.02789757318993963,-0.00477880017731247,0.0,-0.015232344928401809,-0.0022075936472086277,0.01479877270488178,-0.026805248534608472,0.009174169819094857,-0.02408519000967768,1.8215972376056655e-06,-0.009476863980916905,0.014894559249290451,0.0,-0.0009319125773512016,0.0,-0.016496655664524518,0.004732352627291214,-0.0008543839380330542,0.005762786744883175,-0.0018649226987165757,-0.0023359709028482056,-0.005425994889422248,-0.022063390876908395,-0.003814089984026825,-0.006149945131299739,-0.007873455824222442,0.007542181209834464,0.0023225351091455404,-0.00635882452282549,-0.0039621597479682635,-0.020072123731535663,0.0003263593715940871,-0.007641500255592126,0.00891898467043778,-0.06436532847200438,-0.006147469655690685,0.022329864184071735,-0.025918763251413734,-0.04257424758503425,-0.03364970066735706,-0.026099218400064683,-0.015164627132354003,0.0,0.0,-0.005908590367672828,-0.028183482303245577,0.0,0.0,0.0,-0.027287872598560192,-0.00419063498222666,-0.025797744280214918,0.0,0.0015233671407436922,0.0,-0.0013674014410547386,-0.020727291589755448,0.0,-0.010667303048911614,-0.03934422944230981,-0.0392287516523665,-0.04425954134249299,0.0,-0.012278537889822028,0.008580337716934894,-0.019181868702703664,-0.011758457397913924,-0.02703387404440999,-0.03685526831946501,-0.023626083785144747,-0.015106639679448808,-0.02668207220622909,-0.006893163245989209,-0.00013103611028342232,-0.026210010069328604
0.0015434322895923058,-0.02120129039749602,-0.02157367580607289,9.25261980927461e-06,0.0020581291345891928,-0.001392936463647798,-0.0030703753966054292,-0.005459775298606362,-0.01107943183593163,-0.000963593639585425,-0.013606365782339647,-0.01668153344638923,-0.003909916142134651,0.0,-0.00847202496324051,-0.016496655664524518,0.0,-0.0016859837879296125,-0.01752925540953143,-0.012550371156032858,0.011276966874863903,-0.012603218590927612,-0.008720539456132825,-0.03284307838590633,0.0008942394985944624,-0.020572800117674428,-0.004778628440885224,-0.006874059483762518,0.0004932870214301999,-0.023058705394881196,-0.0004217568814835482,-0.03138747863110919,-0.020969454563557977,-0.005181436661667815,0.009363473150698742,-0.010508868697321205,-0.043010337411011346,-0.023264230895646165,-0.0367347613376337,-0.05507727855237349,-0.029815930629160103,-0.02152437324026918,0.0,0.0,-0.02682317241930421,0.0018801475031051673,-0.02811163966037783,0.0,0.0,1.6653345369377348e-16,-0.00026317322957125633,-2.1711996109563536e-05,0.0,0.0,-0.02571205778961111,3.8532964787674207e-05,-0.021787881696379907,-0.009624271347506042,0.0,0.0,-0.03535254765211587,-0.026943626483137084,-0.0361306487072201,0.0,-0.00011841767396519876,-5.551115123125783e-17,-0.0032465755178712197,0.0005509837213134583,-0.01247060712172876,-0.036201055432565576,-0.021939960120043733,0.0,-0.03511589471418258,-0.0005847766954313882,0.0,-0.01940930466281393
-0.0042543660923028415,-0.017731053517184903,-0.020321156419223885,0.0,-0.0018363828998766984,-0.0071355635803063144,0.008071665220207025,-0.00722974728934872,-0.006421875627469431,0.00014425149182689667,-0.018637246302324162,-0.016897243381013338,0.010078077994156776,0.0,-0.0075815352896767,0.004732352627291214,-0.0016859837879296125,0.0,-0.015819540946966193,-0.008462046884725405,-0.008974191577711732,-0.012179552527269655,-0.008367664291946464,-0.019592925081865997,-0.0173031654219562,-0.005439302308561822,-0.007636400893802742,0.008265000191978955,0.0011816183997474528,-0.014697826579967377,-0.012589385471753478,-0.018124706875769725,-0.00044708352823535913,-0.009828991565669076,-0.002399589333947183,0.00869428614900064,0.0,-0.003277500324673388,-0.023875912110341235,-0.04567229361014752,-0.02677869177337333,-0.024543443896944683,5.551115123125783e-17,0.0,0.0020741162587109563,-0.011872603262465697,-0.019234015995216958,0.0,0.0,0.0,-0.02192890483400639,-2.038980458091144e-05,-0.01794316568831178,0.0,-0.03647849532989306,0.0,-0.03325532007014409,-0.02216058387659292,0.0,-0.01894507882899238,-0.028749911777054937,-0.038020309703565014,-0.03725448777957241,0.0,-0.009591676805049687,0.011333336612856848,-0.01011729072186196,-0.006018715476661773,-0.011248800487338784,-0.03316640315895519,-0.026056708621600422,-0.017529613494211338,-0.029527627718146876,-0.010175956617797133,0.0,-0.017295834788914832
0.0,-0.028843497570360088,-0.04356435405188619,0.01675112641575449,-0.03132924666688036,-0.022359892305059692,-0.014414826159588057,-0.03223042207428212,-0.02518664757239053,-0.005863897199974766,0.002988011195796836,-0.01926524964817322,-0.006225096153014198,0.018415131096601034,0.0,-0.0008543839380330542,-0.01752925540953143,-0.015819540946966193,0.0,0.007236796216930019,0.009165459528427178,-0.023013886280634888,0.022239511272439394,-0.0215161141669733,-0.008446503559794205,-0.02097035794065849,-0.04672289580386452,-0.006147033735656393,-0.014852167883439293,-0.008207934235882175,-0.004077806748539692,-0.009411489560961717,-0.01319313221211782,-0.007134705860133261,-0.006579291698623757,-0.0028753566028404953,-0.004809061165363393,-0.01569432758559025,-0.06674741660036032,-0.012637563117637085,-0.013498113328456296,-0.0021942822779646987,-0.05202134118385604,5.551115123125783e-17,-1.6653345369377348e-16,0.0,5.551115123125783e-17,-0.03524567599529238,0.0,-0.04639442282233702,-0.030803722536745015,-0.01114095593033948,-0.03648383158049001,-0.019099886841126734,-0.0643461845809089,-0.03389992230962585,0.00013972024791825133,-0.014158642184197046,-0.06129991156968945,-0.00045982447135306526,0.0,0.0,0.0,0.005841288164577629,-0.007698629682363345,0.0,-0.007761192814057016,-0.031017432442637882,0.0,0.0,-0.012372713860184681,-0.03733907559567018,-0.018422344983955286,-0.03035719288318317,0.0008303514951963908,-0.013152967599868726
-0.013417841538905517,-0.01708087267171765,-0.03254112011980809,0.004323124394674749,-0.022327094803147873,-0.020613810015680023,0.006556171198660421,-0.026578381171234955,-0.018119934424637774,0.005006993601635701,-8.371821865416074e-06,0.01234673451977486,0.0066305779559519,-0.0016620219689613691,-0.018568488427973928,0.005762786744883175,-0.012550371156032858,-0.008462046884725405,0.007236796216930019,0.0,-0.032315607184963846,-0.0138028227414152,-0.01060952560093531,-0.007425591480041627,-0.01110716940083012,-0.021475610217839947,-0.058517992299302546,0.011663833968744541,-0.017130396800322856,-0.0072992103969035105,-0.0039686874514434645,-0.036864758377883944,-0.007503839391972467,0.0066820601494095855,-0.0023096783583825276,-0.013191339938976365,-0.008138025625705148,-0.0020313366623282425,-0.028001901557498543,-0.007952782935780778,-0.023316798701424224,-0.016791720832845247,-0.0010455284321600478,0.0002800608532571025,-0.00487086299800088,-0.008613570119065994,-0.015609633689570412,-0.03208343347548415,0.0,-0.013968345038484709,-0.017379248474564457,-0.02477671793841285,-0.031029927736173357,-0.01735765906147746,0.0011017944870065355,-0.002159484421809854,-0.01037249467165341,-0.009534909546172865,0.0,-0.03555241960579553,-0.017065691334367472,-0.004407605305473183,-0.021035000080493582,-0.01844044653853344,-0.03548798905930717,-0.016986703028500694,-0.020337500557179644,-0.03087290913339169,-0.0014374881893111646,-0.019840547356578975,0.0006713786899840701,-0.037481604766440246,-0.01933315314874179,-0.028399502130725007,-0.03151535037635067,-0.023144724581336262
0.019185812157399673,-0.013336615942307228,-0.03204682967846334,0.0002867587598623933,0.009638590513683931,-0.02751114255667575,-0.00761483113077549,0.00979672482626398,-0.007061363317897973,0.022980068024264055,-0.02463786472420415,0.011525674608201475,-0.013884315589130669,0.026177230450828592,-0.025123224238757125,-0.0018649226987165757,0.011276966874863903,-0.008974191577711732,0.009165459528427178,-0.032315607184963846,0.0,-0.01744719244929277,-0.014681196266686458,0.04928935790953082,-0.0049734287207617855,-0.0011602776579660024,-0.035569502785926244,-0.022756150774037642,-0.028014274075832624,-0.03596544125838297,-0.002999843457088369,-0.035068106080984485,0.009029136102268909,0.015540438816732782,0.012155238975137761,0.023880481138900123,0.005034639707195865,0.0012246825820561025,-0.014069642785244973,-0.031934356609216674,0.003311320073785262,0.0032848668766505273,-0.01868958954657768,0.0,-0.0005098374664174732,0.06747337272513998,0.015557534423920938,0.00013705037281530608,0.0,-2.6257539695151433e-05,-0.014316286887205432,-0.02707577536840039,-0.004288350381904282,0.010234637105053623,-9.695897305206369e-06,0.0,0.005581288811954133,-0.00608871543006595,0.0,-0.014115302343373382,6.683619601022261e-05,0.0,-0.019505802568739294,0.0,-0.021882434047390376,0.04808725532486113,-0.006606759557014175,-0.020311609692328925,0.03667493534036209,-0.02203491130020946,0.027583888870297946,-0.03497384321446845,0.00021270660922312334,-0.011049159057131719,-0.009980887812789663,0.0025167602832704694
-0.004737042248060874,-0.032668929882068876,-0.032668052537797754,-0.004838484939059806,-0.020959513716916123,-0.010274082012037944,0.009973698623451377,-0.02269364794408474,-0.011222528089053385,-0.02501585443997978,-0.0005715511824191943,0.051435609719626074,0.013794606215026872,-0.004152957120070799,-0.021743395595892334,-0.0023359709028482056,-0.012603218590927612,-0.012179552527269655,-0.023013886280634888,-0.0138028227414152,-0.01744719244929277,0.0,-0.01223181280843788,-0.005588169899355289,-0.018496085693539444,-0.012744410458702005,-0.03761524560568147,0.01601316392265839,0.002077300602505605,0.002140544837147984,0.004861418325973699,-0.029237328669819374,-0.003669964602445397,0.0005008126280225955,-0.004855341856809192,0.004016235154013059,-0.006083669873892472,-0.04413575198829234,-0.019291097100575083,-0.006652209102871065,-0.006521749319129133,-0.007338748867777856,-0.06583613695752183,0.0,-0.0005390213728991289,0.01470608067299134,-0.015261826496166753,-0.02163984958518883,0.0,-0.0003798810916996742,-0.005388671049241733,-0.009771746845353313,-0.01665210240476378,-0.001349386731571145,-0.011144231809214977,0.0,-0.028052026089081472,-0.003510840910251445,0.0,-0.028884858310586625,-0.022997418041880158,-0.005187128239806771,-0.017565079802789374,-1.1102230246251565e-16,-0.023030082745492397,0.0005733922333074903,-0.018040533129617953,-0.023426624831208942,0.0015974744803127217,-0.026525820289128144,0.005873395405411652,-0.028690336277862438,-0.014402300287879422,-0.012984145478731557,-0.017724242311615845,-0.00815384597839236
-0.005400474014319978,-0.009796433395607707,-0.0019586391791049373,0.04038325382723995,0.005700921731099873,-0.013184287462748301,-0.003751596715549199,-0.0014270932354227828,-0.004726026458092392,-0.003180301804706298,-0.035141695640147685,-0.03731577867165403,-0.008954239568568945,0.02538281874158571,-0.036431684385250684,-0.005425994889422248,-0.008720539456132825,-0.008367664291946464,0.022239511272439394,-0.01060952560093531,-0.014681196266686458,-0.01223181280843788,0.0,0.00366401297772867,-0.006089504412782665,-0.007185811710389345,-0.018111646238108348,-0.014707148667912118,-0.015337268091959455,-0.02343827791845282,-0.011600266460076558,-0.03252243054366971,-0.005808457943047518,-0.01148782066580134,-0.023448553439194886,-0.004849796122075589,-0.03317119432461918,-0.02652358565247659,-0.0487207846943038,-0.07621426193590941,-0.019940504161100214,-0.028886359830782027,-0.060654412842363614,-0.015505638073901207,0.012700409206227337,-0.003592844119615579,-0.004262018741486573,0.01416310230049378,-8.175297521562097e-06,-0.03541117408411504,-0.02069733812891883,-0.009291475104602598,-0.024401035009858574,-0.013670225882843279,-0.03900195448357535,0.0040472941167838394,-0.016748714741108284,-0.016414352847347713,-0.03226859294270229,-0.021063062753101325,0.00266260582320782,-0.015012087972796462,-0.025658056440930166,0.03210178570247335,-0.028033600276564374,-0.0008623072774814333,-0.014206537865368796,-0.018970414347452447,-0.0003038976971783125,-0.0070577161432069935,0.002848124233708893,-0.03187211156780717,-0.021388276491972502,-0.015317761524593188,-0.022659460615291227,-0.018448939369614226
0.03780381084796963,-0.016470133169380452,-0.023550883923294907,0.00043549286754185346,-0.0013624902195079613,-0.006541063805096781,-0.011876857177379962,0.021625706997177918,-0.008291818018627939,-0.0037159585700013986,-0.017689132420508902,-0.011669622287859283,-0.017989899021915223,-0.08621666627075841,0.005139137857450793,-0.022063390876908395,-0.03284307838590633,-0.019592925081865997,-0.0215161141669733,-0.007425591480041627,0.04928935790953082,-0.005588169899355289,0.00366401297772867,0.0,-0.02163706336681709,-0.03646864315952342,-0.024088775100455706,-0.024347124163562883,-0.018069710085915902,-0.03347233687010531,-0.01927243129773648,-0.006176093350283296,-0.028852341020967676,-0.012855614147528505,-0.0021542924882543835,0.009094823165590016,0.027234524766214463,-0.053236034192648274,-0.038850633228344755,-0.03198603326567928,0.03098504799613161,0.0031915008987459803,-0.023090455231222995,0.0038371590945190936,-0.04265557814612081,0.020693409015323905,-0.022571943658988236,1.7536274836971177e-05,0.0,0.0,-0.003394549980470618,0.015803984125214166,0.00025055790167172187,0.0010684790095065733,0.0006440181257505451,-7.949537680734808e-05,0.005967605769049644,-0.0007431452992416876,0.0,-0.001247229333926403,-0.0289965283551053,-0.011816210505050884,-0.03527530927530015,0.0,0.0009825638639955891,-0.022081433210684565,-0.0363279720163196,-0.02338372354542473,0.03533379124144037,-0.021800752000174062,-0.01745686966772153,0.00107495687898429,0.03137985790946696,-0.011698429348472705,0.0,-0.015728509443823202
0.00414559711935375,-0.00880831029709045,0.030300058921673645,0.0,0.011901508893300772,0.00393640100384457,0.015489310962544467,-0.008199534672096886,0.002732598546245857,0.0031834444162818776,-0.014359838206439712,0.011904180656888641,0.01878932381904902,-1.4342975681924663e-05,-0.009039661470968408,-0.003814089984026825,0.0008942394985944624,-0.0173031654219562,-0.008446503559794205,-0.01110716940083012,-0.0049734287207617855,-0.018496085693539444,-0.006089504412782665,-0.02163706336681709,0.0,-0.004949873188212828,-0.003616626890028951,0.011433325318115861,0.010756803886859345,-0.007687554467088409,-0.01008363941783047,-0.009316834607775881,-0.0031902693459601172,-0.006168560642714482,0.01283492294617028,-0.011749101415138796,0.00591976042052389,0.005485178931293633,-0.023639094280749784,-0.041239540452863044,-0.021918389933507254,-0.02078748912820011,0.00012272097617838096,0.0,-0.01870227630565141,-0.00572186140377573,-0.017324162608574334,0.0,0.0,0.0,-0.01685708795057339,-0.020859936583422,-0.023236938900349224,-0.058804947029165,-0.02866103100940831,0.0,-0.026383601269332535,-0.017581494952510046,0.0,-0.016098066663588484,-0.025274567914998547,-0.03280555788226286,-0.03213076090710254,0.0,-0.00937167500215752,-0.022421436562458097,-0.0128062053231352,0.004594454701230433,0.000927396882618281,-0.026354209474124257,-0.020617604995389005,-0.020574143601524486,-0.011050185240001675,-0.01368352444721771,0.0,-0.015352147612560985
0.0004875956148541749,0.004268801392325827,-0.002598937386021849,0.00037198348129968695,0.0172464689437275,0.006834628732570014,-0.0026889447064546435,0.00353931406992386,0.007725137461611631,0.004269765633159062,-0.019650679953546024,-0.03202452996983618,0.0014897816957785137,0.006850137409020074,-0.022720827681719347,-0.006149945131299739,-0.020572800117674428,-0.005439302308561822,-0.02097035794065849,-0.021475610217839947,-0.0011602776579660024,-0.012744410458702005,-0.007185811710389345,-0.03646864315952342,-0.004949873188212828,0.0,-0.0229249472278083,-0.0037074115503678007,0.0030910478114850592,-0.005191369719381667,-0.003654692388776415,-0.018348211406226944,-0.014548096163092272,0.0021346241937931776,0.0060286397357065535,0.008229994070025837,-0.1599412397595148,-0.01849681979489337,-0.014383006731678805,-0.031165595575353033,-0.022563548086695695,-0.018357414011541617,-0.014024652886025224,0.0,-0.015382714720209856,0.03380627290342603,-0.0043850629600000746,-0.009541538859194065,0.0,5.806378434902726e-05,-0.005877555634001552,-0.010031977527281688,0.024751121060946624,-0.007466630349060088,-0.02040790335253584,-1.7768233383008702e-05,-0.016983008214662032,-0.007821952412587485,0.0,-0.012873064905659093,-0.021938940752141756,-0.026630893946318956,-0.03333620299583445,-5.551115123125783e-17,-0.019001170377121457,0.03508463888586133,-0.007521868269399767,-0.013656409694452643,-0.006255081946457963,-0.027468435465765773,-0.0006823277089226809,-0.016136489651779606,-0.020193208388203543,-0.007747043798137565,-1.9010147904896524e-05,-0.018718735665346653
