0.0,-0.007372593066327371,0.027049218687785703,0.0,5.86213128803692e-05,0.018586018770879564,-0.02852511710476574,0.0018420876043849788,0.026904801545702683,-0.019083190997926158,-0.00033248291402643293,-0.014468018568237873,-0.003788427948324735,-0.0030585944354539207,-0.04022213501627736,0.009351513024969837,0.013325370404600023,0.019092062414340583,0.0,-0.02058545355248681,-0.011771147998688336,-0.006767696199607209,0.0034674121947543823,-0.026496251350021205,-0.014083738641173127,-0.0023583042484112138,-0.00987254324119985,-0.030574055550026902,-0.018813172432747105,0.02335628198410261,-0.01301278369819886,0.00010277817008702561,0.02893587143345061,-0.0029220526219890797,-0.022145902509484727,-0.006688565082463793,0.0,-0.0006083975296294342,-4.7563104219605634e-05,0.01425659352000841,0.001918760069745895,0.017797549530450762,0.0,0.0,0.014283735731995983,-0.010648702924269893,-0.0011019437589934178,0.0,0.0,0.0,0.005460079384405625,0.0,0.013070358655480063,0.0,-0.012799101554494374,0.0,0.008243260692011256,0.021572158241645212,0.0,0.0037447720387719374,0.0058396219775428415,-0.06588529194297987,0.02248645238699265,0.0,0.029399239184908665,0.03323995065948937,0.008038558687093689,-0.005707235122216048,-0.10308832945547108,0.012207397058271952,0.002340367101333729,-0.012354406536641493,-0.00012394509593005587,-0.0038673404724143268,0.0,-0.0033737634703177033
-0.007372593066327371,0.0,0.051107380584537065,0.0,0.015967252444283875,0.021904726089084725,0.013008759439755324,0.0324814722017831,0.030007100764951333,-0.038815275342213906,0.0002528583806824525,-0.006031408002831473,0.01537807368693328,0.0,-0.00790101310223773,0.005801553808938209,-0.011431286671501673,-0.004619273687911152,0.015214794267932541,0.014902165942887846,0.0005340871049481222,0.0010541172525375675,0.023078708439613127,-0.010945332627504356,-0.014854694572767113,-0.02080545149301255,0.029433505858232067,0.02853149236846214,0.019694892389323482,0.01681268329839747,-0.0011916716972972252,-0.007350914526994212,0.009398996025556383,0.002136666616043059,-0.006621843527676141,-0.0314400609380181,0.0066512502052246125,-0.00032353342266888685,0.010656276715970248,0.027863397885941887,0.001426747948585383,-0.002544980058589774,0.009848035851409198,0.0,1.7600172097009814e-05,0.01078715785201112,0.018102706639835153,-0.0038970803165051526,0.0,-5.551115123125783e-17,0.016691635148566253,0.0022130615713309987,0.013676120230087185,0.0018445843620796265,0.006787560923294023,0.0,0.017832681519013183,0.003504434903147724,0.0,0.024793020907597496,0.013624982051197776,0.010199390348120618,0.01813645291870536,0.0,0.02400115939413694,0.004724116464265626,0.024626902954250296,0.01887423032314195,0.0297309617369077,0.022643889870138767,0.007468448150639517,0.02343723287465249,-0.007036418297204972,0.010869025398982213,0.0021026423562779395,0.003478664215887328
0.027049218687785703,0.051107380584537065,0.0,0.018208202099008752,0.013573256285118906,0.011605803764822786,0.02892461308685612,0.025726296427043327,0.03517311444117166,0.0320860500277374,0.015495073737174458,0.011220840927079534,0.039666958186912404,0.01834266525124645,0.03165022738194295,0.012609274045237817,0.029783765535455364,0.02270533997844193,0.01795472233921175,0.01932633067228723,-0.005575181937247209,0.01658087232994576,0.019302067735694206,0.03601649403401358,0.053520025055745546,0.030930208276104987,0.02535772921574897,0.04496851640014893,-0.00759745817236146,0.05130825228169933,0.04439801234420743,0.04578395988462869,0.012031288245033134,0.04742445559880454,0.045495872840529805,0.02954839559510164,0.019033896525184946,0.036373914137412755,0.029622283218505463,0.009559134990616946,0.04041551665848875,-0.003225489665829917,0.0504107767595976,0.005232146289307016,0.04374390217515722,0.0,-0.0052387226210363624,0.17587648956272306,-7.634593598204731e-05,0.03903237309639396,0.04999129896180132,0.04458060468417391,0.029556800774874548,0.06573603722664367,0.00933845460010252,0.12413179361196469,-0.005218319099059177,0.041535096455863285,0.0531483453794761,0.025348305589946274,0.00013387869275288677,0.0,0.0,0.19549928712210224,0.02426582195281668,0.0007067692301559458,-0.0034449316159652077,0.03688042272953318,0.0,0.0,0.023253418059818398,0.048125554544721894,0.04687831205964288,0.036553529843404375,0.04549429734280719,0.03464318172120251
0.0,0.0,0.018208202099008752,0.0,0.011593431924121933,0.03671906733959779,-0.012563551591364686,0.03436506818165236,0.013374825882415786,-0.057951964606649364,0.04137735550872662,-0.06055514771724918,0.018468280806346105,0.028822158363902506,0.007839168516545203,0.0,-3.3282524824873594e-05,0.0,0.038496579005400655,0.006119538350810416,0.0002558864634287783,0.013434221036236482,0.01092554204791224,-0.101879239452185,0.0,0.0006693874095229368,0.07394023225626406,-0.009373024637551686,-0.0018464037655299137,5.413552577204772e-05,-0.03922209197753346,0.011898949197242437,-0.14432315869756088,-0.020626535332324225,0.020188741524523268,0.030534833879806544,0.02228966357531323,-0.05906862850462641,0.00025949395330865377,0.0,-0.00021065938256226158,0.0,0.0002688080100214929,0.0,0.0,0.0,0.0,1.5091265269440157e-05,0.0,0.0,1.4883469106885538e-05,0.0,0.0,-3.5330595209437377e-05,0.0,-3.6169610978298294e-05,0.0,2.659688327022458e-05,0.0,0.0,0.0,0.0,0.0,0.0,0.0,0.0,0.0,0.00882679765646921,0.0,0.0,0.0,-0.0013020357261459559,-3.463016188559598e-05,-0.00013620481825005193,0.0,0.0
5.86213128803692e-05,0.015967252444283875,0.013573256285118906,0.011593431924121933,0.0,0.030761839120525436,-7.57610740451109e-05,0.018686410687689337,-0.0008122667134893846,0.027618015994813505,0.02513718083056332,0.03525556623946935,0.04940136917614146,0.0360757652013875,0.020507690192199945,0.042223679726660635,0.03073063695410755,0.024389998036322524,0.009660788324789338,0.011270451550253302,0.02473967929514348,0.013357956758888234,0.02133268478581296,0.04142824655657462,0.03180688154405997,0.023665966715910036,0.038948903836905246,0.009710050303290585,0.008171611965659853,0.005947128447894523,0.04278356740138983,0.06045106324483929,0.039753139571891805,0.04310451262711479,0.034812878247601264,0.05347586092986145,-0.03520537792630188,0.03149402967477538,-0.0009004477789752441,0.01578611298252991,0.0551182664404366,0.016591105656028837,0.048463988905894206,-3.7147224060674056e-05,0.012574826807584871,0.0,0.005352843978919664,0.05856490018909433,0.0,0.08939858406031786,0.04406099658910645,0.040689078157013725,0.05199057628668735,0.06001503222610105,0.00038360098490503036,0.0703551651054719,0.006449245680415994,0.028544775372650655,0.134802097099947,-0.01272643095442666,0.00014000975503225543,0.0,0.0,0.0617982796072396,0.05618193371551522,0.0,0.025402117089423193,0.02325726512473847,0.0,0.0001407070140566069,0.012839981240425846,0.020710768717864703,0.03151501524850797,0.022879978903110887,0.0007572619093675348,0.0223504094078929
0.018586018770879564,0.021904726089084725,0.011605803764822786,0.03671906733959779,0.030761839120525436,0.0,0.003626053842641308,0.013379375163713236,0.004208164583836438,0.016644183081627573,0.05299416700582432,-0.014248532852630447,0.0024952855561624077,0.003176919058731964,0.03798943537249061,0.008234244723945294,0.004741560210207774,0.0275451243034599,0.042712344910464606,0.011221905759478845,0.015553452416996405,0.016503797754807203,0.0015236782786075542,0.013611103488507525,0.014357116890460264,0.03320941660819271,-0.008238314596758278,0.0146808325878644,0.009952997173568179,0.014745193320389482,0.005084862122869516,0.020677152100675056,0.008762899428487514,0.019194329157347145,0.012660214598365416,0.01637084045482534,0.018838000280312794,0.019134093218643622,0.030293660236648867,0.004331840245787144,0.03376740393222322,0.03189443904947187,0.022525124396264806,0.03998877946401547,0.011208858360300167,0.0024860043015900724,0.01732488819182898,0.015468237813019203,0.0,0.014226567084797526,0.018849017956711234,0.02483100051518461,0.017868800430183573,0.014924442497546098,0.01796414302232119,0.013088180138024819,0.006536327233919392,0.02270718284465345,0.032193736550599206,0.028427064602722873,0.014349935491627053,5.551115123125783e-17,0.004640320012982202,0.03111991537584735,0.034359543175078056,0.018697124113860264,0.0255081570086223,0.016063240009856927,0.0,0.012538634023300244,0.027857076673176495,0.01922087924743754,0.023909295276222875,0.02580697743559901,0.02081933632911126,0.035444419789787185
-0.02852511710476574,0.013008759439755324,0.02892461308685612,-0.012563551591364686,-7.57610740451109e-05,0.003626053842641308,0.0,0.023053302161192057,0.01836277136660941,0.014840700652730077,0.03663796497601124,0.015531393125133908,0.027745511615491103,0.007678019113178891,0.02048844004641709,0.009069451372441695,0.019817676191977274,0.030121064272881692,0.03862650064553419,0.015874437682711295,-0.006256209088321585,0.017104644206775488,0.005154167033642021,0.002326417706991657,0.0047564243713371646,0.018885835373895765,0.007207118363520448,0.007196666622623138,0.01841163749305036,0.02047933351462472,0.01592367379290416,0.03937857370385911,0.018039009568226183,0.018785848957819706,0.00947665719966212,0.06358045375901045,0.0395587887855573,0.017052513112856826,-0.0017123157251994758,0.02139459918182096,0.04341829092663496,0.028081090385325358,0.0401449848777109,-0.0006465472498436986,-0.006635765377461744,-0.00010971173053619943,0.006128705470854479,0.03675913515769069,0.0,0.026614324912640264,0.032763676970308575,0.0373474444986035,0.01967317104062738,0.04169637632794776,-0.026017969211310943,0.059370589879568836,-0.010123302898212672,0.022327776444740488,0.030503381173420163,0.00239979775112914,-0.0022400035497969206,1.1102230246251565e-16,0.00013193179541720612,0.049403986698119184,0.022363604867042974,0.023165554792415555,0.01099452991289468,0.024724204980118736,0.05901771598086386,0.02312454928819707,0.0236955516746849,0.01955361004218581,0.02190485372744788,0.01492000367176255,0.03737835623969776,0.025459999604428796
0.0018420876043849788,0.0324814722017831,0.025726296427043327,0.03436506818165236,0.018686410687689337,0.013379375163713236,0.023053302161192057,0.0,0.04396128619737488,0.015543861962262318,0.025454209995975863,0.021203785376301465,0.021419351182411672,0.008249807209923465,-0.021441985374461847,0.0103374838618559,-0.0041090934238237065,-0.008013004311493876,0.03136685338023443,0.019654719163072543,-0.007143203921370689,0.019078105245841415,-0.012891974539499862,-0.009972154533045507,0.0036520607845349495,-0.004127964776282411,0.016315383070164557,0.02330173886262088,0.01345653255689866,0.012895940775364656,0.0032446953410367185,-0.018355801540070216,0.003848160937037437,0.021638589516383755,0.022666072788603664,0.025891688973795013,-0.053529473399582084,0.030434444030115027,-0.06558679305581178,-0.014731814593961001,0.02676000628884323,0.016308712221906996,0.02058281102968179,3.4506465981243295e-06,-0.00016228128571788014,0.009544935656569886,0.014311656955239171,0.007889627983353464,0.0,0.022607630889576957,0.0034032385015374533,0.019897720056341828,-0.07262366312686791,0.022584325699807617,0.012725657132795443,0.02801842336206295,-1.1102230246251565e-16,0.018822873243025895,0.029369861173623724,0.03788157606690912,-0.000739684207142044,0.0,-7.2983037260332395e-06,0.041533255192919394,0.050255305758632185,0.031341169851085926,0.014766753731929705,0.009565919841316828,1.2160022497931244e-05,0.026799931579060132,0.022580855368863173,0.012556834718590815,0.0181842260706106,0.02177691922372188,0.013324509004309704,0.014337355977323107
0.026904801545702683,0.030007100764951333,0.03517311444117166,0.013374825882415786,-0.0008122667134893846,0.004208164583836438,0.01836277136660941,0.04396128619737488,0.0,0.03148169990886718,0.014998843091237057,0.037880436853643784,0.072231447967257,0.005022125193646587,0.013827247135159149,0.01568577403373933,0.027377980812646696,0.02778950680214043,0.02620063948431045,0.016637275488916026,0.014950395131613448,0.032430266341908875,0.022308017347736853,0.030384445410623517,0.05628215291393146,0.05026327990912327,0.02896634343922022,0.048000843777701085,0.0623604838450903,0.06569771678050595,0.046828944612518464,0.059429134799716565,0.027848729590821797,0.04806266575921758,0.04713813480500967,0.030133231385118697,0.030004669230279835,0.04542930799778788,0.03816384445297949,0.02263448727121825,0.049038334733571665,0.05440216786568752,0.052512748940756304,0.012885000883228082,0.015557950789626351,0.0,0.009270167187458933,0.06778789568531118,0.007202708516725442,0.03983391658762636,0.038965649651075074,0.04169980381065841,0.03824958133218903,0.0373294017324558,-0.007991582897873328,0.0765821920541283,-0.0010984038759005998,0.03380069936328878,0.037309387115484594,0.020038818968244332,0.017260937271524113,5.551115123125783e-17,0.0,0.05426806311790022,0.029903793046618832,0.01790865125918517,0.01194376037126288,0.037990947526517216,0.0008072218587425462,-0.007085132165943142,0.03475348424907182,0.03323206554855496,0.03371783178987042,0.031526927447825204,0.03825282265650076,0.04022756250349602
-0.019083190997926158,-0.038815275342213906,0.0320860500277374,-0.057951964606649364,0.027618015994813505,0.016644183081627573,0.014840700652730077,0.015543861962262318,0.03148169990886718,0.0,0.034640898609687054,-0.0020381422826657447,0.0008301183256356759,0.058061063562584836,-0.0107874733182301,0.0016905746988454817,0.008608782351788635,0.019421012882243516,0.03635719047493158,-0.008270918440698827,0.013531790131861565,-0.02911531884144547,0.008387598196290147,-0.013205223204518002,-0.0034775525750144753,-0.030367151916572133,0.026482224005252852,-0.011544879285878107,0.025020011796170416,0.02890368854670411,0.0030950649703591626,-0.03577088585837229,0.0004331023736481865,0.006894190467761074,-0.019379779085494653,0.016084841448652076,0.03782957943816606,0.011022707804063003,-0.03116700469139627,-0.011833864161147456,0.027074769303712554,0.028942664438628807,0.10913610339003621,0.0016418505685508178,-0.004582854594315566,0.01806749530641588,-0.03061245333961793,0.017685741898892604,-1.1102230246251565e-16,1.6653345369377348e-16,-0.0395373330387061,-0.008194637171683339,0.0006802485247610068,-0.017321343492526897,-0.007191009405491777,0.025256052036180587,-0.0126236850502644,-0.006529878568063918,0.0,0.000315471807480594,0.019979238455915704,0.005105723740145118,0.026305424714311465,-0.011890841313898004,0.01776896228818109,-6.89682528978719e-05,0.005770692673589539,0.051854362847883806,-0.019479888943321255,0.012616924144002284,0.006712960286536729,0.0331134513331659,-0.007127693817055081,0.0019298642227986718,-1.1102230246251565e-16,0.006286690865858979
-0.00033248291402643293,0.0002528583806824525,0.015495073737174458,0.04137735550872662,0.02513718083056332,0.05299416700582432,0.03663796497601124,0.025454209995975863,0.014998843091237057,0.034640898609687054,0.0,0.04279893059482365,0.055409075288991916,0.03925609565947352,0.0,4.099649600908251e-06,0.028752404599632797,0.022106457929872814,0.025693212516124386,-1.8841451590978497e-05,0.02176557754085856,0.012791567394291992,0.02970340966333812,0.04698269895706181,0.02234454838678479,0.03390367756160684,0.05493204994789913,0.04246538014108575,0.02982104255095247,0.04401727801777372,0.052984072948075445,0.047645451835721886,0.025288790373093784,0.0529906571101017,0.05093194416473751,0.07049457048552898,0.03499148530621693,0.05231680594587329,0.006921122613991859,0.020278681878313998,0.0033014545902037007,0.008297790044728248,0.03099362813654344,-0.00032300185011802096,0.0034850077237431054,0.0,5.551115123125783e-17,0.012487040700950802,3.306701377825405e-05,-0.021974636678228132,0.027792875508463877,-0.0021323634288887283,0.015042176227063053,-0.059059141237078894,0.0158905282155814,-0.046956994045063566,0.019088470591179907,-0.0027611425226387043,-0.009782321716096665,0.00018697147942803305,0.0,0.0,0.0,-0.11934104412030033,0.003209082290193399,0.0,0.024131514324454095,0.023824808535100828,0.0,0.0,-0.01894029998886082,0.004879900916852198,0.004061703189968513,-0.0012077372590905133,-0.00029467649614989266,0.0005569861441421797
-0.014468018568237873,-0.006031408002831473,0.011220840927079534,-0.06055514771724918,0.03525556623946935,-0.014248532852630447,0.015531393125133908,0.021203785376301465,0.037880436853643784,-0.0020381422826657447,0.04279893059482365,0.0,0.010601627565185512,0.02495709297359433,0.0016640710891796529,-0.028380031683236828,0.01806529466415524,0.00286432631209127,0.03704429891331462,-0.06751849538567806,-0.03824621448183407,-0.0054197205786076785,-0.03341968079985036,-0.026870432055189797,-0.004234165692311165,-0.061594897533517906,0.02323907892553856,-0.011509192416028546,0.010957107832306079,0.01385886507763634,0.014815867111600545,-0.009444898188181894,-0.025516427281619958,0.0023038635217203507,-0.009798288908794472,0.029671060888003364,0.00435772690027697,-0.015690729932927527,-0.04277093375158958,0.005207060668178443,0.06231975354940433,0.052665945466205955,0.014467406016098472,0.0012691501962257545,0.039347768119029736,0.01609011817793371,0.01070090695391207,0.003352014723129959,0.0,-0.00022008375411025627,-0.015043214227593527,0.023642642983914608,0.0,0.017652568654691392,-0.0009732824994894695,0.05096225073508398,0.003814187913488254,0.024388226075403974,0.0,0.012058731432743774,0.01706010450188572,-0.003202946085755276,0.02160357697309273,0.0,-0.0004548088698684283,-4.169673168558097e-05,0.023876291282482975,0.013199738981454878,-0.024300281843977423,0.003706311203505064,-6.368570333192825e-05,0.0015182418808470932,0.026026184603299807,-0.005763322344544908,0.0,-0.0035086556100147326
-0.003788427948324735,0.01537807368693328,0.039666958186912404,0.018468280806346105,0.04940136917614146,0.0024952855561624077,0.027745511615491103,0.021419351182411672,0.072231447967257,0.0008301183256356759,0.055409075288991916,0.010601627565185512,0.0,0.016857231095581016,0.02643820823988524,0.017774096728943867,0.01563291370185743,0.02907017089486491,0.056741978302654705,0.019112774737942373,0.006802700621112823,0.02012641214740435,0.008004715375254878,-0.005051771218458789,0.008985056252615586,0.01674139083975512,0.00724020928094643,0.0036126762102497434,0.009103405316099211,0.010021218566500623,0.013185525747493876,0.031249532271259595,0.010393661613487426,0.016448355694417105,0.016827286752638893,0.05357363517638858,0.023149762419324704,0.007734068153492313,-0.004312171324768577,-0.0108609844733899,0.016536784505648383,0.05302996671558968,0.03590238955582148,0.028151460674942064,0.0032114646757893106,-0.001883510090589735,0.012420993137524927,0.03697710963756662,0.0,0.04611170016870114,0.03657382403582099,0.040362240869466715,0.019404127673979643,0.04086317203118928,0.005047016170641017,0.04822560896300526,0.0030568795791558467,0.023517375457220213,0.019043494382108117,0.011430615395120913,0.0065816353423210905,0.0018644687037680518,0.011170981054593299,0.04719454741529283,0.015715938278174968,0.008611308529881567,0.009117189762376687,0.02352805967384297,-0.006357751523823174,0.017775510260401695,0.02341262296671348,0.02028742330629485,0.026256612573885563,0.0181398435764471,0.01521480618423543,0.03402479631844857
-0.0030585944354539207,0.0,0.01834266525124645,0.028822158363902506,0.0360757652013875,0.003176919058731964,0.007678019113178891,0.008249807209923465,0.005022125193646587,0.058061063562584836,0.03925609565947352,0.02495709297359433,0.016857231095581016,0.0,0.0065586407141406955,0.0,0.0,0.0,0.031727248885564774,-0.0045713673921750075,0.009381555078837311,0.00873960828200071,-0.0015555989393389869,0.04826664897245525,-3.2280008620100276e-05,0.014055166797686203,0.011958984000328798,0.009155934647658626,-0.08826824781933085,-0.00013112203647253073,0.03014670885442139,-0.030779732085908007,0.04559366788220992,0.05916837710544198,0.004097471704191669,0.06874772753906877,-0.007125779167821145,0.031895158080576635,-0.01891874920044423,0.0,-0.0010290624796696068,0.0,0.0424161580681936,0.0,0.0,0.0,0.0,0.05235033358531549,0.0,0.03362113113197879,0.025368071899503353,0.03457234433612216,0.024418627663662984,0.0194325436909768,0.0,0.05948410252410635,-0.00045524240729943877,0.028183793290982695,0.047869149024114876,-5.551115123125783e-17,0.0,0.0,0.0,0.012690600281478726,0.0007019137188121194,0.0,0.0,0.04270537080590919,0.00012030898299919546,0.0,0.0,0.004999761051625806,0.05322669482712161,0.008237014257245046,0.0,-5.551115123125783e-17
-0.04022213501627736,-0.00790101310223773,0.03165022738194295,0.007839168516545203,0.020507690192199945,0.03798943537249061,0.02048844004641709,-0.021441985374461847,0.013827247135159149,-0.0107874733182301,0.0,0.0016640710891796529,0.02643820823988524,0.0065586407141406955,0.0,0.003958450525569923,0.008174759958346878,0.01091890878254087,0.0,0.004987148292360133,-0.007418930009626956,0.009473448439372756,-0.004414151424462165,-0.05344206083730901,-0.011053169845670952,-0.01490058396559829,-0.007939030367656419,0.015096697806430304,0.021483660294640772,0.038690113546494376,0.0038511016549647725,-0.006875048668263384,-0.0015845876998860087,-0.006669737854434643,-0.010974005930879938,0.012945942790868692,0.010396072273854085,0.011790309220803097,-0.0020147374003042784,0.004165779847948414,0.012279303015723886,0.016563776421509857,-0.0190060851488717,1.0150121009688817e-05,-0.01611192865926292,0.033460054868416966,0.0003646208260328909,0.014277755067997,0.0,0.0,0.023566989727920984,0.00824144159909107,0.023823910798934256,0.022588033292250953,-8.089932725829918e-05,0.0,-0.009771712339153804,0.01627592588916288,0.0,0.023530270682654564,-0.004527021571216039,-0.00030758889441778736,-0.001305366298119337,0.0,0.05432338219734445,0.001386656220974003,0.0235552006801526,0.03331770295003467,0.013956445751878488,0.004697469359260742,0.012771279851837014,0.029183311018942504,0.017766752399811903,0.024074001249533072,0.023000705032912627,0.022883558023010397
0.009351513024969837,0.005801553808938209,0.012609274045237817,0.0,0.042223679726660635,0.008234244723945294,0.009069451372441695,0.0103374838618559,0.01568577403373933,0.0016905746988454817,4.099649600908251e-06,-0.028380031683236828,0.017774096728943867,0.0,0.003958450525569923,0.0,0.004904825718688777,0.0031616394961346272,-0.0008223806330318051,0.02454111454043456,0.008954493586117607,0.004816563922775574,0.013607211334172364,0.01345682866178366,-0.006324885048181683,0.011906731594957587,0.020241462189186266,0.026858648698257936,0.02436641670846218,0.015231314783063832,0.005296874644436955,0.00838358261844041,0.01413348925583846,0.005344918057134163,-0.009810969944819725,0.0037457693135471426,0.00586516013570848,-0.005626399639207358,0.011273413906618623,0.028965134434956297,0.006551108078628354,-0.005762016473320752,0.018443239735005168,0.0,0.0,0.020294997908037404,0.0210346803133053,0.0,0.0,0.0,0.009527320600534461,0.014597091023497932,0.029251484936235694,0.0,0.02965440576992212,0.0,0.01820899549162519,0.01228454265903517,0.0,0.015012425790395023,0.013339405986317832,0.0298133763492775,0.01564885557009532,0.0,0.01370050848436205,0.013010542485291876,0.013090473175607076,0.008780641466960948,0.0638523343610134,0.018102172675704298,0.015330730808732262,0.019280816335191964,-0.03528737168427459,0.0045679589890672,-0.0001283052583650468,0.004779936194294454
0.013325370404600023,-0.011431286671501673,0.029783765535455364,-3.3282524824873594e-05,0.03073063695410755,0.004741560210207774,0.019817676191977274,-0.0041090934238237065,0.027377980812646696,0.008608782351788635,0.028752404599632797,0.01806529466415524,0.01563291370185743,0.0,0.008174759958346878,0.004904825718688777,0.0,0.017827070268248146,0.027332885710242005,0.019586338097887013,0.02188032083353314,0.013654053237130814,0.03378936888967177,0.02239162097540348,0.027753975714299495,0.019531102651762944,0.029450620099597646,0.013240864243183381,0.037875952696687365,0.015742639354151877,0.0339714002043221,0.023136662826068577,0.034140364893641084,0.027740151201020802,0.011940797827808713,0.027840585772084647,0.010035988501572113,0.03777511441012188,0.021847185521071788,0.006579603709347903,0.009897462338106622,0.02336175602486734,0.0,0.0,0.017296125436120524,0.008209076143432747,0.029632827395564054,0.0,0.0,1.6653345369377348e-16,-0.00023085715642123805,-4.8864575742046945e-05,0.0,0.0,0.00588129681953331,8.672150487393226e-05,0.00669766066080818,0.018000341338103187,0.0,0.0,0.03639791551172339,0.024837027980762094,0.03518418139005225,0.0,-0.00013531358304241792,-5.551115123125783e-17,0.017171235485552883,0.0007134982803007617,0.009307250308535575,0.02795287645377087,0.01928890075630807,0.0,0.00739023216146617,0.01716035973526342,0.0,0.02513169446878033
0.019092062414340583,-0.004619273687911152,0.02270533997844193,0.0,0.024389998036322524,0.0275451243034599,0.030121064272881692,-0.008013004311493876,0.02778950680214043,0.019421012882243516,0.022106457929872814,0.00286432631209127,0.02907017089486491,0.0,0.01091890878254087,0.0031616394961346272,0.017827070268248146,0.0,0.026577941876888167,0.032333533757080035,-0.010884463506241782,0.02597421729839805,0.008552375441761961,0.0006910845227888207,0.0058112657848417015,0.0011609603291353743,0.03161395007366735,0.02873644382485252,0.04654133829573737,0.01249949546769058,0.017720930917111466,0.008978902830379998,0.026871727730390704,0.014453723199414403,0.0041010838303585095,0.018625143199949568,0.0,0.0515629347428983,0.020753269354960913,0.013190139448935434,0.015029319490336035,0.012391034782054,5.551115123125783e-17,0.0,-0.017140651354859593,-0.0014096521196829692,0.02901478703257232,0.0,0.0,0.0,0.017939858612013082,-4.588887844675371e-05,0.016960314309415025,0.0,0.0032346851354217443,0.0,0.004958175419300215,-0.01439399985109735,0.0,0.015140445906843047,0.018655666170422913,0.021123328321351054,0.024733211898832486,0.0,0.015981429934210645,0.04488898028857807,0.007856702564608187,0.024868369871584972,0.018454151411852693,0.024074591476776763,0.01920471278842284,0.04861260934741363,0.0186373737623442,0.012719993303367927,0.0,0.021586574138482917
0.0,0.015214794267932541,0.01795472233921175,0.038496579005400655,0.009660788324789338,0.042712344910464606,0.03862650064553419,0.03136685338023443,0.02620063948431045,0.03635719047493158,0.025693212516124386,0.03704429891331462,0.056741978302654705,0.031727248885564774,0.0,-0.0008223806330318051,0.027332885710242005,0.026577941876888167,0.0,0.007383586987252444,0.016820958888346893,0.02231072526662281,0.02297222775950808,0.04971268925333128,0.027728743514376375,0.025655239312645906,0.055703567467481285,0.050452553078633,0.0032360506486494023,0.049586721353862384,0.05038932909010352,0.05121270343023271,0.01899995723633019,0.052653224341796145,0.05753495707330353,0.0472468315120354,0.04191290789149554,0.039945405257819644,0.01806327640447586,-0.0033826303587946582,0.03399727147114562,0.014420310236934575,0.04973030641269016,5.551115123125783e-17,-1.6653345369377348e-16,0.0,5.551115123125783e-17,0.1373244650973665,0.0,0.035456104987098724,0.043338832049173104,0.04263460934209995,0.040528013433752674,0.03992427588677239,0.0006417515896928183,0.15586281288304582,0.00031445154110404383,0.03651615652354068,0.034280790685550344,-0.00035614078772217006,0.0,0.0,0.0,0.07061385881825466,-0.0010304566649438351,0.0,-0.003435966565447368,0.03303343013761284,0.0,0.0,0.0054312073589739,0.022203986914726803,0.04501664154290419,0.02013922443054761,0.0009123373533128643,0.03266084066378283
-0.02058545355248681,0.014902165942887846,0.01932633067228723,0.006119538350810416,0.011270451550253302,0.011221905759478845,0.015874437682711295,0.019654719163072543,0.016637275488916026,-0.008270918440698827,-1.8841451590978497e-05,-0.06751849538567806,0.019112774737942373,-0.0045713673921750075,0.004987148292360133,0.02454111454043456,0.019586338097887013,0.032333533757080035,0.007383586987252444,0.0,0.036686690840976754,-0.003184660041311904,-0.0010367690498840898,-0.006009232367222117,0.008465910630934048,-0.0037379523922632107,0.005289958777451531,0.016609245070407175,0.003960839932658888,-0.0166903619742213,0.010824887035188357,0.013272282778073019,0.02241387640088338,0.011907869951367389,0.012130443967663773,0.015869765255332124,0.029789203747117188,-0.009758419799105245,0.015678111493629243,0.01798507538868943,0.041723046526162655,0.03573399052255344,-0.011164663521589846,0.0003526109955239165,-0.004687854700305916,0.009843541987896998,0.014021313523038703,0.030091551040034303,0.0,0.015698538309668553,0.035692822468123886,0.024889595353082217,0.03251660211545254,0.03534678199666763,0.006441822440118039,0.011683544625071707,0.004714492401562853,0.025999362817447413,0.0,0.047062483189992066,0.01339368661281548,0.0058987665687707524,0.026739189751491865,0.04280507238150222,0.045404055062699566,0.041879109058900243,0.04524608008633868,0.03629958041082443,-0.0014648828067889141,0.021708040891362357,0.029591724147056908,0.0317607166283469,0.02668787844213355,0.026402992136431602,0.02644237935551269,0.030033148685008892
-0.011771147998688336,0.0005340871049481222,-0.005575181937247209,0.0002558864634287783,0.02473967929514348,0.015553452416996405,-0.006256209088321585,-0.007143203921370689,0.014950395131613448,0.013531790131861565,0.02176557754085856,-0.03824621448183407,0.006802700621112823,0.009381555078837311,-0.007418930009626956,0.008954493586117607,0.02188032083353314,-0.010884463506241782,0.016820958888346893,0.036686690840976754,0.0,0.01581382569470452,0.007181433964212169,-0.02680699411120374,-0.005712652984553757,-0.0007166269302348316,0.014446971807962394,0.002392344992530604,0.008177578342296432,0.016612405302264377,-0.01344722232766915,-0.0010032925991019237,0.0007423638026015089,-0.0170171779274928,-0.020879712679286566,-0.00048452167286688885,0.02272091709105617,0.009301235665815977,0.039396055165539456,-0.01701513518516179,0.03288348794482843,0.011443375419293966,-0.009125519240616109,0.0,-0.0004715000738998443,0.018164222782946715,0.007594834415320495,0.00030844277463537573,0.0,-5.909468345322022e-05,0.0065118459077828095,0.0318449886703,0.0438913438070781,0.00714757053810916,-2.1821388778264783e-05,0.0,-0.0011580878785186766,0.02139774713091952,0.0,0.0001190273807187836,0.00812662988024132,0.0,0.01697011903392076,0.0,0.05090458700152278,-0.059387948523722034,0.01706553811412337,0.0325716046150214,-0.017047928552550384,0.01743648945641324,0.009230275760016338,0.024355943837873928,0.0035064874210698482,0.03335405773682648,-0.0004830448094840234,0.01038012057559401
-0.006767696199607209,0.0010541172525375675,0.01658087232994576,0.013434221036236482,0.013357956758888234,0.016503797754807203,0.017104644206775488,0.019078105245841415,0.032430266341908875,-0.02911531884144547,0.012791567394291992,-0.0054197205786076785,0.02012641214740435,0.00873960828200071,0.009473448439372756,0.004816563922775574,0.013654053237130814,0.02597421729839805,0.02231072526662281,-0.003184660041311904,0.01581382569470452,0.0,0.0019332728620592987,-0.022742004744240207,-0.01126937340650741,0.003750234668158714,0.01229773358005709,0.032218333799004795,0.013616792950701284,0.027871295316552247,0.006371652519585991,-0.0012345011806478845,0.022039703276064915,0.004582914259644744,-0.003963056943382337,-0.012192246499011405,-0.0018044481254510525,-0.03955007540622846,0.00868994592028649,0.0009568595659024681,0.019388518676193567,0.008407560950303483,0.0026348807263891216,0.0,0.00955782329662358,0.00048340623033088503,0.012493641118205445,0.02709938184262073,0.0,-0.0003944178810034171,0.010913545156386095,0.011370206690347995,0.037554176993055965,0.04479060324228479,0.01155106049165383,0.0,0.025131005900233427,0.014895570541342829,0.0,0.025544471758846554,0.007786656805466863,0.0072678199356343565,0.01619366577577036,-1.1102230246251565e-16,0.06248814484982185,0.019391910702869053,0.022679707026740104,0.03952886493231178,0.01595163121034998,0.013277167469880058,0.018220556104383445,0.03397757587405992,0.013153826837990101,0.039357226350400565,0.03811175063278743,0.011155862359555735
0.0034674121947543823,0.023078708439613127,0.019302067735694206,0.01092554204791224,0.02133268478581296,0.0015236782786075542,0.005154167033642021,-0.012891974539499862,0.022308017347736853,0.008387598196290147,0.02970340966333812,-0.03341968079985036,0.008004715375254878,-0.0015555989393389869,-0.004414151424462165,0.013607211334172364,0.03378936888967177,0.008552375441761961,0.02297222775950808,-0.0010367690498840898,0.007181433964212169,0.0019332728620592987,0.0,-0.008976969049647177,0.01181299377232009,-0.0046207759876910615,0.00011519828952966105,0.0169198678179302,0.005430702698389522,0.004226114290616145,-0.0005914499597135525,0.014910449878999976,-0.006836384684137553,0.010867430826828006,0.012254311882582192,0.002138306131584,-0.011212700223061756,0.01584138918057454,0.01086779184307074,0.0014228375635278456,0.025584320695824614,0.03208659333664943,0.01748426710402856,-0.005525538846345102,0.0010971023268468993,0.025483068145118026,0.008249606367862983,0.042213940430331,-1.8399157909743113e-05,0.025806903947011017,0.022147944253895657,0.024147664292862192,0.008559663711795562,0.021603767657039086,0.03529340356632282,0.047549238859111054,0.010459128584395017,0.01937961140023059,0.020393779351692065,0.021832979548767173,-0.0010305439892852042,0.013372012743054995,-0.021503225701986206,0.0646920211628168,0.024076173904444553,0.0036403265147623154,0.015403277352161238,0.014587842305791243,0.00938534384093026,0.004638522901815878,0.009602107766234214,0.012808696752118487,0.01859894287290187,0.014832712095461276,0.01151275849566935,0.02052434831722738
-0.026496251350021205,-0.010945332627504356,0.03601649403401358,-0.101879239452185,0.04142824655657462,0.013611103488507525,0.002326417706991657,-0.009972154533045507,0.030384445410623517,-0.013205223204518002,0.04698269895706181,-0.026870432055189797,-0.005051771218458789,0.04826664897245525,-0.05344206083730901,0.01345682866178366,0.02239162097540348,0.0006910845227888207,0.04971268925333128,-0.006009232367222117,-0.02680699411120374,-0.022742004744240207,-0.008976969049647177,0.0,-0.03533365067392702,-0.03324398630400249,-0.003924776555156773,-0.022666029686118527,-0.017056125004813683,0.009215138090025887,0.010861543419182162,0.0007590167720076813,-0.013152695628798061,-0.010808124397083785,-0.023653382035368042,0.026831436211246784,0.009866468470652423,-0.010601544003189023,-0.03425312508065381,-0.02026732917415125,0.010126611223371107,0.06081629009088185,-0.02048974810813664,-0.0095035943022585,-0.02020673990095634,-0.016466690556490693,-0.00852935391737053,3.946678258764935e-05,0.0,0.0,-0.0038223605191567978,-0.014671492438990408,0.00021302543497386806,0.0012263746399167608,-0.02064946582168925,-0.00017891067415187756,-0.02873671282479595,-0.027933870352835177,0.0,-0.015488651006611842,0.0026695008331907855,-0.007566339550992673,0.018315725603096078,0.0,0.01170178755916923,0.02179617615686308,0.05227879377849676,0.04484501305970595,-0.04652136340703872,-0.0008339618709397589,-0.017598051560562156,0.005364621793759572,0.033258101867542356,-0.006940097576473958,0.0,-0.004540910834171075
-0.014083738641173127,-0.014854694572767113,0.053520025055745546,0.0,0.03180688154405997,0.014357116890460264,0.0047564243713371646,0.0036520607845349495,0.05628215291393146,-0.0034775525750144753,0.02234454838678479,-0.004234165692311165,0.008985056252615586,-3.2280008620100276e-05,-0.011053169845670952,-0.006324885048181683,0.027753975714299495,0.0058112657848417015,0.027728743514376375,0.008465910630934048,-0.005712652984553757,-0.01126937340650741,0.01181299377232009,-0.03533365067392702,0.0,-0.014435912514620619,0.011656217449863893,0.006985139962967957,0.016445031305779234,0.01901927763364525,-0.01039570448648719,-0.020262971166880694,-0.004775401594548423,-0.006016433347690531,-0.024731044616727094,0.028606802171577628,-0.00042475127579150174,0.0064680298791585655,0.019348925524473704,0.00463685310928208,0.013930199071235272,0.004578211327332049,1.529065500766036e-05,0.0,-0.0061686243834778165,-0.008189962930102546,0.02008556696599123,0.0,0.0,0.0,0.018558716896983296,0.012681220484170197,-0.011541878095909175,0.039868237105811555,-0.0017425175413194327,0.0,0.0030520180154391396,0.016200365144185935,0.0,0.0015666747171773077,0.02058006996009809,0.01147653875466531,0.021783557009085963,0.0,0.01049480237117345,-0.0007208233233246819,0.0066172393139893315,0.0033625483747526386,-0.005111246420557103,0.02314234753261285,0.012586979446413682,0.01387063879811673,0.012744288268869253,0.01501382509236826,0.0,0.019879989380309437
-0.0023583042484112138,-0.02080545149301255,0.030930208276104987,0.0006693874095229368,0.023665966715910036,0.03320941660819271,0.018885835373895765,-0.004127964776282411,0.05026327990912327,-0.030367151916572133,0.03390367756160684,-0.061594897533517906,0.01674139083975512,0.014055166797686203,-0.01490058396559829,0.011906731594957587,0.019531102651762944,0.0011609603291353743,0.025655239312645906,-0.0037379523922632107,-0.0007166269302348316,0.003750234668158714,-0.0046207759876910615,-0.03324398630400249,-0.014435912514620619,0.0,-0.013479760417292763,0.007253352535102453,0.017345369836830882,0.030731948385361696,-0.007414742983794742,-0.005037029747400612,0.002481576512957384,-0.003906481867627043,-0.009613847113702723,-0.015684403707036332,0.024270761999579116,-0.016593867280230323,0.0028270178265441537,-0.0015322262558251643,-0.0036911209508699305,-0.008439850570502838,0.013689022325288847,0.0,0.00681110851470057,-0.005794406725988355,0.007142505717874503,0.014262979210387106,0.0,0.00013067716914971772,0.014840880342059659,0.008985580780848379,0.014120962238522605,0.003259141340833216,-0.0065111189288333815,-3.998882376171631e-05,-0.006314862782248742,0.0028965316418743114,0.0,0.00909051270459893,0.011591672038307854,0.007061836435732882,0.023351783161002337,-5.551115123125783e-17,0.05372231179997372,-0.007536599910197173,0.019537539795685566,0.018099040808926603,-0.029307276944510963,0.01610489641698648,0.007654109385812791,0.0184023538490502,0.0010201753066776953,0.012738990512092707,0.035852444838496644,0.005731402121661955
-0.00987254324119985,0.029433505858232067,0.02535772921574897,0.07394023225626406,0.038948903836905246,-0.008238314596758278,0.007207118363520448,0.016315383070164557,0.02896634343922022,0.026482224005252852,0.05493204994789913,0.02323907892553856,0.00724020928094643,0.011958984000328798,-0.007939030367656419,0.020241462189186266,0.029450620099597646,0.03161395007366735,0.055703567467481285,0.005289958777451531,0.014446971807962394,0.01229773358005709,0.00011519828952966105,-0.003924776555156773,0.011656217449863893,-0.013479760417292763,0.0,0.03132932149520057,0.010900289189371637,0.006650559763627162,0.0034740309192637375,0.03027448834871882,0.019182616631321092,0.01770519568705542,0.024297301237214852,0.018788332011942077,0.027289662572809625,0.03607537039258529,0.026750874749258413,0.006124068613287237,0.03311934108242365,0.034481320971616936,0.03207885726966764,0.014251990296372141,0.018263197865664937,0.04358222664800809,0.014548340741377452,0.04565394790041066,-1.6653345369377348e-16,0.03172464938359354,0.0334887395556448,0.042503719044606925,0.016925707474130414,0.03749432308246159,0.022504639308810415,0.050901040733702496,0.041930478362389,0.02776775426237621,0.04835289335458648,0.027672706924370516,0.0037001498599938953,3.5410903181265496e-05,0.0005934831326608325,0.03815431298636596,0.029149567400284793,0.029481615273953654,0.024877208358952962,0.021308184993674706,0.017052098636385793,0.013406647990540588,0.01442530726044755,0.021322070154939143,0.022798089054663517,0.022363531890581267,0.02217230367763312,0.02750354077003392
