0.0,-0.01316978111118322,0.015349107584195554,0.0,7.482512707079891e-05,0.017797890768134705,0.042977227736588686,0.015555835263426632,0.03122909109176658,0.01278847393402921,-0.000354711885043657,0.020655855214102348,0.02776807985619889,-0.0008160055494553231,-0.022131508894656038,-0.022148567558535615,-0.016309597269175802,-0.02592429247955258,0.0,-0.020754628005882958,-0.019107939144511588,-0.02546327483752059,0.014763463226021123,-0.00753104085516465,-0.014189395106316893,-0.040509467014519296,0.005816176019880048,0.008293748102394194,-0.006170057620072167,0.012630513926577547,-0.00811978793920759,-0.02539112469126631,0.0008055119841494651,-0.015761988287990025,-0.03553624052863347,-0.0025743925253474687,0.0,0.005606225404298726,0.0061092769821212145,0.025304355594886196,0.007474438963548324,0.012390682121922847,0.0,0.0,0.0006364725806551896,-0.05946574692647971,-0.005875536690041261,0.0,0.0,0.0,-0.00043153868667361595,0.0,-0.008328689496473973,0.0,0.017212977046834554,0.0,0.02386260774077331,0.0012267729953482909,0.0,-0.01691644894583122,-0.0014084768109236534,0.005414352355569252,-5.7839653094415855e-05,0.0,0.0003242346016301134,-0.027060842268705587,0.000480013138364932,0.02615581754128954,-0.03617605971792687,0.007272996685929123,-0.0031632747493789415,0.022181704819078385,-0.0001582053880589962,0.01937637047008106,0.0,0.000603113011228118
-0.01316978111118322,0.0,0.009560061906339512,0.0,0.006995024358667945,7.454650333710289e-05,0.0029709283809367104,0.05370181655203565,0.007460498125247628,-0.012535926331654623,0.00030908125666478936,-0.02232206303415457,0.008168305177750301,0.0,-0.023067637387175488,-0.01951642118164476,0.01161739480032592,-0.044366999652933614,0.016146867363254547,-0.014255726777988531,0.007595648415989864,-0.040614682103364996,-0.006956333044344787,-0.008355150696535751,-0.021210113602539993,-0.048728977667467865,-0.014649495022177272,0.023276269362803137,0.011138509728757184,0.007678315358308485,-0.019613047592442645,-0.022502244918486847,-0.009221148825610703,-0.02497854592314991,-0.03981556423968491,-0.003155777789249359,0.006795608263662545,-0.0003262835466737446,0.004581672273185011,-0.00913551881824387,0.007348182782241142,0.01364185869144574,-0.009725334752528958,0.0,2.2465124865311825e-05,0.001606426558337759,-0.002190686000665465,-0.00368801255301604,0.0,-5.551115123125783e-17,0.010123272272181849,0.009346718532579845,-0.02055922368660712,-0.011046346143670005,0.007537924840794852,0.0,-0.011343950733981811,0.01655511618260297,0.0,-0.005061140801026653,0.0016996352769806933,0.01017283110887307,0.005538254235117002,0.0,0.0007107225920910953,0.010901244367554297,0.002409383357267758,0.010689240207555573,0.04285673630463477,-0.0045264370388997666,-0.006811601628776476,0.00928701047618391,0.024738725441007303,0.008674768090967122,0.008344836458521021,0.0010020232900355697
0.015349107584195554,0.009560061906339512,0.0,-0.025067808286253324,-0.03658779506475618,-0.01962772230131471,0.01047856150382348,-0.03437288428462887,-0.047312253991643904,0.009390757962676466,-0.056884381705287757,-0.005658938370157018,0.01944836164816416,-0.024715988411877776,0.014997890272768544,0.04553088571144659,-0.007290229502164347,0.002588281079887511,-0.060109232591093104,0.02060591878964413,0.013879571831637183,0.0005184054131661675,-0.05948178687957756,-0.018593267842820616,0.011427893782148757,-0.002235589347012845,-0.031078780766719494,0.017540314824322223,0.025535194000054995,-0.0007089464578904914,0.01894261281332893,0.0034567231147148436,-0.033072096062691625,0.019436046003517504,0.02045625355175723,-0.017134197386616812,0.0008477819710920875,0.0038247789242410457,0.0056763778979680435,-0.004142185709400781,0.01320352188920737,0.002480664528277221,0.013080909344993286,0.039925753937055275,0.00010212387832092551,0.0,-0.005343530408114028,0.09039196065772936,-9.744910307363241e-05,-0.001769887251169,0.0011655403836817735,0.01571343449132434,-0.013497739977096357,0.01591567658228521,-0.002936071656606365,0.08165194650268731,0.003509294993640888,0.006127038840926802,0.048521862912884184,-0.015528228831472424,0.0001708847807238012,0.0,0.0,0.08561610923589713,0.0072695796198366525,0.000700728272888973,-0.008489573278119666,0.0029321646059807804,0.0,0.0,0.011829052403313944,0.006484761327762656,0.006612632510794247,0.036702849787884684,0.003909601696660658,0.00799961117258774
0.0,0.0,-0.025067808286253324,0.0,0.00320963008186681,0.015270917320930888,0.0156055096628136,0.025119892396334054,0.003942881270949328,0.07689815855876048,0.008859410043046634,-0.03174193070206033,0.06752707035817612,-0.01013632959812294,0.00812162803188854,0.0,-5.444140426813515e-05,0.0,0.011569346999178276,0.0003461261589657316,0.0002405292052369834,0.01679823396981628,-0.0025561903821853527,-0.032942002151527594,0.0,0.0008173293976680429,0.0030117741393695385,0.010285281544191283,-0.0018126214925728301,6.90994008135104e-05,0.028536808285903548,0.027681042706805548,0.07879210216454091,0.032729424050565836,-0.053267526039158575,0.009808321824672228,-0.021254550769540526,-0.00026554760689201373,0.0003312219920771353,0.0,-0.0002688888101335385,0.0,0.0002638981688595776,0.0,0.0,0.0,0.0,1.9262718386148237e-05,0.0,0.0,1.8997484233285178e-05,0.0,0.0,-4.5096504089348066e-05,0.0,-4.616743645902144e-05,0.0,3.3948662569893706e-05,0.0,0.0,0.0,0.0,0.0,0.0,0.0,0.0,0.0,0.01875652113724341,0.0,0.0,0.0,0.007882806244748852,-4.420246044056775e-05,-0.0001738538823586322,0.0,0.0
7.482512707079891e-05,0.006995024358667945,-0.03658779506475618,0.00320963008186681,0.0,0.0064342230952932344,0.005316201273481813,0.01806090883534378,-0.031621498671124015,0.025161460629199994,-0.02808649611075159,0.01785123509112968,0.03745187860429611,0.0062717323986163365,-0.005446884716403477,0.03693563776632364,0.0002502882753660507,0.0076727623072280204,-0.030692119508698268,0.017819550600161438,0.022752406415006476,0.012369399760872257,0.019949251824741887,0.04081703214187421,0.02227182556131624,0.012187026499153486,-0.020981000112990922,0.04435062246827348,0.015290976943032997,0.008761838088823803,0.0347593068848121,0.011092547537952802,0.024960303211139567,0.028115465732937883,0.02157217943830453,0.021855570518808487,0.05522099035320749,0.02117041484452914,0.022963684875439705,0.002893867700664854,-0.013197382724720153,-0.036157056546002986,0.036495843764951186,-4.7415276528184336e-05,-0.004566793866668084,0.0,-0.002895834118784857,0.0010002194273276421,0.0,-0.029320595085587542,0.00998112403506124,0.02805312062849097,0.010743949793707908,-0.0031523684324842316,0.00033908263298670915,0.026380682356583474,-0.0066658640468265085,0.030933978900594794,-0.017211190706329094,0.013956665353836939,0.00017871056100043914,0.0,0.0,-0.011271786359452918,0.008607161552065923,0.0,0.016736598037782435,0.018427575905558324,0.0,0.00014176143156735543,-0.008607515287764378,0.007727190290454322,0.020158626777375677,0.021003087034999868,0.0009988071130221376,0.01786059157537967
0.017797890768134705,7.454650333710289e-05,-0.01962772230131471,0.015270917320930888,0.0064342230952932344,0.0,0.001113172019259534,0.006625089296104447,-0.015806220097684398,0.02114162644601647,0.010796747160512155,0.007268432551027992,0.004454110610729534,0.005248224045672101,-0.016763566815026387,0.03336920279968314,0.009599360906591248,0.02353727277954193,-0.016969600897297432,-0.007253210246185804,-0.0007125534414590962,-0.00011914968034071327,-0.016924641207210822,0.01346265865617019,0.017334304775361853,-0.0037826098779686346,-0.024777054649900987,-0.008846398082565488,-0.006903615063422963,-0.0007615537360028957,0.006896761123247663,0.005436209136411518,-0.0068890063836846704,0.0115665421888132,0.009070084230710485,0.020503920846197954,0.02093542713743285,0.0010092320284182388,-0.001992647141086157,-0.0008912527635211442,-0.012655764768960964,-0.035713250650693806,0.019612420358937288,-0.023193550316183253,-0.004550553675883251,0.00880217368665065,0.011858274598739005,-0.0024836718865473006,0.0,0.010904810870378867,0.014933065737306017,0.02484852932102044,0.014580418587915422,-0.0005593513951837048,-0.024395941881960148,0.008401098062785883,-0.0070891941016418825,0.014873720842847216,0.020110878922976805,0.006276209607525729,0.007701167020379873,5.551115123125783e-17,0.006925891415767993,-0.011534191209941258,0.015580082261503703,0.0013437655699309325,0.006698741660679186,0.017905149631448514,0.0,0.0166140279512495,0.011025382855892107,0.012461205211899196,0.010619792322462573,0.007847683626572677,0.009551445828721805,0.0028998388728987967
0.042977227736588686,0.0029709283809367104,0.01047856150382348,0.0156055096628136,0.005316201273481813,0.001113172019259534,0.0,0.008507335626425527,-0.01550188822953541,0.026196856158777204,0.008027733070096854,0.04154660839869789,0.020900704150666083,-0.00348603559928784,0.009427654726474388,0.03272044040099259,0.0036503731414359586,0.01805873879618619,0.012962363290612011,0.007390659217522133,0.021817803436649408,0.016063841168686754,0.011872106403355231,0.045653726449197796,0.018525678369684107,0.005065431362330952,0.0008016324240032735,0.04642645853172256,-0.0013630996860369282,0.01165236953900356,0.036116231333789606,0.014774959825142986,0.01885703175689768,0.02948721060410625,0.016803439050825042,-0.006766451741662904,0.036245143166631466,0.007398170091374445,0.020149700742822685,0.048211944031576304,-0.07594840510781115,0.003725987300759126,0.0417014175986698,-0.000678845127900285,-0.008152525531607557,-9.205259866895688e-05,0.004940740195656768,0.018618200701822962,0.0,0.005698284565520018,0.02707824286636218,0.02714208810624863,0.024351452340368118,0.012631175551357399,0.01839642449057932,0.03821909918355576,-0.0011412163230979377,0.02805244332196377,0.006750538228162795,0.015579793534630237,-0.002945242969007611,1.1102230246251565e-16,0.0001683997316286323,0.005553319325034778,0.031134724873571606,0.02301741642684646,0.002144226621704992,0.028244193441337995,-0.010323277416755594,0.00669398245034214,0.009391163304404815,0.02527319083263535,0.025458009487442146,0.02835887860372488,0.005302410424451454,0.01358345705143138
0.015555835263426632,0.05370181655203565,-0.03437288428462887,0.025119892396334054,0.01806090883534378,0.006625089296104447,0.008507335626425527,0.0,-0.009439572375705807,0.034526509468716826,-0.01691439139523182,0.03319426327705344,0.017149740026029425,0.00017457738126425149,0.07351220103585471,0.038786432250130454,-0.003867865372537138,0.027269430201786404,-0.010630991523757294,0.018633553484542653,0.010014500026030493,0.051065168487235635,-0.03045445936340241,0.01797282019906865,0.025239336476944152,0.021051094383893354,-0.006413138345886804,0.005203079557426105,0.01016907937135314,-0.02054939176164483,0.015484561953996945,-0.0009630959480219636,0.04289216194948137,0.011693495214709415,-0.0010532850166127816,0.010865941494143772,-0.032910556528685686,0.048760318315476836,0.029058125888039577,0.034840730812429666,0.020254550472945998,0.011095496029961516,0.04800120158408655,4.40445731242356e-06,-0.00016842934975064283,0.011482105842061885,0.02698405052725472,-0.024653582906869587,0.0,0.02568744934075795,0.0039919530523264135,0.01714237948099062,0.01795977417623207,-0.017726469462411854,-0.015291185658363349,0.004368827433816502,-1.1102230246251565e-16,0.011554025153575453,-0.022784234114258617,0.015317160852040212,0.03793928352245862,0.0,-7.1693084397472795e-06,-0.03356260649799103,0.01899628941164383,0.005449244230471106,0.020691700418688175,0.014146435890432185,-7.132161761996825e-05,0.02308505564638469,0.012357689585786147,0.00676024475063991,0.004067759111904323,-0.0004577309942679908,0.006396578459183955,0.005038301023329694
0.03122909109176658,0.007460498125247628,-0.047312253991643904,0.003942881270949328,-0.031621498671124015,-0.015806220097684398,-0.01550188822953541,-0.009439572375705807,0.0,0.02508416931961338,-0.02071082346047748,0.023081798376733575,0.0045795669644662085,-0.02412134826586082,0.0011386608954147004,0.036622483693350305,0.009720132633604883,-0.0007231037104343252,-0.04585534114036649,0.012832010059792287,0.006815446592767893,0.015156813762020827,0.0003859982334191159,0.039383587176432144,-0.006314202533988844,-0.010197259907352985,-0.029327555886073997,0.013674705596948111,-0.0060123647960428905,-0.0043023713468965386,0.024029431098066878,0.013552539225900773,-0.005736823216373421,0.023993448211469648,0.023930774525751652,0.006151303421255638,0.018001630618893094,0.00414380635697098,0.01868049303453978,-0.02380612814351485,-0.02212861430039892,-0.0045529959090174765,0.020388639076289627,0.028984342808115737,-0.015003384399521258,0.0,0.002836150177907504,0.014227609253165685,-0.005488725894208235,-0.001118879925945726,0.00500130259774878,0.015681495258622835,-0.00830008412266614,-0.00608061896189116,-0.09939038891211033,0.020181554731504014,-0.004594966874189865,0.002878261679061578,0.03243617947485655,0.0025720664737654553,0.0034839928602980463,5.551115123125783e-17,0.0,-0.024927002458081216,-0.0005276530009835079,0.014802458595691348,-0.0003978509477584047,-1.336617806124707e-05,0.0008447716050894449,-9.676457222662638e-05,0.002474001268088555,-0.00420873137090072,0.015252289918211481,0.02206687461644491,0.007064961878390452,0.0030899712345912045
0.01278847393402921,-0.012535926331654623,0.009390757962676466,0.07689815855876048,0.025161460629199994,0.02114162644601647,0.026196856158777204,0.034526509468716826,0.02508416931961338,0.0,0.020119940037271578,-0.009095395665436046,0.023241195864240505,0.09502920938745019,-0.026295732182581244,-0.019240176394997477,-0.03466677629327075,-0.027398560218761803,0.020567002089143083,-0.03406372540005925,0.015489264594356011,-0.03009331205744742,0.012696437573132435,0.021979704117403742,-0.02242690921850704,-0.00035637483538591974,-0.0018855862038429927,0.016369347289334313,-0.029193395654145415,-0.0039758591255182885,-0.011644882350684727,0.01757518549423498,0.021097351697783207,-0.018226789855504577,-0.05260508708733885,0.05160173774358484,0.02375566144089286,0.00597994644487404,-0.04054951828726805,0.010356251912634507,-0.019046155914946683,-0.020795564276311296,-0.01940790919659363,-0.01790668453845018,0.04023573868357633,0.04935579876603069,0.01836374204476826,-0.000629840804909132,-1.1102230246251565e-16,1.6653345369377348e-16,0.01482423689804191,0.012278650422677673,0.0007012337179075345,-0.001972552796233318,0.02716739230737414,-0.01300880763811918,0.020778638680438943,0.047439827272496626,0.0,0.0002801577812200362,0.0001110551816326244,0.011756134323290368,-0.0053651883388586286,6.966841750777331e-06,-0.0005745912383078866,-8.803211721752913e-05,0.010469664724553185,0.025118466675931206,0.024129541650557418,0.004338119922871142,0.005103709611741558,0.0236246003564633,-0.0378157541839369,0.006897295994563346,-1.1102230246251565e-16,0.02221193056931048
-0.000354711885043657,0.00030908125666478936,-0.056884381705287757,0.008859410043046634,-0.02808649611075159,0.010796747160512155,0.008027733070096854,-0.01691439139523182,-0.02071082346047748,0.020119940037271578,0.0,-0.006145133985262341,0.021494734453512854,0.012396623151001485,0.0,5.232854524361841e-06,0.005354615575715427,-0.004157601780403142,-0.0550324123035357,-2.404951271506306e-05,-0.0018169256773688525,0.0004406152644272354,-0.0068992643375701546,0.012535633306316019,0.010268937013882928,0.0020195906119097606,-0.04576136533001768,0.020724033897070948,-0.003972054162859118,-0.01196482226801926,0.020377429294590688,-0.002507229924221699,-0.010216757775506624,0.016233460546148437,0.008067311921832021,0.013707466642986332,0.022934525253660465,0.01085557746879201,0.019453698392315644,-0.0021622993561346004,0.02903740751192163,0.005783367711871712,0.02858497652999037,0.013288041975363818,-0.00651362936858102,0.0,5.551115123125783e-17,0.052007779019353606,4.220723464276599e-05,0.05286802406866081,0.01812982602762081,0.03782829482351008,0.017360762197550006,0.03143622158384929,-0.0018176717542146004,0.11232330691831355,-0.000499814079706562,0.025800524269331604,0.04021353087875246,0.00023865321364197056,0.0,0.0,0.0,-0.0015198160879608125,-0.01429609888815131,0.0,-0.01630925833810859,0.008996684511202724,0.0,0.0,-0.0034493147261860924,-0.007989233619080216,0.023293712735049765,0.022447097731603527,-0.00023991341788381915,0.012835834660142376
0.020655855214102348,-0.02232206303415457,-0.005658938370157018,-0.03174193070206033,0.01785123509112968,0.007268432551027992,0.04154660839869789,0.03319426327705344,0.023081798376733575,-0.009095395665436046,-0.006145133985262341,0.0,0.030107090542051296,-0.01591741793487239,0.056972203617037864,0.003384230072856209,-0.014597091220239888,-0.0032462953570472908,0.038438085270209255,0.007827593083398254,0.019171229626847863,0.026631646931279063,0.026532068547030885,0.013793623531243804,-0.026521192741856714,0.015675074680982226,-0.0031104696335571003,0.0113235842009205,-0.007814796375456068,-0.01026511898450111,0.00255905919832633,-0.01417037639675428,0.0004959905001059584,-0.009619749083341844,-0.04459592065710016,0.03821914183691011,-0.024408443070927155,0.001224378674313631,0.002061246548904716,0.0027651107412823284,-0.05400340393002012,-0.020557651055629955,0.0065760074101751664,-0.0009209506702005932,0.025100698183603276,0.04350997733161882,0.03181814313830389,-0.004104070961359396,0.0,-0.0002214728184783965,0.001355968307180322,-0.010245389113501202,0.0,-0.005424491633418238,0.020831977817104885,-0.0031998349162919437,0.01737013931527126,0.0008195753760437685,0.0,-5.341387677931797e-05,0.007359715566780556,0.013428372980708758,-0.0021572133133276328,0.0,0.007439441980207462,-5.322233661297915e-05,0.005406403050489339,0.0044092453160319844,0.012113727814897723,0.006662396416721561,0.003151105915161878,-0.019050643042917648,-0.011338083182613146,-0.008317079489681745,0.0,-0.014209499335406162
0.02776807985619889,0.008168305177750301,0.01944836164816416,0.06752707035817612,0.03745187860429611,0.004454110610729534,0.020900704150666083,0.017149740026029425,0.0045795669644662085,0.023241195864240505,0.021494734453512854,0.030107090542051296,0.0,0.012212508460985316,0.010859981272775321,0.028927465392701635,0.004934223458016529,0.00843793599906606,0.024777221079854084,0.0030451995989951297,0.028841037946819692,0.021230756083634672,0.014154007086251197,0.02785576417305391,0.019643560874672894,0.0015319586238114469,0.017128197510109966,0.020344344453332663,-0.008705848388722348,0.002463602386888808,0.02786288338701104,0.011753947851185331,0.012414498642699223,0.02245513901057572,0.014434370341250169,0.009711410543180476,0.015332889943097616,0.018699101575561206,-0.013383098456545617,0.033353360854012915,-0.07060431912651521,0.021826400477816477,0.019400706366400955,-0.009767213970154454,-0.008212426411631668,0.00796366947989846,0.005008255136154327,0.005945166934670509,0.0,0.007350405761596512,0.013614282467792505,0.021878456774403365,0.014709648488442473,0.010019250507483757,0.008323410251474761,0.019249912700025462,0.012856878116585924,0.022872367161264284,0.011037049543457245,0.021195004576730125,0.012687149306185752,1.70984266376073e-05,0.00657652052535268,-0.004070668803058508,0.019261877577314845,0.02223110823796104,-0.0025515942176124184,0.018548232763432315,0.0032440629212071026,0.010671305111001506,0.005611448721728085,0.016349093084150113,0.010953590389130241,0.018356757104256938,0.007761961866717626,0.004294409012573719
-0.0008160055494553231,0.0,-0.024715988411877776,-0.01013632959812294,0.0062717323986163365,0.005248224045672101,-0.00348603559928784,0.00017457738126425149,-0.02412134826586082,0.09502920938745019,0.012396623151001485,-0.01591741793487239,0.012212508460985316,0.0,-0.0021001203348476327,0.0,0.0,0.0,0.0041006734207222895,-0.0044207440087243866,-0.005982307463346992,-0.0035979209455980765,-0.008563164567649995,-0.03934669945183933,-4.120268940027705e-05,-0.008938586089868472,-0.019348453174039104,-0.010127444288609733,0.018440153373403934,-0.0001236511228906445,-0.008347737524758925,0.05813920322349492,-0.0005041306461228134,0.03787644588201483,0.009248712540007253,0.016694184926126676,0.0048995429457247,0.005998450536045419,-0.016172878613352093,0.0,-0.001055961515145698,0.0,-0.008383943897720902,0.0,0.0,0.0,0.0,-0.017360730263540847,0.0,-0.014864104104314324,0.01706718779290778,-0.0008490901869117051,0.06728918356772301,0.016429025294021127,0.0,0.06954710715740997,-0.00045509155755768527,-0.009629847112208156,0.013820938966601415,-5.551115123125783e-17,0.0,0.0,0.0,-0.001259363020248927,0.0006764548145793414,0.0,0.0,0.006278956032616745,0.0001535641987248093,0.0,0.0,0.013304483325006222,0.01384691763274526,0.006395540583118753,0.0,-5.551115123125783e-17
-0.022131508894656038,-0.023067637387175488,0.014997890272768544,0.00812162803188854,-0.005446884716403477,-0.016763566815026387,0.009427654726474388,0.07351220103585471,0.0011386608954147004,-0.026295732182581244,0.0,0.056972203617037864,0.010859981272775321,-0.0021001203348476327,0.0,-0.01927242376886673,-0.025623293747515652,-0.02340822745782145,0.0,-0.020963261435120117,-0.03988126837624689,-0.04005154198869204,-0.059661701614007134,-0.018368180162742775,-0.015190338818496463,-0.03539324282126244,-0.03908871681574072,-0.006517358034045684,-0.016840941030248358,0.014688823423797737,-0.020417334621323946,-0.02976211073981677,-0.016252961153188805,-0.028147203547925048,-0.03506039240445746,0.004095660115204347,0.012503883187862552,-0.016993675635615935,-0.005147896045222422,-0.025868301484171963,-0.002592175568333188,-0.00914211481430105,0.03469750586357312,5.489315868367761e-05,-0.00042284008407267315,-0.012770041347871575,-0.005802245718209698,-0.008324306795603531,0.0,0.0,0.003614750326253635,0.004091662189489698,0.010094792442867317,0.00483011865016314,0.028449245818147617,0.0,-0.003912343136241336,-0.0017290477171704732,0.0,-0.012653249098297181,-0.007112281619785332,-0.0002943076961385849,0.019549192827088113,0.0,0.0030040829655463286,-0.03764527774226395,-0.007058089956698876,0.00095661670883046,-0.01637007723103806,-0.006655930023173995,-0.021688105337804964,-0.001308074396649872,-0.012280684532344266,-0.008026714757440712,-0.015812921947375325,-0.00698434340505355
-0.022148567558535615,-0.01951642118164476,0.04553088571144659,0.0,0.03693563776632364,0.03336920279968314,0.03272044040099259,0.038786432250130454,0.036622483693350305,-0.019240176394997477,5.232854524361841e-06,0.003384230072856209,0.028927465392701635,0.0,-0.01927242376886673,0.0,-0.02167508729437162,-0.029021034819248503,-0.0008064607606972918,-0.043663232954569586,0.007031117420081889,-0.030794343092446164,0.023542950832457443,-0.009500831918082153,-0.017147565140267107,-0.025026029634738378,-0.005778913561434951,0.03433931691529912,-0.018123584255374414,0.015881725741153874,-0.02814245253826614,-0.025260933623654835,-0.012959373841606503,-0.022197633671439232,-0.04465186637611729,-0.021834582452642803,-0.006279764598458526,-0.016582494767352685,0.006388820807925744,-0.0035179429195553724,0.007798867729269798,0.02058044186668656,-0.00026175525023958146,0.0,0.0,-0.0006786216366728159,0.001539220347362702,0.0,0.0,0.0,0.00914788954353063,-0.0009575974078540606,-0.002795339462767499,0.0,-0.03836737719704758,0.0,-0.0004034734666860107,0.027295129026010945,0.0,-0.00287726506934477,0.0023282171046438704,0.026721083427618364,-0.003266317082093795,0.0,-0.008712212688232857,-0.017425492589899783,0.003434213912155426,0.008843401398836215,-0.006141558769599431,-0.006895991503008458,0.00032178464856402744,0.009507979695414337,0.02606307299424565,0.0009247193476312199,-0.00012694681073266434,0.004159890280908296
-0.016309597269175802,0.01161739480032592,-0.007290229502164347,-5.444140426813515e-05,0.0002502882753660507,0.009599360906591248,0.0036503731414359586,-0.003867865372537138,0.009720132633604883,-0.03466677629327075,0.005354615575715427,-0.014597091220239888,0.004934223458016529,0.0,-0.025623293747515652,-0.02167508729437162,0.0,-0.029222771868550212,0.021285676356337546,-0.025946330980313792,-3.473588866181876e-05,-0.025334367575134187,-0.0033346121443943444,0.007936396271825297,-0.043935699149590335,-0.020005133467887792,0.00044427502072103,0.004309719832260639,-0.02030931438688638,-0.013474002461875079,-0.03208541571063456,-0.032539592184932686,-0.0050815273045728415,-0.01637065750640393,-0.030162860085239995,-0.0014607150241134348,0.012149557916867726,-0.00036027285297296485,0.012598872509304082,0.0013036324620769868,0.028543217229719142,0.00476739770872503,0.0,0.0,0.05571295751666844,0.020903487170421953,0.020195644641917698,0.0,0.0,1.6653345369377348e-16,-0.00021478169924948887,-6.237148077220533e-05,0.0,0.0,0.015641182710925905,0.00011069263554719377,0.0146165324228969,-0.000859337264064397,0.0,0.0,0.0203020321062114,0.008179540383700279,-0.011562563111388091,0.0,-0.00014371836234489122,-5.551115123125783e-17,0.010612047459080454,0.0007943402755721252,0.015572311949516915,-0.0005425881428336443,0.0007671679488707728,0.0,-0.0010108165994061058,0.002599671579692986,0.0,0.024361230838885195
-0.02592429247955258,-0.044366999652933614,0.002588281079887511,0.0,0.0076727623072280204,0.02353727277954193,0.01805873879618619,0.027269430201786404,-0.0007231037104343252,-0.027398560218761803,-0.004157601780403142,-0.0032462953570472908,0.00843793599906606,0.0,-0.02340822745782145,-0.029021034819248503,-0.029222771868550212,0.0,0.011886562839221682,-0.021729338037294432,0.004461583514450251,-0.031138841734322242,0.014548317303737068,-0.0035769410057819306,-0.016455293998623055,-0.027015924655581114,-0.002788873782774315,0.014739819855360103,0.006824058119430154,-0.006369247924161381,-0.03842271568141781,-0.04035422033450292,-0.025908210005394783,-0.029161804928736546,-0.042029576060795215,0.002559740658962195,0.0,0.007007727389088836,-0.008252448399952983,-0.012343039433170333,-0.0062226644498381,0.0037159101345096146,5.551115123125783e-17,0.0,0.0003170185153572036,-0.0007434413590137745,-0.009688217693906265,0.0,0.0,0.0,0.0077427239788354085,-5.857325590641338e-05,-0.005438203522717899,0.0,0.011710402645833617,0.0,0.006705863412766799,-0.004301545276563179,0.0,0.005663831090034266,-0.011394682895203068,0.006289651023518916,-0.005859705545441074,0.0,-0.025584579562701992,0.011767958230325781,-0.00028809773759691515,0.019070057016263575,0.0037246303385858326,-0.004834632896335789,-0.003364538230176517,-0.013470915121479077,0.0013616703995998902,-0.002706190974278322,0.0,-0.0077603251622394565
0.0,0.016146867363254547,-0.060109232591093104,0.011569346999178276,-0.030692119508698268,-0.016969600897297432,0.012962363290612011,-0.010630991523757294,-0.04585534114036649,0.020567002089143083,-0.0550324123035357,0.038438085270209255,0.024777221079854084,0.0041006734207222895,0.0,-0.0008064607606972918,0.021285676356337546,0.011886562839221682,0.0,0.07158409566850304,0.006076668968507171,-0.00590907989003886,-0.06590068878724928,-0.009062353835751269,0.010091014482150884,0.0008393166143985664,-0.04394382170785466,0.028298788611767434,0.025412367091800503,0.012530666379691635,0.03630557007686985,0.013250546926246443,-0.017232742066719986,0.03061190875413522,0.027702257658603624,0.009580039965044751,0.004188160638292748,0.011727249555158192,0.037972400437438936,-0.011606702869044194,0.018594612337786143,-0.0018100859519030177,0.052403791198774974,5.551115123125783e-17,-1.6653345369377348e-16,0.0,5.551115123125783e-17,0.07210349639522018,0.0,0.0010277426686745583,0.013612382119183919,0.01593118477028821,0.002767180596445762,0.0009368417492786607,0.0006015873185735154,0.12489976909127648,0.0004013706852442067,0.018533632767728903,0.05234047952289811,-0.02456943419929919,0.0,0.0,0.0,0.0006711655018339924,0.02338721455225029,0.0,0.0058481234083854194,0.010244515301426116,0.0,0.0,-0.0031721432999654575,0.0059147451600506384,0.01343665431716301,0.03641471069325236,0.0009531207784747586,0.015036724345473651
-0.020754628005882958,-0.014255726777988531,0.02060591878964413,0.0003461261589657316,0.017819550600161438,-0.007253210246185804,0.007390659217522133,0.018633553484542653,0.012832010059792287,-0.03406372540005925,-2.404951271506306e-05,0.007827593083398254,0.0030451995989951297,-0.0044207440087243866,-0.020963261435120117,-0.043663232954569586,-0.025946330980313792,-0.021729338037294432,0.07158409566850304,0.0,-0.01638080006756426,-0.026838536966489746,0.00789128975136566,-0.03242372398297988,-0.009548212223119967,-0.03085224141879822,-0.014724919573297024,-0.007311469077490362,-0.035287789595204955,-0.020235525078418914,-0.009019465259265447,-0.013373936679194953,-0.02782713785650398,-0.003975689105582936,-0.011994143825195425,0.017347950896872244,-0.021710888042694887,-0.0064908901217104464,0.016222312442919384,-0.016283807449494536,0.021810426406963512,-0.005005769574249808,0.04698477159204967,0.00038870067447088763,0.009446370016563732,-0.00162935332198888,-0.015307811408820426,-0.007960971063562472,0.0,-0.01300734799305897,0.011093244562080773,0.014463573943307051,0.03952603434487756,0.012530805696529645,-0.018863294980019263,0.00987622890929385,0.018056124696444187,0.009274920083965243,0.0,0.004664488749714479,0.010155735348514439,0.020182688297399887,0.02246624513732609,-0.010217488785581208,0.01765912464396241,-0.0037134302756022253,0.0032438722564273603,0.020521008468733337,-0.0014785101122463118,0.00033770042517056176,-0.010954376421780876,0.010124725623340047,0.004553863084567178,0.002859610382703215,-0.0010963313421014087,0.012743121706709715
-0.019107939144511588,0.007595648415989864,0.013879571831637183,0.0002405292052369834,0.022752406415006476,-0.0007125534414590962,0.021817803436649408,0.010014500026030493,0.006815446592767893,0.015489264594356011,-0.0018169256773688525,0.019171229626847863,0.028841037946819692,-0.005982307463346992,-0.03988126837624689,0.007031117420081889,-3.473588866181876e-05,0.004461583514450251,0.006076668968507171,-0.01638080006756426,0.0,-0.03302868006794507,0.006282279728679729,-0.004182817735497557,0.002101509891338005,-0.01875518421303618,-0.010356112483327296,0.019058150579191913,0.009589272573028995,0.004374273254034833,0.006825977209120648,0.002427344629524597,0.023139344648136106,-0.010324330802098047,-0.038835351759112346,-0.09123171981317629,0.028494153816899903,0.012601893331520009,-0.007234285226818515,0.0024227103539462003,-0.009916398972591556,-0.006725033947387826,-0.023255192775489653,0.0,-0.0004524293437207505,-0.02705078269364397,-0.0038234410748281267,0.00039370100518298923,0.0,-7.542934440268878e-05,-0.021582945285523958,-0.00038798105909887415,-0.0024203033253427098,0.007226309428717714,-2.7853149442924607e-05,0.0,0.003150213874120733,-0.0032910935184777834,0.0,-0.015484825494995247,-0.005503223500744614,0.0,0.011690049213759768,0.0,-0.002519424698988859,-0.08741951217997312,-0.005326700105649729,0.0036094113672785477,-0.05019567615181991,0.0027890429089127977,-0.01962848518144611,-0.007284140068559597,-0.020187183852161894,-0.027510552722043724,-0.04108918286479235,-0.00046069145403193623
-0.02546327483752059,-0.040614682103364996,0.0005184054131661675,0.01679823396981628,0.012369399760872257,-0.00011914968034071327,0.016063841168686754,0.051065168487235635,0.015156813762020827,-0.03009331205744742,0.0004406152644272354,0.026631646931279063,0.021230756083634672,-0.0035979209455980765,-0.04005154198869204,-0.030794343092446164,-0.025334367575134187,-0.031138841734322242,-0.00590907989003886,-0.026838536966489746,-0.03302868006794507,0.0,-0.026165395641107203,-0.017016186228603458,-0.025605135278986613,-0.04348622282504572,-0.02492739823378176,0.016725885161805454,-0.029251642013010448,0.03055104330345587,-0.032233424509167385,-0.037983925332918556,-0.01663530830013471,-0.02745131247954291,-0.043794388495145664,0.0013491115760708716,-0.027637614005354083,-0.0342035217164256,0.0025309130488731513,-0.011465174220594232,0.00420679349614711,0.0013735213496953724,0.055158246649211595,0.0,0.006388519563492012,0.004894262702891394,0.004291849739713527,-0.008856418112099251,0.0,-0.0004016491288343915,0.004836668802232935,0.026879384459346234,0.014675464958289752,-0.002454546666259827,0.010468438095647348,0.0,-0.014870268149897947,0.009649403600472173,0.0,-0.013572542627493134,0.005068862493767257,0.012257799179754447,0.009326229989546853,-1.1102230246251565e-16,-0.005134816642723639,-0.015479549464184672,-0.001233862082386683,-0.0013984250773008688,-0.008365894504752891,1.7988454664052966e-05,-0.0043385321233851415,-0.00511910557403733,0.006045374131459391,-0.0049540555688133425,-0.003697511168853307,0.003322447900127423
0.014763463226021123,-0.006956333044344787,-0.05948178687957756,-0.0025561903821853527,0.019949251824741887,-0.016924641207210822,0.011872106403355231,-0.03045445936340241,0.0003859982334191159,0.012696437573132435,-0.0068992643375701546,0.026532068547030885,0.014154007086251197,-0.008563164567649995,-0.059661701614007134,0.023542950832457443,-0.0033346121443943444,0.014548317303737068,-0.06590068878724928,0.00789128975136566,0.006282279728679729,-0.026165395641107203,0.0,0.01648195314663886,-0.0023218144765074777,-0.0042281065479207736,-0.025398659563633796,0.0035726926446026375,0.00195111813820259,-0.016976402494723764,-0.003046507660621256,-0.007844048286398175,-0.003177891744007566,-0.0027003724518000483,-0.009951688068894737,-0.008805949361320287,-0.0027497807239091343,0.017566610208851197,0.0180256187713691,-0.007381056488337034,0.015181703106048716,-0.02822445225883241,0.03066370083372366,-0.00011582284932520892,0.017582349813680898,0.009242521062512443,0.005131717385352452,0.015788210315314855,-2.348496239584774e-05,0.015183056895015978,0.016426337240645128,0.023899943670836366,0.010515671300827534,-0.007948310183562568,0.006306542855591679,0.01913717127546133,-0.018651465057365202,0.017292715552871485,0.006536464014399002,0.0008015337498190056,0.0009467431786177594,-0.008532145742432218,0.0027280084823741446,0.009115627209283272,0.014013647979406796,-0.003292778325582446,0.0006807933283318746,0.020446969784993385,-0.00260928437843172,0.01293444224709056,0.0025374000857596446,0.013977785408246679,0.009627471143358046,0.001727441457964718,0.012152830185626518,0.004036430814166048
-0.00753104085516465,-0.008355150696535751,-0.018593267842820616,-0.032942002151527594,0.04081703214187421,0.01346265865617019,0.045653726449197796,0.01797282019906865,0.039383587176432144,0.021979704117403742,0.012535633306316019,0.013793623531243804,0.02785576417305391,-0.03934669945183933,-0.018368180162742775,-0.009500831918082153,0.007936396271825297,-0.0035769410057819306,-0.009062353835751269,-0.03242372398297988,-0.004182817735497557,-0.017016186228603458,0.01648195314663886,0.0,0.01692201955267647,-0.019454503620919883,0.022301598504404885,0.033899378373032196,-0.0015157165528033034,-0.01737318142641059,-0.004206207030599263,0.050641720028572645,0.025698923133603613,0.009749658998631783,0.015203367212570817,0.05492410284909205,-0.02869364220512058,0.05065246215509722,-0.009952675296119817,0.015101949134900983,0.03301850868879452,0.09875352811909921,-0.01980545750157625,-0.013576934687045822,0.029210211934336316,-0.006038693811013518,0.021878218065146005,5.0375995983231725e-05,0.0,0.0,0.01541202010398085,-0.0050972793765949875,0.00019435511082444012,0.0013049189739540168,0.02474706141881261,-0.0002283642803266872,0.020041663632631712,-0.012963803662629059,0.0,-0.0049217157160161285,0.011768110087741923,0.015923571777199497,0.01653457239962275,0.0,0.0011905447363751986,-0.025061140844111096,0.008084047107117798,0.00896823452299672,0.05386608077916999,0.021276234326944032,0.020449729573023823,-0.012501943421779127,0.03691173240283091,0.017336022231435932,0.0,0.016462498448785945
-0.014189395106316893,-0.021210113602539993,0.011427893782148757,0.0,0.02227182556131624,0.017334304775361853,0.018525678369684107,0.025239336476944152,-0.006314202533988844,-0.02242690921850704,0.010268937013882928,-0.026521192741856714,0.019643560874672894,-4.120268940027705e-05,-0.015190338818496463,-0.017147565140267107,-0.043935699149590335,-0.016455293998623055,0.010091014482150884,-0.009548212223119967,0.002101509891338005,-0.025605135278986613,-0.0023218144765074777,0.01692201955267647,0.0,-0.024006409453772526,-0.002525258659134,0.022002505070891354,0.021301225763770915,0.010245141521962431,-0.0132133161574704,-0.029325015141398125,-0.0033785136450774633,-0.012223160636854025,-0.028026184909402507,0.029896417293111655,-0.000409547250120712,0.009985810033322329,-0.007657154780918829,-0.01195577368991857,-0.005772685775031372,-0.005529680888709254,-3.814998175877271e-05,0.0,0.020644472217119125,0.004036293175271377,-0.004245481530771644,0.0,0.0,0.0,0.015056881408756217,-0.00766297816333944,0.005304213742716113,-4.969743139154881e-05,0.017198668578730147,0.0,0.0217313778704456,0.009363097422949829,0.0,-0.005230601103241916,-0.00553673946453076,0.007327204234228335,-0.008395954612964662,0.0,-0.011235015520930702,0.03888107443234584,0.0067862193543076765,0.01642270015317182,0.013779293368610945,-0.003424263765580804,-0.005065138542404923,0.0038604835936483783,0.024253143160999857,0.0007686133903994086,0.0,-0.008435490151395608
-0.040509467014519296,-0.048728977667467865,-0.002235589347012845,0.0008173293976680429,0.012187026499153486,-0.0037826098779686346,0.005065431362330952,0.021051094383893354,-0.010197259907352985,-0.00035637483538591974,0.0020195906119097606,0.015675074680982226,0.0015319586238114469,-0.008938586089868472,-0.03539324282126244,-0.025026029634738378,-0.020005133467887792,-0.027015924655581114,0.0008393166143985664,-0.03085224141879822,-0.01875518421303618,-0.04348622282504572,-0.0042281065479207736,-0.019454503620919883,-0.024006409453772526,0.0,-0.026421569367582665,0.0034756875965288314,-0.007036565438365949,-0.003836146916513128,-0.024826215158096965,-0.030742072307588797,-0.013504384056487517,-0.027328894845905782,-0.049216434180436475,-0.006055281419182379,-0.04257044395108561,0.0058121868465162985,-0.007021384103084949,-0.01535069127762334,2.1829649908655657e-05,0.008974697997964798,0.0001846784642789423,0.0,0.011474037096987577,-0.013774844475299197,-0.010860674450413166,0.010911933280683628,0.0,0.00016679830775584437,0.0021773463253046965,-0.0019227743424671817,0.009824446928772324,-0.0013792395062136031,0.008818319300294364,-5.104233720404361e-05,0.009508468420609706,-0.011329090922476193,0.0,-0.015696448695565857,-0.009261842754218486,0.0006475947373007496,-0.0073896290850242186,-5.551115123125783e-17,-0.009704003844918652,-0.0166590753170352,-0.0074548721537350815,-0.0010836864637370769,0.021043081046022705,-0.005069000709849503,-0.013844058414300697,-0.007937204747960114,-0.011436505056069746,-0.009593360799305173,-5.4609952422013386e-05,-0.011993141031948096
