0.0,-0.01930827159674342,-0.05370865000177838,0.0,0.00019219179492258043,-0.02435338877015375,-0.04839975227650867,0.01351249076458777,-0.017175078941681243,0.008455674756027931,-0.000515719671692727,0.005083488924446766,-0.05711007065434842,-0.015731802513471504,-0.0037972377376959687,-0.044966630076420044,-0.031242248895775593,-0.03815978780722035,0.0,-0.048331199131041835,0.0024349621179072245,-0.023916741678738085,0.0055766324719842,-0.0007717068107631619,-0.018623952343910954,0.0002070306016931367,-0.0114986571545041,-0.04562118048874558,-0.030153404111885163,-0.008609742562423806,-0.027563529957270738,-0.025329864391948453,-0.03025110083062854,-0.021618670725884415,-0.014063797128322508,-0.015081619422946946,0.0,-0.009286355871353458,-0.04048755224750583,-0.04042233953597185,-0.03405255160958359,-0.03701409103968467,0.0,0.0,-0.014877338535910278,-0.004734645681491012,-0.026788466084805562,0.0,0.0,0.0,-0.018623906958744163,0.0,-0.0005606270632804167,0.0,-0.04054242205169489,0.0,-0.0037474052480586106,-0.04311451975092939,0.0,-0.016470038597569014,-0.019984505957124865,-0.04821616895641756,-0.023459393994896327,0.0,-0.0844065098522736,0.04843048898363245,-0.036503076225765985,-0.018836435308938415,0.02779797020695718,-0.029963644978547366,-0.011296636953572525,-0.043713460482312894,-0.0004063578464583717,-0.0527116290677751,0.0,-0.032292095523034914
-0.01930827159674342,0.0,-0.007008846081706932,0.0,-0.05818955452039415,-0.016544525359062645,-0.049561301292402604,0.0026279638953185525,-0.03311319429956677,-0.01637196979850669,0.0007163120193452999,0.0041067505297425755,-0.04185296966217933,0.0,-0.016729938094663666,0.0048171889223528885,-0.0240976468137169,-0.0038686271052193466,-0.02366651892945687,-0.009521573139558814,-0.027523281234633934,0.016242627279617228,-0.013051469272549854,-0.03246861432318571,0.03927136636900708,0.018829668960105128,-0.014657812615023524,-0.01290208764404649,0.009446345564399383,-0.015310064339453922,-0.005352417368070905,-0.008347379444699765,-0.018876258581546235,-0.0024010378200011173,-0.002293709455778281,0.012921863562590674,-0.010260989360702633,-0.0003462031092433815,-0.037917291411475595,-0.027398833686727908,-0.030894072543846407,-0.04128806415402492,-0.026272284549214764,0.0,5.770271084098999e-05,-0.020044680300642992,-0.02929071774741654,-0.002173703238702973,0.0,-5.551115123125783e-17,-0.02991315261376498,-0.0466950230365385,-0.019070614295959243,-0.0046921334019895955,-0.04935409756431103,0.0,-0.05485429044729345,-0.04165317987395145,0.0,-0.03104353735611881,-0.024340432082485375,-0.06375059341775213,-0.02962511236165105,0.0,-0.051993595859545494,-0.03190710256243384,-0.033681604801061193,-0.029506464479285066,-0.033028063340865665,-0.03509171410317036,-0.02499149893546493,-0.0321494408532893,-0.0652531839245184,-0.04834336672050027,-0.018078044650561453,-0.02880143250749717
-0.05370865000177838,-0.007008846081706932,0.0,-0.05263799647691031,-0.02960786545888322,-0.025896519211542346,-0.07232710927489672,-0.039412766781523945,-0.02506215146251506,-0.08353434801713111,0.0021015580392545474,-0.01772939819170133,-0.08620970961829166,0.02508056853180085,-0.047052327034603214,-0.040836253020117896,-0.03127532354272705,-0.03785702228495502,0.021034698485777215,-0.01672253390568973,-0.052904549766786435,-0.05006993197558368,-0.04873419372802784,-0.026664452125419402,-0.04155834253984636,-0.025738171780605668,-0.010548240578646506,-0.08320867994178066,-0.06009300589255473,-0.0820723594415404,-0.09874409996859335,-0.0883395699270213,-0.03800597334849681,-0.08851824453036922,-0.06067307647305359,-0.05244771807762694,-0.07658006260491429,-0.02434127625378041,-0.038211443727269256,-0.012066965732418666,-0.047425801574981497,-0.027041671928692668,-0.04719239446706258,-0.005117647929065494,0.00016549781306662847,0.0,0.00572939176234466,-0.11211342480980174,-0.0002503025222472255,-0.029068723697760868,-0.028041607114702383,-0.04544573515602607,-0.04107093991737576,0.004847528146271096,0.0060608256499917745,0.05858713532523213,-0.004330337952353935,-0.061970374798881234,-0.05689468575078899,0.016613624379767766,0.00043892545215695744,0.0,0.0,0.13272134949598774,-0.010718282065422191,-0.08833889936861483,-0.06028463619868929,0.012689387653327056,0.0,0.0,-0.0429962817745162,-0.022816307459560425,-0.052807827479000646,-0.06340302754565402,-0.07579369486600623,-0.06255405107410972
0.0,0.0,-0.05263799647691031,0.0,0.003170616784911373,-0.07682110602596659,0.01718221553579391,0.02539258629827129,-0.06647140845267024,0.01066743589702085,0.007974378432549445,0.0015676901951989786,0.04231271112584867,0.029451756273144614,-0.007161905716226213,0.0,-0.00020769835639966594,0.0,-0.04129389506369141,-0.11588034148597953,0.00012929427004593208,-0.03197062302798526,0.009657478968493727,-0.03184541521836187,0.0,0.0018888955104314764,-0.06730404454975375,0.05960832022524715,-0.009289197054658194,0.0001774850025693664,0.08574051234415092,-0.02457685521414643,-0.03405353965420943,0.04199661403143512,-0.08290650516025022,0.05497920312217319,0.024864701411089568,-0.011394320434006067,0.0008507589852120856,0.0,-0.0006906533283296268,0.0,0.00022833544948464013,0.0,0.0,0.0,0.0,4.947718188569317e-05,0.0,0.0,4.8795915713883975e-05,0.0,0.0,-0.00011583245368179673,0.0,-0.0001185831929377823,0.0,8.719870783968631e-05,0.0,0.0,0.0,0.0,0.0,0.0,0.0,0.0,0.0,-0.047290203897365435,0.0,0.0,0.0,-0.00333248306275985,-0.00011353606127550986,-0.00044655172684365807,0.0,0.0
0.00019219179492258043,-0.05818955452039415,-0.02960786545888322,0.003170616784911373,0.0,-0.016623836304341777,7.031305336469007e-05,-0.055868722699286444,0.009894073855326091,-0.053251928634686585,-0.01210117964534263,-0.03938335872365695,-0.0182813610792118,-0.0009702227816722475,-0.047552435380885216,-0.04329449146830261,-0.03258259393955143,-0.03334270794342331,-0.022013768837055803,-0.05942855740597691,-0.07488541323265913,-0.06417591207916362,-0.056477905951736185,-0.06878691816326488,-0.06371271573132142,-0.049242621962205024,-0.03169528176626296,0.010142875853470956,-0.04865168636605799,-0.07391118566308807,-0.08136280293244846,-0.01307250163992657,-0.05405032630126588,-0.0811901799474764,-0.0683717862189604,-0.018451946109174555,-0.021790154039152465,-0.05611378641126524,-0.06607296595882767,-0.008637483060504214,-0.07930763365881027,-0.001934602682338915,-0.07646435823866898,-0.00012178832779086157,-0.010209921725912785,0.0,-0.01307391329343327,-0.05195080293784643,0.0,-0.07372734519979673,-0.056113612751758246,-0.07536850938244949,-0.05613153382234659,-0.06198370421103877,1.6629501797482682e-05,-0.032685973637663124,-0.0007000565822838367,-0.07443178178574184,-0.05065133198058097,-0.08909819224009075,0.00045902633025662887,0.0,0.0,-0.06698874146682593,-0.08974149716838792,0.0,-0.05694031613456335,-0.043526197303544345,0.0,0.00014939873648273094,-0.027490403777193972,-0.07362985587778403,-0.08727786192983611,-0.09211428011102729,-0.014639803867457446,-0.10386803675599149
-0.02435338877015375,-0.016544525359062645,-0.025896519211542346,-0.07682110602596659,-0.016623836304341777,0.0,-0.047016883146026256,-0.018564985262524702,0.0012964919863872604,-0.07049261880966284,-0.02268885411633559,-0.018041771608711732,-0.021938621573118988,-0.021402852965272223,-0.03276721741312677,-0.02483276728834044,-0.03073497049699403,-0.03976629753924482,-0.022375692470066655,-0.015090308506739147,-0.043985039373063306,-0.015440726205123767,-0.02308881998363499,0.0236628655795027,-0.021497540961008033,-0.020602562443284955,0.010572636130566138,-0.012039409294836989,0.025794143342421083,-0.03900100873824963,-0.06669577415360273,-0.06177764746730191,-0.044349437287199756,-0.05982931841990119,-0.0509964412438868,-0.06264769002245868,-0.05572013099106121,-0.06247381529900098,-0.03821490848981968,-0.031162729186394345,-0.057837553350411575,-0.061554706242505475,-0.05220517278220649,-0.020237655809553667,-0.0036658798699681916,-0.025750349089711022,-0.035227989515712654,-0.02826385742522841,0.0,-0.05106752994816938,-0.030163926923279127,-0.0471726302466276,-0.019868025938612865,-0.040402389176427855,-0.05570209666857573,-0.038948171182470404,-0.021480077248853813,-0.046948669485228856,-0.04233262996631543,-0.04543419176808178,-0.03207187136299028,5.551115123125783e-17,-0.0237685843640692,-0.05130564568218893,-0.06287792636845874,-0.028273576017351754,-0.05104484076064908,-0.01132575433673566,0.0,-0.042693217325830424,-0.03480260916980732,-0.036746574545014676,-0.04842953374110187,-0.052668236567879834,-0.04716367030720031,-0.050559904103718634
-0.04839975227650867,-0.049561301292402604,-0.07232710927489672,0.01718221553579391,7.031305336469007e-05,-0.047016883146026256,0.0,-0.06607170562470494,-0.02989224214112457,-0.016210579056101238,-0.06522234381804248,-0.005659773666469636,0.007997258711922861,-0.009692120724611841,-0.07685033412682202,-0.04362156181613891,-0.042121224921091605,-0.06000831943149193,-0.07062555900618056,-0.061303994260420935,-0.08058361962572247,-0.0630267688012357,-0.07153373010569802,0.020657343922000915,-0.0494138726849207,-0.046031339110712444,-0.05833622368236596,0.028423398045826664,-0.044253648905674736,-0.039138414890325324,-0.023648476968540555,-0.0217697001794247,-0.03877596598985539,-0.020460185834511924,-0.006209836120577572,-0.014564884107413079,0.0149432255659665,-0.015963504285169128,-0.06436781181821866,-0.031656901470986376,-0.07697425306598826,-0.038600744041634494,-0.0794748763706038,-0.0009127835254673089,-0.0004068839089714782,3.585515441051346e-05,-0.06288751767418804,-0.054739171158675326,0.0,-0.07326901341903475,-0.06380192791562261,-0.07273210491581705,-0.05567415098634443,-0.05990670147379873,-0.01369010639475604,-0.04732426664146744,0.006595850647134638,-0.07472047274811405,-0.04205016429201308,-0.07934873126636849,-0.06177821003140921,1.1102230246251565e-16,0.0004325424887757223,-0.07100836085981227,-0.07312154457974096,-0.049819413918998856,-0.06451184031866519,-0.0520016211701021,-0.008310853596911028,-0.06714862959601131,-0.05011853201433675,-0.06950416088080724,-0.07621267938416071,-0.07276426101222827,-0.07852592523814322,-0.0856007000265886
0.01351249076458777,0.0026279638953185525,-0.039412766781523945,0.02539258629827129,-0.055868722699286444,-0.018564985262524702,-0.06607170562470494,0.0,-0.054532635346502434,-0.01886971859459724,-0.02670228174950018,-0.022209923435408563,-0.06712598632132166,0.0177771846554457,0.05690227544784987,-0.004524029860573431,-0.01689283690761112,-0.01011141262543841,-0.02110344125849195,-0.023768489198587095,0.011370168681200277,-0.003509687748448953,0.004656414071353976,0.027127039903153127,0.0097409642608966,0.01089350126840477,-0.01706713902284862,-0.046412072925137604,-0.02217188007623372,-0.03891324847977434,-0.054335286149525264,-0.031677448843301426,-0.01498908708325758,-0.053521449146126776,-0.06264389213225136,0.0036020293299597883,-9.36913712282772e-05,-0.06501090161079554,-0.060864245504056835,-0.05798514315188463,-0.03223650985865545,-0.03314101867118957,-0.036688202191274444,1.131305204105093e-05,-0.00021296070396042976,0.07365233438741303,0.009265843678139707,-0.03640889811361775,0.0,-0.046139075761424786,-0.035726751888646435,-0.056929332940415966,0.0008041488082081161,-0.021036893209589347,-0.007159805830374788,0.013518959543823483,-1.1102230246251565e-16,-0.05951454368916592,-0.019684405685306328,-0.024932299869883212,0.009302230832772873,0.0,-6.234976143604243e-06,0.0038616521134761106,-0.054690947599190465,-0.016121689293837616,-0.03914853048060407,0.0008355274672741664,-0.0006759917164191886,-0.011406276803129611,-0.00046833462103923473,-0.049746287481100826,-0.05964680951987972,-0.06468376991459057,-0.09614043976453313,-0.06069020687656207
-0.017175078941681243,-0.03311319429956677,-0.02506215146251506,-0.06647140845267024,0.009894073855326091,0.0012964919863872604,-0.02989224214112457,-0.054532635346502434,0.0,-0.08570128405400362,0.014053624666280129,-0.06367995341445998,-0.04398215805955269,-0.04059138966318948,-0.05621065086857202,-0.04255974990458228,-0.04721209844061691,-0.08763804655595125,0.029751399096833553,-0.04124537924129401,-0.06479024495656593,-0.03447458823266891,-0.051744262849925726,-0.0695990590820022,-0.06244865630497398,-0.05581973450332567,-0.02176639826342014,-0.07991097418146825,-0.045515752343326,-0.07730941434472388,-0.09783930286558196,-0.06843022885620392,-0.08363390991555214,-0.08603649272179259,-0.06665552979500555,-0.06760436033156247,-0.06189432363520786,-0.07270701406485597,-0.060769698271148254,-0.015086635204388132,-0.06678385164652434,-0.05684810592204215,-0.07653120378834033,-0.013352110046349785,-0.018124759425723114,0.0,-0.0561936636869349,-0.06702345931589992,-0.004443569443650264,-0.05614193810475887,-0.04483667574236572,-0.053067414054955464,-0.05783797493060078,-0.04859206335104943,-0.01454724181958933,-0.01595011618237646,-0.014223768589987695,-0.06732861856914618,-0.03834464664539672,-0.06566959060497318,-0.02445336258563574,5.551115123125783e-17,0.0,-0.0568570980533864,-0.08391309824440563,-0.04712408248466987,-0.0657044449300333,-0.03171837833950619,0.001116750076061046,-0.0025382755689023484,-0.04368515438730064,-0.06014849361303809,-0.06798841778278053,-0.06988455681631273,-0.05230928405991403,-0.056295015655956626
0.008455674756027931,-0.01637196979850669,-0.08353434801713111,0.01066743589702085,-0.053251928634686585,-0.07049261880966284,-0.016210579056101238,-0.01886971859459724,-0.08570128405400362,0.0,-0.09189659025294344,0.0026068353129927724,-0.02549934432944745,-0.04541329199079974,-0.039521736381258166,-0.0055447972047178995,-0.0033666362143803252,0.0022157453518302783,-0.0861320409176417,-0.018206989822222797,-0.01083691438936335,0.004055403319914719,-0.06832930761647771,0.0064280356335232325,-0.003620374174599539,0.02282490631249473,-0.05530901760476581,0.01940578514047564,-0.022495755623113345,-0.007650003759855362,0.001729140588632494,0.030236296054263645,-0.026513882806042055,-0.009632650209041638,0.011186369755093128,-0.02354475961921948,0.027817845924919593,0.002551432755857397,0.037383017595480794,-0.07435248128106242,-0.011876964002520585,0.005254295079916649,0.013537473387787213,0.0196964230529052,-0.034561786369758485,-0.027191399336299826,-0.04631404286300267,-0.03446246956000909,-1.1102230246251565e-16,1.6653345369377348e-16,-0.06339072063536222,0.0029801890384508756,0.0008532326340202623,-0.07577292611661468,-0.06353216404764683,-0.00205153133133823,-0.05039129681743015,-0.04447548156686276,0.0,2.437296772322961e-05,-0.07163452654955726,-0.05951189522446987,-0.05260577383080006,1.7894654823324974e-05,-0.02643067883139627,-0.00022611455912219247,-0.08656287857196926,-0.06060385335044183,-0.021704976976956836,-0.051521567572578475,-0.04519440938085345,-0.06075126760428412,-0.054969862818447845,-0.052144322916346963,-1.1102230246251565e-16,-0.052614273855283444
-0.000515719671692727,0.0007163120193452999,0.0021015580392545474,0.007974378432549445,-0.01210117964534263,-0.02268885411633559,-0.06522234381804248,-0.02670228174950018,0.014053624666280129,-0.09189659025294344,0.0,-0.0679833127739724,-0.08776569490554603,-0.014467584912522535,0.0,1.3440828541877448e-05,-0.0351987442581011,-0.041965844427349575,0.00029216877156457155,-6.177228421333503e-05,-0.01916108288055729,-0.022259464782519556,-0.057458615624720016,-0.08708115999717447,-0.03543480892480866,-0.03506914729548455,-0.01703527877466704,-0.08730514325335681,-0.038372166978795974,-0.05292713305906538,-0.11274459558849848,-0.03374024056157898,-0.07113002717311284,-0.09651731119889417,-0.07484055942811929,-0.019395670493728145,-0.018918868174957915,-0.09131894788777861,-0.05194485208614441,-0.008088775247856228,-0.03244099448919879,-0.010449637995240568,-0.04732119840483984,-0.0010589715973116642,-0.005627824478643184,0.0,5.551115123125783e-17,0.06560625938589448,0.00010841123165800104,0.0039176295207362655,-0.012507366708556789,-0.013597836458156265,-0.027636714905992843,0.025080388557536637,-0.013408465818508963,0.057158736902041374,-0.017317859533500346,-0.05735795959080392,-0.0335064839125675,-0.06645494624743487,0.0,0.0,0.0,0.09871650975543,-0.01167762298605396,0.0,-0.014471606972569273,0.021055392244161086,0.0,0.0,-0.0028360876877245866,-0.007634264506714117,-0.060307612674309174,-0.13042594155608866,0.00015674380996771875,-0.07827703919774487
0.005083488924446766,0.0041067505297425755,-0.01772939819170133,0.0015676901951989786,-0.03938335872365695,-0.018041771608711732,-0.005659773666469636,-0.022209923435408563,-0.06367995341445998,0.0026068353129927724,-0.0679833127739724,0.0,-0.021228735180301828,-0.0433104933100289,-0.02967972968293131,-0.02332638902235573,-0.011086968733994174,-0.004607193329623505,-0.03265713476138837,-0.010970932507764597,0.022037881729802367,-0.019528725445594974,-0.030987488016332554,-0.0019356188748204106,-0.01095669353520451,0.021283481095512424,-0.050564296714881884,0.02247367985466292,-0.016227690619114388,-0.018602355410900995,-0.013144009925180555,0.06722774899718936,-0.005039566387080696,0.011656379213005497,0.01202821153767697,0.017087628392685128,0.06026303139246658,0.013730065161355831,0.07365687995622466,-0.06909015621637099,0.016725477464717142,0.04584367761979413,0.021192070920567463,-0.011287874767613004,-0.02029948218725003,-0.010954636597357903,-0.068063007743221,-0.0035257434258287867,0.0,-0.00023153402100806186,-0.0032867311216721595,-9.65530357207034e-05,0.0,-0.005725075588220274,-0.053575616116888214,-0.010899143417554491,-0.03408715322143441,-0.021087698741033112,0.0,-0.00259337808787119,-0.021322202886170205,-0.04693107350175518,-0.047693525124550495,0.0,0.0043398665435084305,-0.00013670402983667618,-0.02615278042245145,-0.03458968534179213,-0.00012252646389143695,-0.0432354599654135,-0.03688564895974744,-0.01936427122266632,-0.019475872810604755,0.010912472891326741,0.0,-0.04621974815392177
-0.05711007065434842,-0.04185296966217933,-0.08620970961829166,0.04231271112584867,-0.0182813610792118,-0.021938621573118988,0.007997258711922861,-0.06712598632132166,-0.04398215805955269,-0.02549934432944745,-0.08776569490554603,-0.021228735180301828,0.0,-0.023045307700665596,-0.06717885348902752,-0.037360863376199926,-0.03596078869666647,-0.04823075594489862,-0.0868475039986702,-0.04424060795876028,-0.06812229061716524,-0.05003949930867385,-0.06665038417602082,-0.02931308659337528,-0.04175089787546343,-0.040745766333599165,-0.05167134048324906,0.017933419048326682,-0.017614130170193865,0.001111459597434361,-0.028837437288978807,-0.03579416606730779,-0.05655196091964504,-0.03814680796725933,-0.027529454130030273,-0.03264602281243828,-0.020720796251398554,-0.026649588385612488,-0.06040586710565121,-0.03374855176790609,-0.08233827748297234,-0.07772465814791163,-0.08067842269406222,-0.017991909309191867,-0.0009157657101297456,-0.013867816053545645,-0.05004178848343066,-0.06571599490308921,0.0,-0.08417437749530493,-0.06588479490646937,-0.06854380789782621,-0.05310740260686164,-0.06020957104515823,-0.014712613875560998,-0.059546865204350985,-0.014436924963742104,-0.07558149474409515,-0.050963849629974856,-0.06766799943881219,-0.04557791301581843,0.0006335666920048166,-0.03276931202651939,-0.07719305608897359,-0.06682533317298006,-0.08496036437671367,-0.06173380029262865,-0.05994266622123473,-0.0018459416108517201,-0.06915647730075453,-0.051066968685323844,-0.06683457453899577,-0.07607418671072624,-0.07171208164942783,-0.07924961453651408,-0.08102216741402501
-0.015731802513471504,0.0,0.02508056853180085,0.029451756273144614,-0.0009702227816722475,-0.021402852965272223,-0.009692120724611841,0.0177771846554457,-0.04059138966318948,-0.04541329199079974,-0.014467584912522535,-0.0433104933100289,-0.023045307700665596,0.0,-0.0017380772990455151,0.0,0.0,0.0,-0.016846860124411334,-0.0001176164550875658,-0.005371837026574178,-0.002262424348317249,0.007962367469142195,0.009757089941293207,-0.0001058310108044136,0.0009486237516188045,-0.016596525341212476,0.02420873050727318,-0.0613781595394417,-6.953817006299934e-05,-0.0754628821174923,-0.0074483531631915345,-0.003119082444732857,-0.06944192331964405,-0.07772521591354387,-0.010044727627766148,0.01569149721454452,-0.03391431930185801,-0.03223215041289018,0.0,-0.0012507952823785917,0.0,-0.031954199107946835,0.0,0.0,0.0,0.0,-0.01800784830540414,0.0,-0.03793888170284976,-0.03532360349135655,-0.06204867850359119,-0.02710629490640043,-0.02254148622539731,0.0,-0.008535470664427058,-0.0004539989301471925,-0.08204525108964739,-0.018571500464971913,-5.551115123125783e-17,0.0,0.0,0.0,-0.048162364834239635,0.0004920521349478513,0.0,0.0,0.009989854567478584,0.00039443673728511985,0.0,0.0,-0.07721788929158707,-0.07866093370869226,-0.0958881915418372,0.0,-5.551115123125783e-17
-0.0037972377376959687,-0.016729938094663666,-0.047052327034603214,-0.007161905716226213,-0.047552435380885216,-0.03276721741312677,-0.07685033412682202,0.05690227544784987,-0.05621065086857202,-0.039521736381258166,0.0,-0.02967972968293131,-0.06717885348902752,-0.0017380772990455151,0.0,-0.021872296813247427,-0.04380535731896318,-0.03320163216742772,0.0,-0.04027077797554035,0.0034020926604161894,0.03134016836241893,-0.02664763858335467,-0.020573898445007954,-0.024587198009925704,0.0431562889137761,-0.0051097461376273245,-0.03995565301944132,-0.04153177559911386,-0.07987130999162645,-0.03400097049456369,-0.03940958749896678,-0.029567149625524314,-0.04189003051163637,-0.049682567894545004,-0.09116190727466672,-0.07354881406023611,-0.006218761568842046,-0.03881051455665291,-0.017357898557508022,-0.03809078405374533,-0.03926685672387292,-0.06109018620995005,0.0003789737226590484,0.00631375479947327,0.0034331466701069124,-0.024525553107067333,-0.01644517446795668,0.0,0.0,-0.04208578485625891,-0.05921116632975765,-0.036811578691763325,-0.03887712156651252,-0.00010689965729504536,0.0,-0.0029132121211795647,-0.06271686432945689,0.0,-0.010934050444364352,-0.017689395098463512,-0.00019810997572605737,-0.04086802379363563,0.0,-0.048504456879565616,-0.002194799743852005,-0.0286248363954274,-0.036228425061931524,-0.016354441570610556,-0.04191324585230771,-0.007457313473970384,-0.04918165006338243,-0.07534114035987571,-0.05850013771389284,-0.09211599691058525,-0.03729149636589835
-0.044966630076420044,0.0048171889223528885,-0.040836253020117896,0.0,-0.04329449146830261,-0.02483276728834044,-0.04362156181613891,-0.004524029860573431,-0.04255974990458228,-0.0055447972047178995,1.3440828541877448e-05,-0.02332638902235573,-0.037360863376199926,0.0,-0.021872296813247427,0.0,0.00445945514114543,0.018918198497823335,-0.0006911507264935612,0.01016424068176508,-0.030861794355033723,0.028806304835321428,-0.02599429691091293,-0.041882588595019477,-0.008753812585264142,-0.01361309285072626,-0.028175963622177336,-0.012884533794185082,0.014317396700401441,-0.0058966750736006435,0.0013818792771149724,-0.003930286752096279,0.002853184996843061,0.005362511130441672,0.006113473327418684,0.03489809345445816,-0.011067657087322047,0.021545591884558846,-0.04425338286584002,-0.04629042911976278,-0.04494789869634269,-0.04336992927040051,-0.01290946595867215,0.0,0.0,-0.035988110301058474,-0.03517350561750582,0.0,0.0,0.0,-0.0415140154766952,-0.05325112218389605,-0.015310538274516172,0.0,-0.07829498338849805,0.0,-0.0321333324855399,-0.053578019459064485,0.0,-0.020613085701558564,-0.03380380641126712,-0.07608904718026321,-0.04897972684659713,0.0,-0.061570859256850796,-0.0330966909956249,-0.03391003603438503,-0.039169464418539024,-0.047974305063049894,-0.04919135249053547,-0.03139025452715499,-0.03526738583396627,-0.08807384696207438,-0.053824104149517715,-0.00011710736983405745,-0.03934841409390799
-0.031242248895775593,-0.0240976468137169,-0.03127532354272705,-0.00020769835639966594,-0.03258259393955143,-0.03073497049699403,-0.042121224921091605,-0.01689283690761112,-0.04721209844061691,-0.0033666362143803252,-0.0351987442581011,-0.011086968733994174,-0.03596078869666647,0.0,-0.04380535731896318,0.00445945514114543,0.0,0.02857477440434225,-0.027883047572066166,-0.02224297906800704,-0.03223345764643404,-0.013112389740978891,-0.029390412575617142,-0.01922834687905134,0.015672327886917248,0.0028673506669963933,-0.03725376670739183,-0.01708363716940553,-0.02059448749553916,-0.008845225610170537,-0.004741765096259898,-0.0064715184412849625,-0.02857511227057208,-0.015712478070509572,0.014748771530837701,-0.015176244460280985,0.003386077998151882,-0.030409761769411237,-0.041133054077408526,-0.07246902542686984,-0.053571818150549344,-0.029798699135534124,0.0,0.0,-0.07372676534466494,-0.0382008886598188,-0.06910442308908926,0.0,0.0,1.6653345369377348e-16,-9.834474062531129e-05,-0.00016020402919242338,0.0,0.0,-0.06774838793373872,0.000284319147101586,-0.05303068772774533,-0.015139044263541013,0.0,0.0,-0.05117414990183983,-0.058605978203493,-0.054159566486609245,0.0,-0.00020459544530632146,-5.551115123125783e-17,-0.04915202499222915,0.0013798910289931632,-0.02704612656420896,-0.047467578913468145,-0.04148417275313282,0.0,-0.03975073854296324,-0.01911050501508077,0.0,-0.06106954837088574
-0.03815978780722035,-0.0038686271052193466,-0.03785702228495502,0.0,-0.03334270794342331,-0.03976629753924482,-0.06000831943149193,-0.01011141262543841,-0.08763804655595125,0.0022157453518302783,-0.041965844427349575,-0.004607193329623505,-0.04823075594489862,0.0,-0.03320163216742772,0.018918198497823335,0.02857477440434225,0.0,-0.042744829106681814,-0.03212826371970984,-0.029233921049976463,-0.018481409382701264,-0.02185249839809711,-0.027999369606970026,0.01399437522560426,-0.005898969773289187,-0.043158025484073825,-0.031313833902800736,-0.023604454579984835,-0.026615646505185275,-0.01548573737929948,-0.011711639140038033,-0.026622937690369053,-0.012690699894133406,0.0028155376717190483,-0.009379854596140269,0.0,-0.02500926188740632,-0.04632201877762271,-0.051554622740836054,-0.04865920975254562,-0.04518775832525673,5.551115123125783e-17,0.0,-0.024558216884359108,-0.044488962522126974,-0.04895340144821453,0.0,0.0,0.0,-0.0680443111733176,-0.0001504481131912594,-0.0168718719268397,0.0,-0.07125554545293256,0.0,-0.05649332390175166,-0.04431526948606834,0.0,-0.04700981531909759,-0.04358558468902923,-0.06822258218390981,-0.055263561389125915,0.0,-0.05722242196571342,-0.02305182710653131,-0.04499318033287991,-0.035649176160332585,-0.04180323178149514,-0.04996744549859489,-0.04424839340866349,-0.008882811173095084,-0.06251383589528081,-0.06358393455048894,0.0,-0.05177586190571759
0.0,-0.02366651892945687,0.021034698485777215,-0.04129389506369141,-0.022013768837055803,-0.022375692470066655,-0.07062555900618056,-0.02110344125849195,0.029751399096833553,-0.0861320409176417,0.00029216877156457155,-0.03265713476138837,-0.0868475039986702,-0.016846860124411334,0.0,-0.0006911507264935612,-0.027883047572066166,-0.042744829106681814,0.0,-0.04607807674581821,-0.025516628218455906,-0.0601885158122023,-0.02089198611324944,-0.019876945791590994,-0.04369511070685611,-0.040311029539975674,0.006877574596942382,-0.08615303069940727,-0.08277166160674826,-0.08802414193110242,-0.10389204585980305,-0.06065464893364558,-0.057668582112404665,-0.08783478323488864,-0.06710863015596197,-0.045791020716666186,-0.0638481369321045,-0.03291237920346868,-0.027978106979618222,-0.009126305342566365,-0.0403873454907388,-0.0008856545188876686,-0.06259340452635914,5.551115123125783e-17,-1.6653345369377348e-16,0.0,5.551115123125783e-17,-0.19860874777485438,0.0,-0.026814353656133272,-0.04204445421152975,-0.027945729756882365,-0.025272075097827085,-0.04482455170641769,0.00031067145070595714,0.07451579675303438,0.0010309391436565396,-0.04757849893485111,-0.03694953972093529,6.901530512165577e-05,0.0,0.0,0.0,0.009841122014450088,-0.03033767684267663,0.0,-0.007240626127091365,0.0120124283639923,0.0,0.0,-0.0013869301765306319,-0.05173310916790552,-0.052590240139780975,-0.0602376837345181,0.0012485212723697403,-0.033513765133843076
-0.048331199131041835,-0.009521573139558814,-0.01672253390568973,-0.11588034148597953,-0.05942855740597691,-0.015090308506739147,-0.061303994260420935,-0.023768489198587095,-0.04124537924129401,-0.018206989822222797,-6.177228421333503e-05,-0.010970932507764597,-0.04424060795876028,-0.0001176164550875658,-0.04027077797554035,0.01016424068176508,-0.02224297906800704,-0.03212826371970984,-0.04607807674581821,0.0,-0.04091073452723204,0.021527762224059166,-0.024933138083179984,-0.02133476647593019,-0.021837082126700713,-0.0103537969830374,0.009210370335658746,0.0014043130630483902,0.028261329903262633,0.026825329552001398,-0.01026752957139232,-0.03861185183488536,-0.05122840411633606,-0.030149556378193387,-0.044619514777781144,-0.06256210665126066,-0.07216658394775471,0.013837108945291388,-0.0660003310304163,-0.054878783122253916,-0.07716944466560066,-0.0640167968111911,-0.08940988519952675,0.0006501036572550412,-0.0028252484831443048,-0.03237603563865016,-0.04815131715619536,-0.04657099152959049,0.0,-0.002682691534817705,-0.07007473753787458,-0.0700732683109932,-0.05134461241714239,-0.07146391780040162,0.0016693569396791785,-0.021982482630137135,-0.013026913288229636,-0.07341214585744654,0.0,-0.05108538339435137,-0.04548601470981056,-0.003276983365140429,-0.05425477760473235,-0.008133873823851723,-0.06402658140160006,-0.05158438937396059,-0.047697493069300156,-0.06050889640734147,-0.0015772147391039382,-0.05152594803841731,-0.04246521580223234,-0.06305803758814027,-0.07957519152637826,-0.07325151022777276,-0.08351436057994843,-0.07201290734226418
0.0024349621179072245,-0.027523281234633934,-0.052904549766786435,0.00012929427004593208,-0.07488541323265913,-0.043985039373063306,-0.08058361962572247,0.011370168681200277,-0.06479024495656593,-0.01083691438936335,-0.01916108288055729,0.022037881729802367,-0.06812229061716524,-0.005371837026574178,0.0034020926604161894,-0.030861794355033723,-0.03223345764643404,-0.029233921049976463,-0.025516628218455906,-0.04091073452723204,0.0,-0.03021215980371439,-0.009635487745497162,0.01919076496688049,-0.014461062952986048,-0.000864438293691816,-0.027657644077561938,-0.042703056028923325,-0.03332701382056097,-0.03077312489850903,-0.042335160937143734,-0.042169953375299996,-0.04271113222115647,-0.043443450182679255,-0.059239312358233986,-0.06097871561505852,-0.06264633752336202,-0.03437750159937969,-0.05827174773877575,-0.04355056127943546,-0.05365979910935775,-0.06244251187886779,-0.03017196909993658,0.0,-0.00031429717136183255,0.06180965279297912,-0.024524192768669795,0.001011239216170301,0.0,-0.00019374375504721542,-0.03895882015214519,-0.05195193095053874,-0.0008349887463623418,-0.032333878203057886,-7.154210083232249e-05,0.0,-0.002011913407664767,-0.055374596018940625,0.0,-0.026253437688984194,-0.02121703693453425,0.0,-0.029346497944347794,0.0,-0.04956903296890797,-0.014853126225168545,-0.045944307166089327,-0.022967913711752663,-0.008416005797739823,-0.03569658716382457,-0.01427949966507075,-0.03178057325449768,-0.06427696514275527,-0.06332467590836033,-0.06971722715339573,-0.05801916791666489
-0.023916741678738085,0.016242627279617228,-0.05006993197558368,-0.03197062302798526,-0.06417591207916362,-0.015440726205123767,-0.0630267688012357,-0.003509687748448953,-0.03447458823266891,0.004055403319914719,-0.022259464782519556,-0.019528725445594974,-0.05003949930867385,-0.002262424348317249,0.03134016836241893,0.028806304835321428,-0.013112389740978891,-0.018481409382701264,-0.0601885158122023,0.021527762224059166,-0.03021215980371439,0.0,-0.03310147423557658,-0.012042988368075547,-0.00941385490655966,0.016697998881480935,-0.009259622765595055,-0.00548959455229342,0.019756404709847297,0.010008612309175158,0.015594033633887838,-0.022121248960673634,-0.001236430156565882,-0.004748558182538831,-0.022221256792298638,-0.02711089423895796,-0.0432002051231532,0.02317580024953142,-0.04054741775834675,-0.023019075924540278,-0.03540815417425475,-0.03640777768149206,-0.027516390211818564,0.0,-0.011239102248161548,-0.03229105504093488,-0.032444367808018626,-0.06004970767410034,0.0,-0.0004540261465135198,-0.03894444322819052,-0.04332652283272698,-0.03467679113786892,-0.047528204222784254,-0.030092271594856113,0.0,-0.018437009440557928,-0.04598301739238975,0.0,-0.020755203356881358,-0.02032738112823812,-0.06415981756213468,-0.04144821200426846,-1.1102230246251565e-16,-0.051146479100063424,-0.032025605040987726,-0.029465704102301427,-0.04099034993833711,-0.013504702589322903,-0.04235721659046837,-0.023276847226075537,-0.04396972390515225,-0.057158130909948535,-0.05373803892053508,-0.08090175098631058,-0.033872962076206214
0.0055766324719842,-0.013051469272549854,-0.04873419372802784,0.009657478968493727,-0.056477905951736185,-0.02308881998363499,-0.07153373010569802,0.004656414071353976,-0.051744262849925726,-0.06832930761647771,-0.057458615624720016,-0.030987488016332554,-0.06665038417602082,0.007962367469142195,-0.02664763858335467,-0.02599429691091293,-0.029390412575617142,-0.02185249839809711,-0.02089198611324944,-0.024933138083179984,-0.009635487745497162,-0.03310147423557658,0.0,0.011030232898943115,-0.007372063887563396,-0.0013951000147909842,-0.005632906289961825,-0.0467769661679443,-0.02566369753883102,-0.04053716031832344,-0.05899216839819077,-0.05532269056621325,-0.059807188973884595,-0.05978988441109634,-0.05985919839243242,-0.03196367998862143,-0.0542586051087825,-0.03030339355961592,-0.03764989697689736,-0.04498255360713482,-0.05612404920216574,-0.05246501549927829,-0.03333998601387195,-0.04058819616628706,-0.025706092603363984,-0.0016534518608523063,-0.026117958413484688,0.02622683870098219,-6.032221064289356e-05,-0.026853635317433233,0.0010417407803833267,-0.026937190337390282,0.0253922426425941,-0.00278506230187181,-0.04046877437227597,0.025087433510225743,0.046059551580527214,-0.042762118709946284,-0.01654040446395827,-0.042303001027521214,-0.003732771804805579,-0.011810897740524184,-0.03625012488139284,0.02258986643926686,-0.04630511349039257,0.011126674045862539,-0.050412446882895035,0.026039495669658574,-0.012049874274541017,-0.001187557389850269,-0.02421133456069624,-0.015959310970896146,-0.05038566676911249,-0.056515415641530675,-0.059729184802066515,-0.03576233369167414
-0.0007717068107631619,-0.03246861432318571,-0.026664452125419402,-0.03184541521836187,-0.06878691816326488,0.0236628655795027,0.020657343922000915,0.027127039903153127,-0.0695990590820022,0.0064280356335232325,-0.08708115999717447,-0.0019356188748204106,-0.02931308659337528,0.009757089941293207,-0.020573898445007954,-0.041882588595019477,-0.01922834687905134,-0.027999369606970026,-0.019876945791590994,-0.02133476647593019,0.01919076496688049,-0.012042988368075547,0.011030232898943115,0.0,-0.0033179198393715748,-0.0015930351040300827,0.01820098160522554,-0.0011704210517557434,-0.019627407038359856,-0.027155930834543485,-0.025202120693009977,0.021669079339679376,-0.010973812463614174,-0.008086708157960976,0.018894236783792595,0.013435944153669832,0.06903641973215541,0.0011224781392083494,0.04457539671814298,-0.039971510287187484,0.0008398779357949304,0.02466373565276564,-0.0038767065803784195,0.005001543231909877,0.012090525339962077,-0.009019698217146321,-0.046241854693752305,0.0001293930724613479,0.0,0.0,-0.018807061576619932,0.012906783012121892,5.912313967315619e-05,0.001873827420832641,-0.035847159084227254,-0.0005865642017638395,-0.010954596824254648,0.018462177500952637,0.0,-0.022667647897994747,-0.033256645953141595,-0.03754637152329038,-0.03371291059190745,0.0,-0.007412179155429244,-0.028845263163591484,-0.043126692129012156,-0.03551956367023984,0.02718846996245544,-0.029619972768086922,-0.024749163559034004,-0.0033301817888334306,0.03424560658738979,-0.010030944036664657,0.0,-0.04340108104701407
-0.018623952343910954,0.03927136636900708,-0.04155834253984636,0.0,-0.06371271573132142,-0.021497540961008033,-0.0494138726849207,0.0097409642608966,-0.06244865630497398,-0.003620374174599539,-0.03543480892480866,-0.01095669353520451,-0.04175089787546343,-0.0001058310108044136,-0.024587198009925704,-0.008753812585264142,0.015672327886917248,0.01399437522560426,-0.04369511070685611,-0.021837082126700713,-0.014461062952986048,-0.00941385490655966,-0.007372063887563396,-0.0033179198393715748,0.0,0.02079687107174516,-0.021828357737174786,-0.01754738711673398,-0.01009946013997598,-0.022350497730089736,-0.010993369171608425,-0.0074302410189784895,-0.024255627769452115,-0.013348654669154858,0.002904249483035748,-0.020875630107955512,-0.00029942220116974116,-0.03208177925317818,-0.03783891650043736,-0.04364847488492685,-0.03916680067538936,-0.02944707401708091,-0.0008005919893057101,0.0,-0.06292479541253926,-0.023371558157499916,-0.041023577468632,0.0,0.0,0.0,-0.048291850082743115,-0.04718158940858658,-0.01565515418128588,-0.00012765014796628504,-0.06271409007708773,0.0,-0.0501372793848579,-0.04598084702402766,0.0,-0.037937238735156864,-0.03629910395196029,-0.0571788900079212,-0.044793693007534274,0.0,-0.049939649444691314,-0.028701198825457352,-0.044502461702006835,-0.017406101062216017,-0.019826179052359394,-0.04111441147044209,-0.03328652696990775,-0.017532691337511508,-0.048667434890187156,-0.053307625624865185,0.0,-0.04233350437866645
0.0002070306016931367,0.018829668960105128,-0.025738171780605668,0.0018888955104314764,-0.049242621962205024,-0.020602562443284955,-0.046031339110712444,0.01089350126840477,-0.05581973450332567,0.02282490631249473,-0.03506914729548455,0.021283481095512424,-0.040745766333599165,0.0009486237516188045,0.0431562889137761,-0.01361309285072626,0.0028673506669963933,-0.005898969773289187,-0.040311029539975674,-0.0103537969830374,-0.000864438293691816,0.016697998881480935,-0.0013951000147909842,-0.0015930351040300827,0.02079687107174516,0.0,-0.015403974463844838,-0.02148736697052428,-0.011389151653456497,-0.028568395796152668,-0.007304980761061952,-0.010419926147406056,-0.020322402854892285,-0.012711989331670503,-0.01817631011732429,0.01076082749221069,-0.03201731175579969,-0.023257360186434428,-0.037024093304932004,-0.04113493282917147,-0.03524659405390956,-0.038682402006186056,0.001299770047038129,0.0,-0.03961778960519202,-0.012615642541055905,-0.023030341004622368,-0.02682249197993747,0.0,0.00042842915759144784,-0.01921051308972077,-0.030674171439253606,-0.003200712193750732,-0.028548887693153113,-0.051083209694265774,-0.00013110460066417806,-0.037738197674204554,-0.022962212449090247,0.0,-0.004748655656615419,-0.016853161591431298,-0.04358735705386174,-0.03565090942283211,-5.551115123125783e-17,-0.047033828586378335,0.003045035822200781,-0.022554327769321758,-0.013470118621429716,-0.01248783367551537,-0.03214963494601536,-0.026355328840484415,-0.03671032853151612,-0.04594246301706095,-0.03720760628744668,-0.06381275008353637,-0.031889028306135825
