0.0,-0.03509037797195225,-0.05279181738305172,0.0,-0.0001897076888391913,-0.03170294700782922,-0.031006626635996293,-0.08662539339899167,-0.021099410804633456,-0.024467994984021302,8.183679474749184e-06,-0.034680310011332816,-0.037522088116329955,-0.021774251503894282,-0.03713995706242512,-0.03851950071374727,-0.007710394617487404,-0.028557518899733347,0.0,-0.050063967539,-0.0857816833881731,-0.03970522207459509,-0.05787364176444931,-0.04171548322266527,-0.019632994675476245,-0.029319441139915692,-0.05122608999253048,-0.055013363878371135,-0.05387582675235314,-0.06892243441894197,-0.03318268242186606,-0.031210993210373628,-0.058490276798245866,-0.032746775017509056,-0.0011846162482341827,-0.03330238458628321,0.0,-0.013095233072543455,-0.03742083813173941,-0.05262368730873218,-0.029620148902908483,-0.02586863453956678,0.0,0.0,-0.013217711420951905,-0.08417557889124089,-0.03152223232025819,0.0,0.0,0.0,-0.02350944695387691,0.0,-0.100875346628653,0.0,-0.003941883004152602,0.0,-0.07495591868536683,-0.02004349762506724,0.0,-0.08429524217466633,-0.031112464836469123,-0.026412696668840774,-0.04945760329395976,0.0,-0.06280129521603983,-0.09148565726884544,-0.04480047034957785,-0.09360033799406453,-0.044469446884371766,-0.04210766100551189,-0.05702415491575902,-0.02036844943345756,0.00040110561392209254,-0.0284863539430098,0.0,-0.031955667302467905
-0.03509037797195225,0.0,-0.01907485977520529,0.0,-0.020471662540263114,-0.010461799605325284,-0.00445745223958649,-0.0281735732648421,0.016778768518113107,0.002789484757739713,-0.0006087764481569335,-0.02898663911843291,-0.012619691896026741,0.0,-0.03329448999397516,-0.005393802176124007,-0.0057098282888004,-0.024382871581756504,-0.028358367619238933,-0.002782935714420842,-0.031715382655689406,0.00624368912407719,-0.025198078162137094,-0.015241752239216866,0.00625372264671642,0.001004589182901694,-0.016332590553094772,-0.018703236914697274,-0.00978787118658725,-0.047125571579894,-0.01877308248316545,-0.01755015528647086,-0.010105435119921957,-0.015613267756083293,0.019806089853568742,0.05548506413070453,-0.0020117313528305036,-0.0002813868304707978,-0.026859294440814807,-0.011421464646087509,-0.01895357165125261,-0.019760851367265575,-0.025192690065669265,0.0,-5.6956895156501375e-05,-0.058934894993277864,-0.020586881839505744,-0.007101115390524493,0.0,-5.551115123125783e-17,-0.017704790747605836,-0.028162770007620574,-0.06351756273297454,-0.01704469154932564,0.0015748754052441472,0.0,-0.029176411286233328,-0.025051474808589602,0.0,-0.053775925832886096,-0.016768440211926305,0.010617003514921286,-0.019155513340392283,0.0,-0.02783302570215851,-0.06986653660692105,-0.03385930839764989,-0.04562269596946128,-0.06111311816715154,-0.012309028199941618,-0.041706114529433624,-0.029606866052049985,-0.029724780580034194,-0.0280010888080659,0.013418297485022213,-0.016746495121931715
-0.05279181738305172,-0.01907485977520529,0.0,-0.014261347647610279,0.022206302536427636,0.007262612534213619,0.012505203597409975,-0.0016546987118319367,0.014459589536517825,-0.010168510380355489,0.029790309642376944,-0.027555938492513865,0.003262118796173996,-0.005603991250726026,-0.04733061510353087,-0.03207467249176127,-0.0348518811839566,-0.021552376149920283,0.0059720448198155585,-0.036105939062428705,0.0078632867764305,0.002176305306024695,0.012203568856479274,-0.01918218314259751,-0.03430328149232409,0.003863949894892582,-0.045204368351212054,-0.01567603330510653,-0.015503261207749142,-0.025588625987598923,-0.022206089454270994,-0.026410394006320004,-0.028815535280573235,-0.027295517484106024,-0.03745413775211248,-0.008242153251163342,-0.024408961618507474,-0.020694607092409723,-0.02273537396196451,-0.017924957082573745,-0.019616772160776175,-0.012672378982102495,-0.012320247869634926,-0.010753526589763474,-4.0714678148479067e-05,0.0,-0.003632507390992079,-0.1254845693058777,0.00024706732680834786,-0.009845425818095,-0.01273937394316138,-0.02315448844583623,-0.00772156649195932,-0.10176630764592981,-0.01390454362813065,0.018967190264197242,-0.00686921882133007,-0.03188069319106912,-0.029159217523276604,-0.04256317911830365,-0.00043325227871909844,0.0,0.0,-0.17225275165491402,-0.033273141793406735,0.0007993489690929501,-0.03965252996361435,-0.005033141711541345,0.0,0.0,-0.04320260887453731,-0.06052408456765612,-0.03909078263104443,-0.03475186764450128,-0.02480543480972941,-0.038089353879409815
0.0,0.0,-0.014261347647610279,0.0,-0.030013615453188425,-0.02345697350200282,-0.030819081029741624,-0.01680358725220199,-0.016449436570204534,0.001321422876578715,-0.015624565406790358,-0.0035876140967847636,-0.01969524517648491,-0.008217207279906824,-0.016829407295180232,0.0,0.0002909845488340834,0.0,0.01610889144761285,-0.06340943808158372,0.0004912417045539463,-0.0596810718643207,-0.026308270238462883,0.007565012279524219,0.0,-0.0015978742238654808,-0.04708282259605395,-0.011739302129735674,-0.06825687912517764,-0.00017519098385326837,-0.004358311703898332,-0.040592743863343494,0.009491525182663718,-0.11646106850533974,-0.032569191928523145,0.012038110621147124,-0.010285711343756332,-0.005065582742459995,-0.0008397628052156381,0.0,0.0006817265365524627,0.0,0.00034405300728052035,0.0,0.0,0.0,0.0,-4.883768232416541e-05,0.0,0.0,-4.8165221614382414e-05,0.0,0.0,0.00011433530286442117,0.0,0.00011705048842708399,0.0,-8.607165222962454e-05,0.0,0.0,0.0,0.0,0.0,0.0,0.0,0.0,0.0,-0.006817455591686006,0.0,0.0,0.0,-0.005852664408798669,0.00011206859165396876,0.000440779982728956,0.0,0.0
-0.0001897076888391913,-0.020471662540263114,0.022206302536427636,-0.030013615453188425,0.0,-0.0028817320094778887,-0.0010491916052359218,-0.016154698958895375,0.0022549311331538924,-0.0180915794229351,-0.01827190126913608,-0.018323687507678876,-0.007907873134545218,-0.031067319919636405,-0.035528255228078676,-0.0359405999620398,-0.03669439705116129,-0.03220217384005053,0.01141902601194561,-0.021159381740092797,-0.053392530309878505,0.030481940627313908,-0.007568050380034719,-0.04986134938529074,-0.03537343852827474,-0.003939135778345815,0.008516236443849579,-0.0016880263078641322,0.028093887556634944,-0.023287068350656692,-0.022139454513548484,-0.04974238338036102,0.02185378394178178,-0.028506390758376632,-0.026832895386683486,-0.025830780264929132,0.06416462268419054,-0.05352144695741562,-0.005521488391565799,-0.0027570995641168494,-0.03982860087810702,-0.00021295904700446844,0.009823187855091009,0.00012021419645974474,-0.013945017151435812,0.0,-0.011797634721538164,-0.04277964947650709,0.0,-0.03042332810331183,-0.01871156238834948,-0.029940743030135608,-0.022808874811744984,-0.04664357786876677,0.0010658599740642205,-0.02913167200598943,0.0002777199668657637,-0.03864307368579367,-0.042038069354851215,-0.013790505738102143,-0.0004530933501314949,0.0,0.0,-0.054708867274395945,-0.04127206691637941,0.0,-0.030541658440219666,-0.01719171651082796,0.0,0.00012454770460207376,-0.020688717011384306,-0.016526146139655862,-0.03881744964208561,-0.038864773347742354,-0.020332660345371956,-0.04950691937560686
-0.03170294700782922,-0.010461799605325284,0.007262612534213619,-0.02345697350200282,-0.0028817320094778887,0.0,0.012145530639596225,-0.006768576259275461,0.004215098292820962,-0.013082645900252043,0.0016749806283443691,-0.016128280263519257,-0.011175085520050476,-0.006023282759983817,-0.03184338494367411,0.005462716896010245,-0.008876347069914914,0.00857571261557033,0.007210710132859677,-0.00817531448399711,-0.03526179202887081,-0.0037167173407389176,-0.007982103944748409,-0.022424927974540987,0.0012441898746651248,-0.020137345964282405,-0.016220637357234335,-0.020542206789426587,-0.02626320353954814,-0.018687163983745314,-0.020505418577939916,-0.04844998045198423,-0.05532432313294444,-0.03024161343756998,-0.02257063090792044,-0.034216257417088114,-0.03170386316772422,-0.030208938681563213,-0.03482860455841991,-0.031281657171010946,-0.04654529447354949,-0.04847441059907032,-0.012163739758136782,-0.07428141310587638,-0.006544520594463421,-0.030655056766427657,-0.02386501901740906,-0.014371934395265407,0.0,-0.03144545366346729,0.0039102916784544695,-0.01687523462294649,-0.011874267567135166,-0.022850482569644837,-0.023506747723304078,-0.033915331840541574,-0.02147152116590484,-0.02870813966381197,-0.03645966971216974,-0.058880882164641435,-0.022455458012212215,5.551115123125783e-17,-0.03691996666443731,-0.049545549234562836,-0.01389228288019484,-0.08202544637493747,-0.04416882974084768,0.008056417354819767,0.0,-0.01772531936726135,-0.035445218732526984,0.0026852007236184416,-0.038121425074175985,-0.04269434642663478,-0.027302055163551275,-0.032144680765561484
-0.031006626635996293,-0.00445745223958649,0.012505203597409975,-0.030819081029741624,-0.0010491916052359218,0.012145530639596225,0.0,-0.022716270572055053,0.019667648431487494,-0.023977685087378242,0.008118559153334537,-0.04635351542461896,-0.009116663845838424,-0.028041105010984224,-0.025336422420501048,-0.00280530666579748,-0.013514753190679518,-0.012358240005214516,0.009946902401788749,0.003037768628312898,-0.033939888070282975,-0.004150613450839891,-0.0035881703211493865,0.022532018971421763,-0.003469441499435233,0.001665789558444708,0.0046798509041446334,-0.00706679558950124,0.002067307745008795,-0.012974428892016054,-0.0021293651599604835,-0.03820222296729664,-0.044044333702074,-0.023730637427453793,0.050344956053679224,-0.02797672899913073,-0.033166747822687914,-0.04506529314678909,-0.016744507368625206,-0.03205905685219451,-0.025399876622731188,-0.006022628746600256,-0.013879852417089278,-0.00015157120771014387,-0.004111289323420697,-0.0003803439740495129,-0.024393005180726346,-0.03722869491448433,0.0,-0.030748297190787643,-0.012825113167761026,-0.032180213206156716,-0.030440150431685686,-0.03859062475335395,0.003376706450933964,-0.03157161576021339,0.01284859222772583,-0.037591716251333396,-0.05286873771928213,-0.0300944594118856,-0.016669464606047013,1.1102230246251565e-16,-0.00042695181604046617,-0.03681453638605464,-0.031166464652191195,-0.0679418861832859,-0.03815247772250402,-0.015592831510515492,-0.014859080891554133,-0.024155731224775767,-0.022386461840819882,-0.01867873605802517,-0.045681159683863326,-0.05056009404349893,-0.02178185429912266,-0.039918698071644054
-0.08662539339899167,-0.0281735732648421,-0.0016546987118319367,-0.01680358725220199,-0.016154698958895375,-0.006768576259275461,-0.022716270572055053,0.0,-0.0022404809799687064,-0.05684555451573581,-0.022268082031343672,-0.062063151681374606,-0.04696859685904331,-0.05774055742599998,-0.12725738513132662,-0.0391104019986952,-0.01597607853048716,-0.039414741327919556,-0.025613124999556813,-0.048642982738362595,-0.08238464490387315,-0.04239534475064144,-0.0005382344694234154,-0.059636307589197135,-0.04381965713069369,-0.04988501697617648,-0.005926705740174676,-0.05858117183720807,-0.0552845475862368,-0.07214761120865643,-0.0705439213032551,-0.07303814255986651,-0.12828916648643296,-0.07278201542344548,-0.015466990091125454,-0.04494959426491246,-0.03260304361584293,-0.10504900715124027,-0.03779433595818393,0.0018733330437520346,-0.04884397875424029,-0.02319783777972323,-0.0699723529799181,-1.1166829246178622e-05,-6.806009891469067e-05,-0.07984395035404812,-0.0532791856281426,-0.06493806576568267,0.0,-0.09127825518497373,0.014322965040755697,-0.028987745885016347,0.007742709734274766,-0.07380509751345748,-0.010198988730728387,-0.06921416167588429,-1.1102230246251565e-16,-0.029772867009045356,-0.1138765059218595,-0.07879407583884779,-0.041411420331774584,0.0,-9.27520066429377e-06,-0.04679019763372755,-0.10787959316252876,-0.09927259300791413,-0.0655403491402265,0.00875426686205072,-0.048530632032156074,-0.05928924212725745,-0.0598720963589649,0.011739381915273295,-0.03234970985393798,-0.0319727901217825,-0.02339148724015766,-0.03426194654368564
-0.021099410804633456,0.016778768518113107,0.014459589536517825,-0.016449436570204534,0.0022549311331538924,0.004215098292820962,0.019667648431487494,-0.0022404809799687064,0.0,-0.01019382128710783,-0.031047084908397304,-0.018018431933272294,-0.02782287354595958,-0.004940666373403291,-0.03325853942848439,0.012874747072286585,-0.044692562407978975,0.00021316285480027508,-0.0019782621023697877,0.013429123868460402,0.016050926588642878,0.004115891402283078,-0.005444856093799633,-0.0015126076576231218,0.019280100115241505,0.0038514249729497685,-0.022260345526129988,-0.0038849345826332815,0.01592700803335756,-0.007052518191368151,-0.013260219322065225,-0.023448638551865575,-0.024434723461315977,-0.01775494716561221,-0.02293354880223708,-0.015937979562725968,-0.01318624483806985,-0.014387472995059936,-0.021646506428520895,-0.02114235621715621,-0.025407276186977412,-0.03583009277770599,-0.0019822875186448208,-0.016706997637345622,-0.027961839817298773,0.0,-0.025228547046250216,-0.07722902880672095,-0.007844404759366541,-0.03646256991280589,0.0019699893945288593,-0.01948695099014297,0.001704171929813092,-0.019422357670817902,-0.009677461592725367,-0.01765228733959795,-0.013548005217351111,-0.02532056334020283,-0.006845769737769292,-0.03576773879476142,-0.030175147291536475,5.551115123125783e-17,0.0,-0.0584910197656926,0.030129050177336858,-0.06681713290596714,-0.026632233080428003,-0.004644060573930409,0.0002317591364739413,-0.0038099889263105147,-0.03467066951209041,-0.004717130229630828,-0.03193070561488731,-0.012524242495116078,-0.04799633052468405,-0.023091888816812012
-0.024467994984021302,0.002789484757739713,-0.010168510380355489,0.001321422876578715,-0.0180915794229351,-0.013082645900252043,-0.023977685087378242,-0.05684555451573581,-0.01019382128710783,0.0,-0.015454703382676793,0.026784434215270547,-0.012547965597072996,0.034794328485195036,-0.0026597520628752203,-0.0066682297165950866,0.013844762851860815,-0.0006186181164590798,-0.015106731186151523,-0.0021530357377570475,-0.05288038188145755,0.013832864503700582,-0.0336674124956064,-0.0008967542610290313,0.022050519060657414,0.055853756958819334,-0.02970632476049656,-0.009539552324815737,-0.024401981269013717,-0.014532583274443567,0.017422761555484556,-0.03575174362714545,-0.002537353470692727,0.005125843144726805,0.07139814879862377,0.004171902652640391,0.01222474182940686,-0.011479518091592922,0.1000062722690041,-0.05622965142884795,-0.002546838134596663,0.026613306657034486,-0.008447938248792808,-0.007050596589542435,-0.05851315434600418,-0.04564635396076877,-0.03923683909697806,-0.013621552713956153,-1.1102230246251565e-16,1.6653345369377348e-16,-0.026940453961168953,-0.004819317731942718,-0.056903864130497916,-0.023838381948231513,-0.01567310633645208,-0.010249082799486109,-0.018862705627886056,0.007744908429650366,0.0,0.000856671353768157,-0.01595757394135544,-0.018864274947128223,-0.019417532869692,-1.766336388359102e-05,-0.03210588651297819,0.00022319199652215405,-0.04136473903270815,-0.024547988178617086,0.009266398396363895,-0.013016566621760983,-0.008030634903213152,-0.029579367457033656,-0.021416811353874854,-0.03601182998688296,-1.1102230246251565e-16,-0.03747422071117551
8.183679474749184e-06,-0.0006087764481569335,0.029790309642376944,-0.015624565406790358,-0.01827190126913608,0.0016749806283443691,0.008118559153334537,-0.022268082031343672,-0.031047084908397304,-0.015454703382676793,0.0,-0.02313186542888812,0.0021358142611401787,-0.027640673626352696,0.0,-1.3267103935066249e-05,-0.03329071699117303,-0.018574852027239686,0.014428441609927012,6.0973868718672275e-05,-0.03361980084321814,-0.029946752886965355,-0.009891075595931442,-0.03170233733776384,-0.030099912511435067,-0.02425732099723743,0.00414570104431411,-0.01933488491443991,-0.061825404784214666,-0.025552519358047088,-0.029686297281219076,-0.07375390010627852,-0.019704693897419356,-0.01948025574032547,-0.025854713250523076,-0.0366816215499744,-0.026123748282508907,-0.011232798130239863,-0.04700499407748743,-0.0018097469147911882,-0.009589434278305053,-0.014192929462618742,-0.0373933743568054,0.0010452842399075735,-0.008510145638242317,0.0,5.551115123125783e-17,-0.0547872356644285,-0.00010701000118307213,-0.11438145289084584,-0.01966029125135177,-0.056928462830466986,-0.04810894432646695,-0.01373545646819968,-0.01580226789992617,-0.04882929968930838,-0.022431149444995746,-0.029882171817291137,-0.09290901428328924,-0.0006050687966241419,0.0,0.0,0.0,-0.15950971165825487,-0.02134960413939324,0.0,-0.020451142054196514,-0.023564070066398546,0.0,0.0,-0.00483146758308689,-0.026034492684536725,-0.05884502238277045,-0.045398968100112846,-0.00113393942505563,-0.059221919752792285
-0.034680310011332816,-0.02898663911843291,-0.027555938492513865,-0.0035876140967847636,-0.018323687507678876,-0.016128280263519257,-0.04635351542461896,-0.062063151681374606,-0.018018431933272294,0.026784434215270547,-0.02313186542888812,0.0,-0.021261515696262667,-0.020092810849001164,0.0005014839385658054,-0.005432474974669366,0.004594349761902983,0.0010846127732512811,-0.030213138871382217,-0.004496745368300192,-0.05521346962076473,0.03559637385115627,-0.03949691288044682,0.007928284131982044,0.023651350469003296,0.0405259279144059,-0.03270997327840003,-0.02274526047987374,-0.020153128916085117,-0.01113022748705983,0.007174775615832407,-0.015380562774789386,-0.03964573875219024,-0.0023261862132742395,0.04363903438447564,-0.05478432326986543,0.0003087134905866429,-0.012426866855469898,-0.028575043450073334,-0.03912835981248758,0.014495594873332407,-0.01574650223108376,0.006871641604792256,-0.013478458454824677,-0.02527111487159245,-0.04159382317930277,-0.026844214989626913,-0.00540756380385321,0.0,-0.00019879586696119889,-0.006952664141996467,-0.0032732921057954667,0.0,-0.009764662821553916,-0.006252807449279252,-0.015053848967370331,-0.0036884809979756406,-0.008408477738632403,0.0,-0.008351839035634578,0.002136788199768147,-0.02548077591379283,-0.02154531176937924,0.0,0.003814684685968961,0.00013493711095102778,-0.015130975232519217,-0.011161772987508423,0.012545410287605419,-0.01314028454460664,-0.00777243936332217,-0.013106684894144016,0.012207966600243647,0.012785503495584882,0.0,-0.039193107433944
-0.037522088116329955,-0.012619691896026741,0.003262118796173996,-0.01969524517648491,-0.007907873134545218,-0.011175085520050476,-0.009116663845838424,-0.04696859685904331,-0.02782287354595958,-0.012547965597072996,0.0021358142611401787,-0.021261515696262667,0.0,0.013941840300813857,-0.013642088689567289,-0.011306355233335785,-0.003886761455244081,-0.00974127575693412,0.003745461298954922,-0.008884790122121067,-0.05220727677731596,-0.0063777379579401106,-0.018912748023947268,-0.018267977242873323,-0.008016093553708414,-0.008013229523692655,-0.013779544546070499,-0.018394610746329254,-0.013867131053428294,-0.024351885337329682,-0.009856095836671352,-0.03275479644910362,-0.047433835575980854,-0.009722753301661224,0.0333155305033076,-0.021239553105404707,-0.02003012258532416,-0.030038016085176644,-0.03189498843121813,-0.02902480163256188,-0.03665658386751741,-0.009308808985866057,-0.029738021348518107,-0.015620090080978088,-0.012072746788145239,-0.017612917543391116,-0.029319992234378756,-0.04135314084789182,0.0,-0.031550962906457314,-0.019091962053402578,-0.032818889965575526,-0.050653775284336344,-0.04058987033298511,-0.029394112275585305,-0.015781871866613617,-0.024806530788332892,-0.039135989968187734,-0.020260569379071447,-0.07693843910359571,-0.018759164366564773,-0.0013723598338854504,-0.04169526438739379,-0.041383582414768416,-0.03801210658716336,-0.08331558698262964,-0.04365183217283469,-0.019922169494088537,-0.0012075051152243277,-0.03226340337919281,-0.03148265604033923,-0.029880926986945333,-0.04843069742329453,-0.056226218070933365,-0.021174276665932135,-0.04441769445582544
-0.021774251503894282,0.0,-0.005603991250726026,-0.008217207279906824,-0.031067319919636405,-0.006023282759983817,-0.028041105010984224,-0.05774055742599998,-0.004940666373403291,0.034794328485195036,-0.027640673626352696,-0.020092810849001164,0.013941840300813857,0.0,-0.0029161293900102914,0.0,0.0,0.0,-0.010230573010523436,0.004841501530868819,-0.014617862281845029,-0.0066079976733700585,-0.016879809134633494,-0.067224398310897,0.00010446313004819352,-0.021546096054286756,-0.007642480365911031,0.012632380392920861,-0.06432254046476654,-0.0002456163456467375,-0.05294109766505872,-0.03471708331286111,-0.0013528672830204758,0.003902879796040648,-0.04302599423066328,-0.0070217421654696355,0.0044616488232529505,-0.03962227859743861,-0.022817963383174433,0.0,-0.0006168255489995556,0.0,-0.029171364504627872,0.0,0.0,0.0,0.0,-0.01743943165983869,0.0,-0.02553755433258098,-0.02910332620866768,-0.025849530536701304,-0.02912930025418381,-0.023855947574696834,0.0,-0.03167417267917655,-0.0004575542312530434,-0.034822033672132935,-0.017859194465503492,-5.551115123125783e-17,0.0,0.0,0.0,-0.018305438580209,0.0010920801449826323,0.0,0.0,-0.016291497579637493,-0.0003893385867679844,0.0,0.0,-0.035390664558672125,-0.06346623080195962,-0.007814316834213686,0.0,-5.551115123125783e-17
-0.03713995706242512,-0.03329448999397516,-0.04733061510353087,-0.016829407295180232,-0.035528255228078676,-0.03184338494367411,-0.025336422420501048,-0.12725738513132662,-0.03325853942848439,-0.0026597520628752203,0.0,0.0005014839385658054,-0.013642088689567289,-0.0029161293900102914,0.0,-0.03186172430059897,-0.010822877997607894,-0.02603185241646877,0.0,-0.031023304791345463,-0.04229934055589768,-0.013327009220160557,-0.022950506201120935,-0.029317378339662303,-0.024022234247110308,-0.010583575698988101,0.0001512271483097294,-0.034325054552481304,-0.022918249709457494,-0.04963171488814799,-0.04172275164607053,-0.036664994995757094,-0.06312956598722708,-0.037382437129192814,-0.020924898227639488,-0.02055676747779972,-0.0380054357092221,-0.022338188543625626,-0.04016980940220877,-0.05060031170332607,-0.041835648714485585,-0.03854968795920427,-0.02809096571818398,-0.0006755522543047121,0.01237865206091493,-0.05812290666163816,-0.01708317123571107,-0.027991119959906496,0.0,0.0,-0.022921318141513436,-0.0454620766247153,-0.08647344441005395,-0.038209541286205295,-3.256053335937148e-05,0.0,-0.006164285239692591,-0.032641694486622574,0.0,-0.048561473135093514,-0.021291749133241555,-0.0005111278064017788,-0.01721147250525118,0.0,-0.05358220792830909,-0.10790969303171205,-0.05229768887503744,-0.06653816302656368,-0.035969089443643854,-0.026545602603832763,-0.03212470690433217,-0.04582294431714884,-0.028850605494176507,-0.0410203032743966,-0.058148790882410484,-0.04857623326529048
-0.03851950071374727,-0.005393802176124007,-0.03207467249176127,0.0,-0.0359405999620398,0.005462716896010245,-0.00280530666579748,-0.0391104019986952,0.012874747072286585,-0.0066682297165950866,-1.3267103935066249e-05,-0.005432474974669366,-0.011306355233335785,0.0,-0.03186172430059897,0.0,-0.0070174364283195345,-0.03615187844135859,-0.0010663581285693113,-0.0002652464496474827,-0.029423165437081122,-0.016929390282731882,-0.02915417209589022,-0.026713804410177566,-0.00910487129360138,-0.029831585523874937,-0.009293867546676715,-0.017253196487086453,0.0002449142806892346,-0.01356184143819461,-0.00286745971380703,-0.009891859976631112,-0.02051503904610541,-0.013536308163288602,0.022862265025634043,0.03268909536780856,-0.044188245126584924,0.04503112689653521,-0.02631759056127142,-0.03500498582618522,-0.02669186208180785,-0.016555987537470507,-0.018093173105391713,0.0,0.0,-0.06681453262807696,-0.02020398241245458,0.0,0.0,0.0,-0.02831251219617681,-0.01273640632452816,-0.04358449515033441,0.0,-0.0341344056768334,0.0,-0.02830876720984804,-0.02281304129975037,0.0,-0.04962099849381979,-0.016608188400893897,-0.05541608181448582,-0.04274379936416495,0.0,-0.04018951022814582,-0.05100823786868708,-0.028645761191308128,-0.056514161117812045,-0.07369303304022867,-0.03414157284164138,-0.04110654071084685,-0.037257187432834016,-0.03094515166089784,-0.038186843314701346,-0.0001491239335523753,-0.02102054584781804
-0.007710394617487404,-0.0057098282888004,-0.0348518811839566,0.0002909845488340834,-0.03669439705116129,-0.008876347069914914,-0.013514753190679518,-0.01597607853048716,-0.044692562407978975,0.013844762851860815,-0.03329071699117303,0.004594349761902983,-0.003886761455244081,0.0,-0.010822877997607894,-0.0070174364283195345,0.0,-0.03864327292950831,-0.03238828670412558,-0.02394569428696358,-0.09357041386418391,0.0004332812735053926,-0.020302168812314725,-0.012153795192712202,-0.02498208084629444,-0.0036652817218236766,-0.02352931556757132,-0.005098343400750882,-0.027033432435674964,-0.02390680589075289,0.00946417821685408,-0.014484918237560096,-0.00785056405069201,0.005513764087529072,0.02307931193627305,-0.02619599840990211,0.0004676607916655473,0.020264423882203897,-0.023236419366842898,-0.061950157795759464,0.0004995790620864193,-0.021857960435048007,0.0,0.0,-0.04445853308239317,-0.023368470800713914,-0.04036508616931461,0.0,0.0,1.6653345369377348e-16,-0.0004772190428717904,0.0001581333694969933,0.0,0.0,-0.031185128719169564,-0.0002806442819846544,-0.028863295953480472,-0.020546029764098583,0.0,0.0,-0.028204650185614355,-0.02896234536535086,-0.037823778353128557,0.0,-6.507461882854226e-06,-5.551115123125783e-17,-0.052363488322336726,-0.0005254329828476845,-0.00894175241103018,-0.026100859712905156,-0.015297080543792363,0.0,-0.016388467591873623,-0.02741983987549279,0.0,-0.022327371076687863
-0.028557518899733347,-0.024382871581756504,-0.021552376149920283,0.0,-0.03220217384005053,0.00857571261557033,-0.012358240005214516,-0.039414741327919556,0.00021316285480027508,-0.0006186181164590798,-0.018574852027239686,0.0010846127732512811,-0.00974127575693412,0.0,-0.02603185241646877,-0.03615187844135859,-0.03864327292950831,0.0,-0.0403676596896419,0.00039770888194745613,-0.05041669661783027,-0.030460996477953584,-0.019555068786324292,-0.016848941358165836,0.0036026348679857323,-0.0067520927614375115,-0.006229974984698405,-0.013018257568284897,0.0008457857064028684,-0.025342715676464178,0.006975390554288141,-0.006392298336506952,-0.020035446121958345,0.0010533781240286144,0.024381413669871843,-0.0014943915531620555,0.0,-0.006620152976962168,-0.03599085304366978,-0.05502659245456709,-0.0378446044780088,-0.018719170916258854,5.551115123125783e-17,0.0,-0.03609532036241103,-0.05432391382224944,-0.024508246140340084,0.0,0.0,0.0,-0.030358614640424997,0.00014850355008738658,-0.021708318730022824,0.0,-0.015138626643880937,0.0,-0.014273876035271471,-0.0300890100841823,0.0,-0.03372077653112637,-0.039910129429829966,-0.026533778160534705,-0.04898373971825193,0.0,-0.05247998588503078,-0.008592071557914971,-0.03291658277527515,-0.038710617660949354,-0.03283513993698439,-0.05201155611274605,-0.0415066419068581,-0.030943620408545647,-0.03664133272113995,-0.028718863130387018,0.0,-0.04321301724624477
0.0,-0.028358367619238933,0.0059720448198155585,0.01610889144761285,0.01141902601194561,0.007210710132859677,0.009946902401788749,-0.025613124999556813,-0.0019782621023697877,-0.015106731186151523,0.014428441609927012,-0.030213138871382217,0.003745461298954922,-0.010230573010523436,0.0,-0.0010663581285693113,-0.03238828670412558,-0.0403676596896419,0.0,-0.0045311015874257565,-0.03237901886445832,-0.03176193256973542,0.013072149939658051,-0.028197898087049145,-0.04363428898429611,-0.02272689017515489,-0.012576905253886939,-0.016795874938851596,0.022723725566851594,-0.009437324220314902,-0.025613868416399177,-0.027107171669188967,-0.033977887439109344,-0.022103640703691585,-0.026578873498327327,-0.01744266771951447,-0.028507332966522803,-0.040666568236806755,-0.01503270577940402,-0.017197272613119652,-0.036056634116064745,-0.003893662614401494,-0.01084528341146973,5.551115123125783e-17,-1.6653345369377348e-16,0.0,5.551115123125783e-17,-0.16469511166032924,0.0,-0.02231407173196598,-0.03189597330558869,-0.04778829956126163,-0.05370175127612453,-0.06034540040712427,0.0012572827994835611,-0.1228228594638448,-0.0010176141096738256,-0.044962574912628395,-0.14059402008188454,-0.0011465743213642798,0.0,0.0,0.0,-0.033506381579504085,-0.039777268039972336,0.0,-0.008437199253243044,-0.022683854014761362,0.0,0.0,-0.007195836424983837,-0.041150477876153224,-0.046331581652154286,-0.0657793887502568,0.00028731739578069515,-0.01871724367163974
-0.050063967539,-0.002782935714420842,-0.036105939062428705,-0.06340943808158372,-0.021159381740092797,-0.00817531448399711,0.003037768628312898,-0.048642982738362595,0.013429123868460402,-0.0021530357377570475,6.0973868718672275e-05,-0.004496745368300192,-0.008884790122121067,0.004841501530868819,-0.031023304791345463,-0.0002652464496474827,-0.02394569428696358,0.00039770888194745613,-0.0045311015874257565,0.0,-0.05836478909251147,-0.014734282004969956,-0.03982610420438154,-0.029945294712696746,-0.001232910363281603,-0.01788568742355018,-0.01511782044805643,-0.009040068566024073,-0.035949929245876366,-0.024150809661921957,-0.019683087433798874,-0.033428488933401446,-0.04967732140998754,-0.029806276342708604,-0.01930381261763403,-0.0200518147914715,-0.03475372652976211,-0.005547174107804531,-0.049323041463463,-0.050979427001690225,-0.0659139332013084,-0.06028781454330734,-0.027271988695258376,-0.00020047569381836938,-0.007527292267794583,-0.03866805869680967,-0.016846093344589308,-0.01960789897868198,0.0,-0.012381907789418112,-0.029300045037691846,-0.04004793321664685,-0.06724199325875768,-0.04894055387495799,0.0003647594783254271,-0.03284353772564785,-0.004372159180737301,-0.050841112548493494,0.0,-0.06350717107869824,-0.028429037493776566,-0.00587582778510376,-0.04283263454682962,-0.014913750025564665,-0.06975369120374947,-0.08973073277585064,-0.054066352124160166,-0.05440533683992299,-0.001256039683768695,-0.03418031923712733,-0.02211396922829828,-0.05157656755649076,-0.05658260063796494,-0.06356463701250459,-0.041787398951074306,-0.06399698041727925
-0.0857816833881731,-0.031715382655689406,0.0078632867764305,0.0004912417045539463,-0.053392530309878505,-0.03526179202887081,-0.033939888070282975,-0.08238464490387315,0.016050926588642878,-0.05288038188145755,-0.03361980084321814,-0.05521346962076473,-0.05220727677731596,-0.014617862281845029,-0.04229934055589768,-0.029423165437081122,-0.09357041386418391,-0.05041669661783027,-0.03237901886445832,-0.05836478909251147,0.0,-0.034753871272506454,-0.04038881384697479,-0.07304147614389239,-0.042554053817886905,-0.04445615389292884,-0.03976966389285541,-0.0661307427127047,-0.05970128670960767,-0.0771195595959766,-0.06883289717130486,-0.07121219550702707,-0.07001406592831327,-0.06215310423938253,-0.02656977931120874,-0.08556818482053907,-0.08160616913820734,-0.09338395946434286,-0.033745489751470514,-0.04425079969810186,-0.05042645393752099,-0.03388662253790886,-0.030349801970374957,0.0,-0.0007637655449665992,-0.04660358676725257,-0.02731796474129039,-0.0009981688065315852,0.0,0.0001912395896598862,-0.00901774355772672,-0.015659989458409407,-0.08922188471328824,-0.014102798368248737,7.06174090787659e-05,0.0,0.0009671399244241541,-0.02557612830111089,0.0,-0.05412555866250879,-0.024277046098615862,0.0,-0.03583780625874239,0.0,-0.08818294468368232,-0.0664094574488528,-0.05972760704946589,0.006229721710570124,-0.05237227008667572,-0.03514117308661591,-0.04406104952819123,-0.018240926199892482,-0.02221897028424541,-0.032124973089164566,-0.02287282178556832,-0.055472226268721336
-0.03970522207459509,0.00624368912407719,0.002176305306024695,-0.0596810718643207,0.030481940627313908,-0.0037167173407389176,-0.004150613450839891,-0.04239534475064144,0.004115891402283078,0.013832864503700582,-0.029946752886965355,0.03559637385115627,-0.0063777379579401106,-0.0066079976733700585,-0.013327009220160557,-0.016929390282731882,0.0004332812735053926,-0.030460996477953584,-0.03176193256973542,-0.014734282004969956,-0.034753871272506454,0.0,-0.01621911178657298,-0.017044973877136993,-0.0034095805144213065,-0.009764157630424097,-0.014217450053968739,-0.009601014119765938,-0.012525068496458569,-0.00636383558590331,-0.012847586468319516,-0.019777729607621086,-0.018248868330263623,-0.019380465136879577,0.0015292887930477561,-0.015877404676300166,-0.02870682059186569,0.014145923953318706,-0.02536109244838869,-0.024782863148916756,-0.02471776793730457,-0.024887979521812487,-0.017573071503900417,0.0,-0.015017433783106326,-0.054936463548550085,-0.007059870509528887,-0.022905361710597483,0.0,-0.0002835965315405864,-0.01379847780912219,-0.01494862485109516,-0.07508643763173012,-0.031613257179468446,-0.029223555753940922,0.0,-0.028678459234764087,-0.02280454822502115,0.0,-0.04705260018699664,-0.009244612935283891,-0.026674539219608162,-0.020308994529139923,-1.1102230246251565e-16,-0.04525356384595153,-0.10280148969898256,-0.03355775828092811,-0.053617915779682945,-0.0686649230137305,-0.018923750720212018,-0.019355665636707542,-0.031588569940497746,-0.044283866210082845,-0.04029274032172103,-0.026778484227598653,-0.025365520569829048
-0.05787364176444931,-0.025198078162137094,0.012203568856479274,-0.026308270238462883,-0.007568050380034719,-0.007982103944748409,-0.0035881703211493865,-0.0005382344694234154,-0.005444856093799633,-0.0336674124956064,-0.009891075595931442,-0.03949691288044682,-0.018912748023947268,-0.016879809134633494,-0.022950506201120935,-0.02915417209589022,-0.020302168812314725,-0.019555068786324292,0.013072149939658051,-0.03982610420438154,-0.04038881384697479,-0.01621911178657298,0.0,-0.04011571482675841,-0.024227753978122324,-0.03149408238114654,-0.024859493950516398,-0.02992343239541173,-0.015025000191436932,-0.033873163966904096,-0.039102449904716174,-0.05062793885354827,-0.07492093059523747,-0.046574872155288494,-0.040483588960980255,-0.0337823090546841,-0.03867533321188105,-0.03855750098169641,-0.05054145374103314,-0.06813875265068792,-0.06741653387440921,-0.0792143255138148,-0.02112943273360357,-0.029875171532897704,-0.029816978096658786,-0.07446552818062563,-0.03459934576216506,0.0032592628497083442,5.95425375538583e-05,-0.022553497494698704,0.0028042390341487256,-0.022182380095643217,-0.019407264585005024,-0.026523943897831193,-0.025838246229201167,-0.015595539381453916,-0.03717392455974722,-0.029125223966604274,-0.04248752369791553,-0.07438228810005204,-0.042572582152666016,-0.019169144627129986,-0.0457974182716121,-0.026523592014744413,-0.04910830272845146,-0.0812625360108592,-0.06378485589917066,0.009655890481400253,-0.05629065885885137,-0.04118411257199617,-0.03986154546595644,-0.004709010116568213,-0.04172972072525255,-0.048007536351369784,-0.03371931245212256,-0.047540390906017915
-0.04171548322266527,-0.015241752239216866,-0.01918218314259751,0.007565012279524219,-0.04986134938529074,-0.022424927974540987,0.022532018971421763,-0.059636307589197135,-0.0015126076576231218,-0.0008967542610290313,-0.03170233733776384,0.007928284131982044,-0.018267977242873323,-0.067224398310897,-0.029317378339662303,-0.026713804410177566,-0.012153795192712202,-0.016848941358165836,-0.028197898087049145,-0.029945294712696746,-0.07304147614389239,-0.017044973877136993,-0.04011571482675841,0.0,0.007249169870361227,0.012122285585017434,-0.030756237254669694,-0.02752594490041449,-0.04815279127540534,-0.04167480402650592,-0.009841451149769254,-0.0063627305612896645,-0.03200712094572078,-0.0189130814889516,0.07808183763276993,-0.05067569473886441,-0.014128717272134161,-0.011621368473694937,0.05906054725002041,-0.07182840698621051,0.006230729360584275,-0.08775538294948482,-0.014473064738509178,0.0046749514457985475,-0.06039681110098266,-0.03023293624307405,-0.03728014330792945,-0.00012772064873128874,0.0,0.0,-0.027173767351481748,0.013244306977552689,-0.027792983152733597,2.2655822053130326e-05,-0.004854375860461668,0.0005789827766428668,-0.022644804840043498,0.033644767641100526,0.0,-0.00674487042638211,-0.046959737007763236,-0.031532603000072046,-0.05045886396786681,0.0,-0.00904053451801945,-0.041192959581273614,-0.023677959636675572,-0.010024474808456973,-0.020106955199875765,-0.0458679963078491,-0.03310941827973751,-0.007130406296141756,0.030805073771574265,-0.01885690864131745,0.0,-0.05545855279318246
-0.019632994675476245,0.00625372264671642,-0.03430328149232409,0.0,-0.03537343852827474,0.0012441898746651248,-0.003469441499435233,-0.04381965713069369,0.019280100115241505,0.022050519060657414,-0.030099912511435067,0.023651350469003296,-0.008016093553708414,0.00010446313004819352,-0.024022234247110308,-0.00910487129360138,-0.02498208084629444,0.0036026348679857323,-0.04363428898429611,-0.001232910363281603,-0.042554053817886905,-0.0034095805144213065,-0.024227753978122324,0.007249169870361227,0.0,0.0128399240257695,-0.010960027840494657,-0.01514409136229422,-0.005948203236904648,-0.020641296705216916,0.009072884564163941,0.012415165479842116,0.003120929930258587,0.012059853442177249,0.0424535193741602,-0.02692333802852509,-0.0006577581760541795,-0.005943664199948018,-0.03349138402614105,-0.041910750692242094,-0.029931859725542298,-0.021829373075511582,0.0004589232922906916,0.0,-0.09288044697684533,-0.049951477688419677,-0.02128083906648026,0.0,0.0,0.0,-0.020954399172208982,-0.004509642048824647,-0.04554149383235695,0.00012600025178188812,-0.008247358340577104,0.0,-0.011753300377029263,-0.029786744911468765,0.0,-0.06965082798123612,-0.030719310647377984,-0.02101288097959264,-0.04340097894844697,0.0,-0.028569964966641992,-0.062258077975062165,-0.02488963341099293,-0.04336527923415684,-0.026926787180197476,-0.04252124405465818,-0.0382412766162592,-0.030095614547395844,-0.01594836617547868,-0.02332910555396711,0.0,-0.03141500577692913
-0.029319441139915692,0.001004589182901694,0.003863949894892582,-0.0015978742238654808,-0.003939135778345815,-0.020137345964282405,0.001665789558444708,-0.04988501697617648,0.0038514249729497685,0.055853756958819334,-0.02425732099723743,0.0405259279144059,-0.008013229523692655,-0.021546096054286756,-0.010583575698988101,-0.029831585523874937,-0.0036652817218236766,-0.0067520927614375115,-0.02272689017515489,-0.01788568742355018,-0.04445615389292884,-0.009764157630424097,-0.03149408238114654,0.012122285585017434,0.0128399240257695,0.0,-0.016017711235342735,-0.019061259778374473,-0.010856088039801592,-0.01850200746333075,-0.014330417987226063,-0.025498035066559788,-0.029816737678424132,-0.016023632455608672,0.005865853033345192,0.0259595168638872,-0.03574048956425879,-0.004375938497037102,-0.03490802584753322,-0.04801625219157207,-0.031628189623805925,-0.013462424264907458,0.01391894163544849,0.0,-0.038984381928861334,-0.06228752892124556,-0.02812810064963367,-0.025530025224793806,0.0,-0.00042289165024234077,-0.03389365545514572,-0.020376777729024742,-0.061807973990575416,-0.021634820033985647,-0.00199222711360314,0.00012941005519045978,-0.0029463168978841048,-0.04440253256872584,0.0,-0.039981292006829594,-0.02337291163423122,-0.025988027613323972,-0.043666123324268724,-5.551115123125783e-17,-0.03351043845647711,-0.08616189605356472,-0.03494448076929896,-0.03922897250436158,-0.021475701068270625,-0.03962187422713653,-0.036827553446153904,-0.031208009828249506,-0.025057835743399925,-0.03212739820228505,0.00013845519903776804,-0.032670950385115805
