0.0,0.02114370694207368,0.019325890630127296,0.0,-0.0003970832149679526,0.03346183572260708,0.03879052930228871,0.03689261036561564,0.029336681277536192,-0.0003197309169437057,0.0002926688325278759,-0.01045030997197366,0.034735173065450986,0.007513284931751796,0.017117842293852437,-0.007838644470787581,0.051431323464314116,0.008179050305965774,0.0,0.018642515673129578,0.02025641218426838,0.0032238183756660987,0.040291785925173684,0.014879227126239347,0.015950612427898858,0.007890529651541967,0.016439225584079564,0.03805188885454375,0.02696389086494516,0.01138907511928633,0.017424507692582858,-0.0036067681594241785,-0.016993784095439057,0.006582209657859772,0.0046982500992650555,0.058040569170941525,0.0,0.01311513537199116,0.030028135842628922,0.055266706517654085,0.02729174754924657,0.010035917413842188,0.0,0.0,0.018536694476016025,0.06413829144653016,0.04283933332710599,0.0,0.0,0.0,0.00498964174941352,0.0,0.025881010581667807,0.0,0.006166389897890812,0.0,-0.005453739922378131,0.01790552495532377,0.0,0.007264303082920254,0.022966479491371594,0.06356800902041287,0.03535478990906027,0.0,0.0447497277750879,0.08955872526696806,0.026946928567041173,0.0313573549610392,0.04357836164127288,0.04616996629959036,0.03992121752533284,0.037515645695779476,0.0008395669553114549,0.022573344193238254,0.0,0.03626430033986611
0.02114370694207368,0.0,-0.0061135288240319885,0.0,0.012087697256253027,-0.001553279102898708,-0.0031780067498801134,-0.007308642160441914,0.010123428903040466,-0.011144261199662608,-0.0013283137342737228,0.005155084798064535,0.010816934999439975,0.0,0.013364540274985848,-0.00525020147677463,0.002458336338636846,-0.010600738916227648,0.002705940536759377,-0.0017349100165111042,0.03127034429070419,0.0018669255483060865,-0.0063203906157170975,0.024531989942151,0.009631875965385117,-0.0036533158249481557,-0.0023840004512427626,-0.002535492725565358,-0.013201379316541417,0.005659686170091716,-0.0008759131295998923,0.0029641993099565056,0.011978316356435537,-0.008256947216986388,0.0059583331910375015,-0.0318367080155349,0.0025914270001132778,-0.0002461908941480684,0.031544826063699405,0.04292740715390181,0.04070331545186623,0.042020698912541454,-0.013287237174132938,0.0,-0.00011921829411210005,0.049936512689053025,0.04019667125177312,0.0059441802149756695,0.0,-5.551115123125783e-17,0.007342637876351699,0.034356731360613846,0.01998091389393053,0.015017242184292123,0.021981918676017342,0.0,0.012270583021734172,0.03127182668797168,0.0,0.03416894476343951,0.02703061090049952,0.046443541239362396,0.02901491618296065,0.0,0.0373204687722572,0.05434357504298226,0.025368945969298784,0.03477167049405183,0.01991567191121324,0.04068399729598571,0.03556320566756438,0.017433491336005524,0.05673829093825161,0.026110906700990033,-0.00529762514483284,0.034293845194898975
0.019325890630127296,-0.0061135288240319885,0.0,0.0218046030843152,0.012935494982834028,0.013158107062425262,-0.009418109412332398,0.016200377007477507,0.020477964428606665,0.014869279816616732,0.02647105222159002,0.02918756967821151,-0.005663349434887999,0.02573048811683959,0.015669984805920134,-0.018658989638799417,0.02288202882103757,-0.0025691299635273723,-0.0043198674381050295,0.008626872751358317,0.013621198477669405,-0.00212988053744112,0.042808627937987676,0.027993701344568966,-0.01941411200393267,0.0028970256156750085,-0.0005104470546078432,-0.0024190391317882587,0.01571649303763828,0.0038201130186790166,-0.0006661295501873554,0.018513464995947027,0.0137863924706767,0.005346342992625985,0.011248298724166883,0.03844789975590146,0.014292110966223237,0.010729890272341447,0.06206396310199547,0.024431613525901952,0.038703666939363335,0.028143507834967663,0.06939482272066633,-0.0014929097353445497,-0.00015269027821684933,0.0,-0.002771410331314339,0.02572277362889447,0.000517144502908462,-0.002792542877432469,0.02951619813707007,0.04995042629327828,0.05949388466944261,-0.06751044918342042,0.010048888785692323,-0.064741573989475,0.004871881423030633,0.04151969891629792,0.0741509919727501,0.021221998935168962,-0.0009068541648399875,0.0,0.0,-0.01830867790617502,0.045006616328754634,0.0008766608091840822,0.04701771139929256,0.05215886990880392,0.0,0.0,0.0035289958031599067,0.02897354314719125,0.01574472364450863,0.04564961718414007,0.013244222670904082,0.028764825612273115
0.0,0.0,0.0218046030843152,0.0,0.0353634317062152,0.010593415019819974,0.023695920138636917,0.005284236061481706,0.039606052892698806,0.02226097500086799,0.010457650708946664,0.017300240465908612,0.031734124315253465,0.004129235646992135,-0.00010452168893226865,0.0,0.0005617747285577845,0.0,0.024427857219192106,0.024141877024817848,0.0006877830533995599,0.005248182313172367,-0.002988731269765954,0.0025028429717162126,0.0,-0.0034912276817364307,0.012206888798736049,0.006363768423593319,-0.000552503336266108,-0.0003666978366956286,0.02798939900619979,0.0066055076988952854,-0.06705418852010181,0.0760283305538807,0.048153664725684275,0.025795830859515145,-0.0076236023944326325,0.027183007485442,-0.0017577343150715352,0.0,0.0014269435599561509,0.0,0.00040688888543843893,0.0,0.0,0.0,0.0,-0.00010222371073920211,0.0,0.0,-0.00010081616177648467,0.0,0.0,0.0002393188695911097,0.0,0.0002450021111037315,0.0,-0.00018015932086945519,0.0,0.0,0.0,0.0,0.0,0.0,0.0,0.0,0.0,0.019096187356437366,0.0,0.0,0.0,0.0012583885301349906,0.00023457434405116384,0.0009226106422280389,0.0,0.0
-0.0003970832149679526,0.012087697256253027,0.012935494982834028,0.0353634317062152,0.0,0.011824814985968102,-0.0015021088104513747,0.02881865703141867,0.020257433037775663,0.019698973234906603,0.024985131444908326,0.037244434040902274,0.022244528712702882,0.024341364304554525,0.009837013598272548,0.004608024965310431,0.01974825549975101,0.015467955715244563,0.020736684738046463,0.03587957644597917,0.016330336759686537,0.018951051648877393,0.016647608051276352,0.037112097384483345,-0.02554381574005382,0.021244466515403404,-0.005174447333416599,0.042926733425770525,0.010862136028619962,0.009855704017379951,0.028784603440062673,0.0411036174851524,0.028563648820694676,0.026332839697116306,0.017108058075200827,0.04061479336038154,0.05465977489596069,0.02208791125749937,0.02772643739963515,0.005559433203177866,-0.02516280553113004,0.019953833585860448,0.05383884575600728,0.0002516241693055199,-0.011994855540863159,0.0,0.013480470353228247,0.0370399985917379,0.0,0.020668082732614224,0.026663607505315823,0.04262578188870669,0.03556019381476594,0.03864601175187632,0.0016356034025530874,0.0747460240522494,0.009611392177642453,0.03901790324020393,0.056871276525689296,0.007054149837053991,-0.0009483841443207464,0.0,0.0,0.050409361672051456,0.04375507465747075,0.0,0.014945611390818125,0.04114785560320133,0.0,0.0001110533270754499,0.007939433102640447,0.025683855520929666,0.03418375795844242,0.03050890394696354,0.009662871483720803,0.03190253001736687
0.03346183572260708,-0.001553279102898708,0.013158107062425262,0.010593415019819974,0.011824814985968102,0.0,-0.0012618763441741288,0.0032542890194668384,-0.007024668889055341,0.014220869488533017,0.020522095328638856,0.023285905982306176,0.010936499740539285,-0.0055499565834871145,-0.0028993819087354544,0.0017376327753832466,0.03805667219547071,0.00611846388775017,0.0013718426008180185,-0.011071947798036996,0.010143066410193136,-0.00633537557279551,-0.014223198975946871,0.05176030175734536,-0.006830228586424347,0.02129647938295537,-0.029015443189017665,0.016683274724115404,-0.020695598485515998,-0.0007055016722641305,-0.00017596387973201066,0.006433982802986238,0.02020642268641082,-0.0009624972737889426,-0.0027538282412229442,0.015194019871915432,0.028221842518735774,0.019443767867990958,0.014577928505182025,0.03295508503079769,0.03361933817333718,0.04705934714611715,0.03760914852727193,0.030217671484477293,-0.006227359569743962,0.005706344085685933,0.0447923699261476,0.020000684213796083,0.0,0.025241210707624973,0.01399543480711396,0.025916673073969942,0.017381691741574223,0.03006945275879236,0.015431610492558145,0.041237221452981476,0.01599846083918366,0.028820281819129545,0.032960499721309544,0.033143701596241415,0.013128709669631144,5.551115123125783e-17,0.00531754774929144,0.04073255420338551,0.04243079107930209,0.042396499574275215,0.031651261498028105,0.02666730160472852,0.0,0.0133941991096862,0.032406330056398425,0.019566774407221432,0.032013756318324815,0.03356329385606943,0.03460098146333601,0.028969252139131152
0.03879052930228871,-0.0031780067498801134,-0.009418109412332398,0.023695920138636917,-0.0015021088104513747,-0.0012618763441741288,0.0,0.014426950251410775,-0.01175271107677156,0.01648970471203881,-0.009531772201654964,0.04522795847647426,0.005602085833763815,0.004849203190629037,-0.0008386474135556599,0.011492402583539063,0.010467041817294687,0.009707168944105338,-0.006573520678751332,0.026215024309376056,0.0056822664436075865,0.008974465077450755,-0.0011974582821632218,0.05332241506992186,-0.0018311041080825707,0.00017878400027965258,-0.0167500177551283,0.02775438648396278,0.0003382789675362985,0.017582438985954796,0.019529124093498218,-0.004017721620482306,0.026025828436470666,0.018168937606619973,0.007022420424154796,0.002850591503660016,0.017686854099480287,0.019296690221138724,0.042079519506095675,0.005399390727934994,-0.040037603731660654,-0.003650532344579127,0.02665038634916117,0.000261775265910702,-0.023699526302847718,-0.000606344576062734,0.029753898826416658,0.03175188749910518,0.0,0.03787214268594463,0.01848499266413761,0.03678350705148192,0.018660721784418965,0.021308092124814992,0.017299753800336215,0.03271526358925242,-0.006018763128554927,0.03183266648304006,0.020205359295111747,0.041342472530933205,0.008767317661892371,1.1102230246251565e-16,-0.000893666465429932,0.040701294454403514,0.04167016890201142,0.027951496668369102,0.032520463865972016,0.028853097144290185,0.015462832041331531,-0.006538034169168316,0.022727593571127302,0.020946885704606233,0.032082127582715,0.03378135650623071,0.019983440734928637,0.023746536036768018
0.03689261036561564,-0.007308642160441914,0.016200377007477507,0.005284236061481706,0.02881865703141867,0.0032542890194668384,0.014426950251410775,0.0,0.02517493862601422,0.02884345036800373,0.047547659504811546,0.03002860908484789,0.015354011780443266,0.0011813367267650143,0.01934045288479036,0.015825363249429625,0.018005630144892204,0.03204874112403938,0.04368812419688817,0.022291344704146066,0.011930875401739871,0.01337367072425738,0.011169835189355659,0.036074856012986434,0.03769148247325682,0.03390313742763851,-0.0013160647501909706,0.022516275758531823,0.018589574267608044,0.038275685439576435,0.025189020314565713,-0.012751416450551945,0.08910745730912945,0.015552303951336277,-0.0026432539301031177,0.0003946046639241585,-0.11347437984309067,0.01027690450841312,0.05243185657386423,0.06600718140783857,0.0477866530094494,0.014673253574078338,0.062058444499996424,-2.337364650428775e-05,1.0622487696176908e-05,0.005361988772303927,0.028938641820170086,0.03898387515353419,0.0,0.02918839998496564,0.02932436054797577,0.04044173635757908,0.06071218171682918,0.0491975956886086,0.0035326412203263713,0.05614084058181529,-1.1102230246251565e-16,0.039788143104586005,0.08119718431703987,0.08461802587278194,0.024373117617394302,0.0,-1.0926075269701574e-05,0.08454219715871414,0.03694323186674964,0.035559283505084416,0.03659987922109753,0.05696524658606167,0.0023599382028000604,0.024726965309914584,0.048050395367115306,0.02314994865649367,0.04146254150026957,0.04105630616622519,0.021687847372343694,0.04056344970650111
0.029336681277536192,0.010123428903040466,0.020477964428606665,0.039606052892698806,0.020257433037775663,-0.007024668889055341,-0.01175271107677156,0.02517493862601422,0.0,0.020923116302955125,-0.030136920365675668,0.026929752837607457,0.020940314395027193,0.027792815040832364,0.014465049100717053,0.013400899853491799,0.02553047153412269,0.006133808783037542,0.04019638319690716,0.017647988161745454,0.006560656796726572,0.008624476085821675,0.0011773253082066337,0.03146415076943221,0.0016436847776626906,0.009732489531507627,-0.003742885163238896,0.009013220087328244,0.010665688003518359,0.013054614205843085,0.015308342159774557,0.021835146056665033,0.01367378743498221,0.017132493474205146,0.020865972399795985,0.03760429805706983,0.027961261448969377,0.01911642654785073,0.06110705556307294,0.026275472564528557,0.0358319788194813,-0.051500944032727924,0.06494267331807979,0.013685000670945913,0.003310990388193824,0.0,0.007970792172609986,0.032770768441579334,0.0031446353384833037,0.04113628800831204,0.032836237328726314,0.04732439918208453,0.05719269131425331,0.044598169382490394,0.01891077741603131,0.09594789520688318,0.0012446439689166033,0.04713109482162947,0.08390770927982849,0.03392883393494589,0.010433373190609163,5.551115123125783e-17,0.0,0.060566265129125996,0.05379313416355713,0.027332121894613592,0.05889336488275654,0.045566227954348726,-0.000248800459753451,0.0016346059305009097,0.034476724131439374,0.025439436883195943,0.044354647175519846,0.04037036977253028,0.019851975567289792,0.0405295751428405
-0.0003197309169437057,-0.011144261199662608,0.014869279816616732,0.02226097500086799,0.019698973234906603,0.014220869488533017,0.01648970471203881,0.02884345036800373,0.020923116302955125,0.0,0.017430068062105897,-0.006212374069389237,0.016219974128139025,0.03765335031501149,0.01028682027825345,0.008545548749857634,-0.0010599651616344796,0.00939644085198843,0.016964657700541785,-0.0010106630275855122,0.02061470686372746,-0.008334434077629238,0.018503127235654393,-0.012760391346146538,0.008744742073140632,-0.025559597153429314,0.0060505634764582705,0.01029664888825882,-0.0005758737977057948,0.024438559227337897,0.015533886074465653,0.00036466959710118596,0.014590103698049639,-0.010556658515118611,-0.004414850527858727,0.057472569965066445,0.043781211615710025,0.017319257960147827,0.11128910430499939,0.04080729503457803,0.07969553739215823,0.11203966204411159,0.02170730366544843,-0.0019435671293504542,0.00792402110672863,0.004836665604524504,0.010029377731905265,0.024970762924412027,-1.1102230246251565e-16,1.6653345369377348e-16,0.020273590443492084,0.020637346411743862,9.00759010646901e-05,0.025522353306022816,0.013074571676417068,0.014019463227425755,0.009194643067009234,0.028154022302940174,0.0,0.0013086183268355978,0.01212921685414331,0.019918316846537387,0.020915910160524798,-3.697175038569478e-05,0.009575582916769743,0.0004671702874903261,0.02393935978084949,0.03220771192498917,0.01628888106615972,0.02601996715662208,0.012219418632562207,0.0316261198282588,0.04480337372945742,0.0465710079865263,-1.1102230246251565e-16,0.010979311287177995
0.0002926688325278759,-0.0013283137342737228,0.02647105222159002,0.010457650708946664,0.024985131444908326,0.020522095328638856,-0.009531772201654964,0.047547659504811546,-0.030136920365675668,0.017430068062105897,0.0,0.016759093477104248,0.0006883778615519587,-0.018175758594919267,0.0,-2.7769798452148553e-05,0.01907889959848913,0.01618916239075474,-0.008199956093191962,0.00012762634961183128,0.019462990457691398,0.003335468575745959,0.046602552631876515,0.028968143818243308,0.023997642174937828,0.015250967614426292,0.022823739887769867,0.013660409394550321,0.019795543924868486,0.021285796488203557,0.018359045533545282,0.0482635687931971,0.036528029138176155,0.019221376128649492,0.011483118607472642,0.019307967005681215,0.04789184597034968,0.021345671424390922,0.06698216042066424,0.015437275048153454,0.009194570856711493,0.0026192173144661823,0.07786594801354363,0.002187917785924476,0.004476451254522562,0.0,5.551115123125783e-17,0.041976064704196014,-0.00022398604697315694,0.06385037558073703,0.04827340933181146,0.07266236717807595,0.06778377334114566,0.07031686099896839,-0.046341163353139536,-0.013375819863486904,0.012986997654068577,0.04983012961294969,0.08562504330780613,-0.001266488799217813,0.0,0.0,0.0,0.07529165700037782,0.07858227268490481,0.0,0.0068801545555362,0.058972230184292096,0.0,0.0,0.007071386740856445,0.03502145365547882,0.05616656999624703,0.05972008800490991,-0.0018347942999876188,0.05034901467579789
-0.01045030997197366,0.005155084798064535,0.02918756967821151,0.017300240465908612,0.037244434040902274,0.023285905982306176,0.04522795847647426,0.03002860908484789,0.026929752837607457,-0.006212374069389237,0.016759093477104248,0.0,0.034020246397957976,0.0228557957295078,-0.0033064429353820146,0.0255204218178825,0.02257394349556352,0.012999340186223118,0.03942705314739864,-0.0034595742293464515,0.017105953249605732,-0.013774353409789997,0.04237373638102132,0.00032190108190366384,0.02342340180027286,0.017651196750556708,0.01986882625074249,0.044368039566699546,0.003112773237931299,0.027269119409555287,0.02579102981177961,-0.02157784169318616,0.012335618735284215,-0.0013959077278885013,0.004535344077849501,0.016538661489683804,-0.018706188545682928,0.002766575345904132,0.009660665455167528,0.05891114140602005,-0.03786048484923704,0.11458211951589842,0.015179967652289017,8.307948156283107e-05,-0.01213260901015939,0.055170533484818984,0.022532033864064438,0.0024459029640917507,0.0,-0.0001810186972905914,0.020271119598655574,0.05674599565573907,0.0,0.005451115714828814,0.02085884612468414,0.01024028305859076,-0.05394233207847504,0.05159787378025166,0.0,0.008815664430672665,0.003758303638471905,0.013718572909393767,0.02247595199361646,0.0,-0.0015308655467560217,0.0002824411712712416,0.007310309219026534,0.04372589653980513,0.024483143354715686,0.023996994927532322,0.014014026610013164,-0.0009131957630464371,0.08137463788619337,-0.004385730038130808,0.0,0.021783104691458444
0.034735173065450986,0.010816934999439975,-0.005663349434887999,0.031734124315253465,0.022244528712702882,0.010936499740539285,0.005602085833763815,0.015354011780443266,0.020940314395027193,0.016219974128139025,0.0006883778615519587,0.034020246397957976,0.0,0.012999240660173272,-0.0013714028526775057,0.01622851659940916,0.015323312022235136,0.017699510993865186,0.005584715997017764,0.019680066998673362,0.014357186602103111,0.018529830498999755,0.002108577911804521,0.04037710370816083,0.012081335687776806,0.010079252138933459,-0.010393943242894166,0.020399781913589654,0.01285194151503316,0.013794697245379794,0.009394397461618853,0.002690612040449236,0.026453711601580665,0.022306876156841182,0.018334534961315874,-0.00152133271893784,0.018848263766992113,0.026312701900569058,0.031561796895343774,0.030835091663549752,-0.002417398186823738,-0.02090119161600007,0.030553574165603115,-0.006836387071472438,-0.0037571723055549455,0.01089682922903823,0.04327124345812955,0.014217856165867238,0.0,0.02177800305273936,0.02092345261325501,0.0339393432125219,0.020136537514637343,0.01811580101961885,0.01523672254805869,0.023551218477925462,0.03599773036583598,0.02864925684941777,0.02404319963939483,0.03788359925339041,0.019049794382681895,0.013072088526076886,0.006694660704579858,0.03649376353558964,0.03850728695796729,0.03239978699244328,0.033648280991691704,0.026314292885450397,-0.005595932212272392,0.02044664163803961,0.0324502517970266,0.02232334230992039,0.03349070727107628,0.03188191632608983,0.06067522143451154,0.027863749441445207
0.007513284931751796,0.0,0.02573048811683959,0.004129235646992135,0.024341364304554525,-0.0055499565834871145,0.004849203190629037,0.0011813367267650143,0.027792815040832364,0.03765335031501149,-0.018175758594919267,0.0228557957295078,0.012999240660173272,0.0,0.005152920898534363,0.0,0.0,0.0,0.040889039703144225,0.0034827153387840815,-0.0010508398569581967,0.0035542191298162384,-0.000892903817820978,0.03603420613992303,0.00021865510975849212,0.021547051532158967,-0.0014742273565997444,0.023058053046095317,0.012301744074062537,-0.0003412286883024418,0.027868408282005375,0.06353048506931114,0.02120474652585924,0.017799875811138288,0.06692087649546558,0.02874543947848046,-0.002680456755863342,0.009204308321939081,0.019983665761750646,0.0,-0.00027257316689582867,0.0,0.08939977695240392,0.0,0.0,0.0,0.0,0.06144289352545518,0.0,0.020328418390504477,0.013517512093534356,0.02563963906385408,0.07526729517692043,0.053929304207728124,0.0,0.0866267420235437,-0.0004594847979825789,0.020519795522426,0.01560371329622201,-5.551115123125783e-17,0.0,0.0,0.0,0.08062749793443647,0.0014179018063456006,0.0,0.0,0.05610832653702913,-0.0008149370154205138,0.0,0.0,0.0191735790075086,0.04391126177837046,0.007548943047569201,0.0,-5.551115123125783e-17
0.017117842293852437,0.013364540274985848,0.015669984805920134,-0.00010452168893226865,0.009837013598272548,-0.0028993819087354544,-0.0008386474135556599,0.01934045288479036,0.014465049100717053,0.01028682027825345,0.0,-0.0033064429353820146,-0.0013714028526775057,0.005152920898534363,0.0,0.003953751759984414,0.017662561959174983,0.013688934313633994,0.0,-0.004057590863398075,0.01098600867738575,-0.03785056365133238,-0.00529666050460792,0.020888526507115257,0.008619872603306045,-0.0109701577880561,-0.03649859970991304,0.012735479495431912,0.006295607641614909,0.0074683529345329625,0.012768593330345634,0.012124439077117966,0.0420992879084221,0.015008180640967816,0.008724961294058475,0.022847431644950622,0.006179284640245197,0.015514502419999687,0.006762026719261516,0.05703171341046909,0.026172985994447617,-0.0010775889244151182,0.008894754753180967,-0.001248171198784842,-0.001518171484565345,0.023256719254037994,0.052938616547072104,0.015909031975889276,0.0,0.0,0.01843455121760207,0.02117601314909512,0.0034697086946253175,0.020123977520322356,7.806410283084375e-06,0.0,0.009918165513081667,0.023364991006892766,0.0,0.026084589719860718,0.03708091045652234,-0.0006810998542418067,0.034170850498713545,0.0,0.01816011936938855,0.039799730508115194,0.027655025154993296,0.04158863680020086,0.014267987297217122,0.04587380020159049,0.03313804586384239,0.03246127959159739,0.05098559169943084,0.044231094728008624,0.014736366192403039,0.01536876907033824
-0.007838644470787581,-0.00525020147677463,-0.018658989638799417,0.0,0.004608024965310431,0.0017376327753832466,0.011492402583539063,0.015825363249429625,0.013400899853491799,0.008545548749857634,-2.7769798452148553e-05,0.0255204218178825,0.01622851659940916,0.0,0.003953751759984414,0.0,-0.027964375446062728,-0.006615759729915682,-0.001270099782384626,-0.02760365570717427,-0.0009328334204133926,-0.02084304943337867,-0.0037180389224441557,0.0015982119827041008,-0.0013233198097490906,-0.0065587614970855634,-0.012358399271627518,0.004378164748354896,-0.01288618313958173,0.002866272769308398,-0.004472887033449224,0.0004139722616531283,-0.021631403380418135,-0.013821517522290605,-0.018204985353063252,-0.004461496415133714,0.005449113161124064,-0.014383932253433929,0.019130203910040056,0.007859319595050762,0.013244101443834144,0.0063813707878389025,0.012676494733110333,0.0,0.0,0.022119215609610554,0.014573603699081061,0.0,0.0,0.0,0.02106391692605203,0.008830372881208692,0.014963514758713492,0.0,0.004109524411106846,0.0,0.011677199297075058,0.018945063779733318,0.0,0.012081179297716627,0.006131611713665663,0.03001214785898304,0.008842601843840114,0.0,0.031836557125567766,0.017217935086127734,0.010178575475715601,0.03104942134853589,0.013004141313022188,0.017185834722826587,0.014015140685788519,0.018622125804793388,0.025492174076175877,0.050505501489336246,-0.000166509271915527,0.004534675131956101
0.051431323464314116,0.002458336338636846,0.02288202882103757,0.0005617747285577845,0.01974825549975101,0.03805667219547071,0.010467041817294687,0.018005630144892204,0.02553047153412269,-0.0010599651616344796,0.01907889959848913,0.02257394349556352,0.015323312022235136,0.0,0.017662561959174983,-0.027964375446062728,0.0,-0.01519679335428531,0.02131038692190912,0.00018981104377097102,0.019815416502421412,-0.006712609642423151,0.018770654838190015,-0.003376675514685401,-0.023282735798120846,0.012104168117882563,0.002081718428888213,0.024957417732460407,-0.0010225361740068828,0.011358637216543566,-0.004995537954922413,-0.010918108006831795,-0.014408448773473748,-0.00041525812247095173,-0.020072387136229386,0.020164949434461343,0.006553564482440155,-0.008644226899942264,0.003705019193281589,0.016733606349452146,0.00958609803596161,0.02842327537388689,0.0,0.0,0.026864337477580436,0.06810155932037465,0.002409753230773193,0.0,0.0,1.6653345369377348e-16,-0.0006829518629088982,0.0003309939999681655,0.0,0.0,0.018147267535126965,-0.0005874254988540994,0.014782369025285791,0.008529627587578636,0.0,0.0,0.0044762593206078005,0.016946090889983,0.01585296979403944,0.0,0.00010105644309438278,-5.551115123125783e-17,0.018430424001941503,-0.0015600444086322218,0.03130665085276396,0.017987469453219884,0.01689564826903306,0.0,0.009755294281959481,0.009424883730087152,0.0,0.014490383009126029
0.008179050305965774,-0.010600738916227648,-0.0025691299635273723,0.0,0.015467955715244563,0.00611846388775017,0.009707168944105338,0.03204874112403938,0.006133808783037542,0.00939644085198843,0.01618916239075474,0.012999340186223118,0.017699510993865186,0.0,0.013688934313633994,-0.006615759729915682,-0.01519679335428531,0.0,0.011793644048704532,-0.014147309375286521,0.01645210289340343,-0.013660520484123584,0.01250172860591009,-0.0004226467086463903,-0.009538208914369739,0.004079474223640689,-0.0021504461488033866,0.009040483249494802,-0.0018731223036775324,0.01208285739218351,0.003834514344606965,-0.0005145875229606856,-0.012376109869344343,0.003873642427043522,-0.007298409684865892,-0.07901970500177846,0.0,-0.01584234699044884,0.014043184355595206,0.004288729675798186,0.009865004033719538,0.012160107599069825,5.551115123125783e-17,0.0,-0.0015276643366062825,0.027913881408456798,0.0162071901343398,0.0,0.0,0.0,0.02694705240410461,0.00031083751778171465,0.009007784273784625,0.0,0.009695884101382335,0.0,0.0030893082551476936,0.019440576737935755,0.0,0.01179545217047595,0.011556256807759457,0.010791649751669519,0.01336150145198528,0.0,0.032646889116145605,0.017640554999956315,0.015056142268302264,0.04562938221950191,0.01807169548776638,0.020711361711039822,0.01843253231779307,0.029413304695093068,0.015877602077159048,0.021520573384991637,0.0,0.01231359138549859
0.0,0.002705940536759377,-0.0043198674381050295,0.024427857219192106,0.020736684738046463,0.0013718426008180185,-0.006573520678751332,0.04368812419688817,0.04019638319690716,0.016964657700541785,-0.008199956093191962,0.03942705314739864,0.005584715997017764,0.040889039703144225,0.0,-0.001270099782384626,0.02131038692190912,0.011793644048704532,0.0,0.005330016619470801,0.015173412675907882,0.023733243044834984,0.05264478709479997,0.007720280835121662,0.014338504409903863,0.016156361366328864,0.0076141278376301025,0.011073080721582473,0.020853933998510654,0.022809964794560322,0.015713572343437232,0.028391046846482915,0.015302567995227279,0.015292768312770266,0.01832003971813323,0.045195200685265224,0.02052237377015409,0.0027922435964692904,0.06828592604106326,0.022544822514018792,0.039099461947044944,0.00724646789264638,0.07913430524190906,5.551115123125783e-17,-1.6653345369377348e-16,0.0,5.551115123125783e-17,0.03025839687661369,0.0,0.059478892768304426,0.0472963334820381,0.05555624372686252,0.06368245905920267,0.058915812991107264,0.00177130294048633,-0.03905872757845996,-0.002130000553686562,0.05017993226397943,0.05884083165549747,0.059364060014482745,0.0,0.0,0.0,0.09071230787457918,0.0632291477182449,0.0,0.004369533192635111,0.06268901185642661,0.0,0.0,-0.0015003151798662073,0.035851223804088894,0.04837246391883332,0.06381376514523657,-0.0002346266447327272,0.03694171807134672
0.018642515673129578,-0.0017349100165111042,0.008626872751358317,0.024141877024817848,0.03587957644597917,-0.011071947798036996,0.026215024309376056,0.022291344704146066,0.017647988161745454,-0.0010106630275855122,0.00012762634961183128,-0.0034595742293464515,0.019680066998673362,0.0034827153387840815,-0.004057590863398075,-0.02760365570717427,0.00018981104377097102,-0.014147309375286521,0.005330016619470801,0.0,0.02309947855064398,-0.002523901215527369,0.0028782697015746206,0.03443432332291124,-0.010064652825487685,-0.0030058245208393064,-0.0004891950020675662,0.008013997513560966,-0.00793962363368611,0.025059006871479106,-0.008841483637489045,-0.011243783469539581,0.006512127469326778,-0.0179884248680916,-0.013667847040339465,0.011791386722511232,0.01787939723045323,-0.0011333379473071337,0.002348336592682354,0.028238452683169046,0.015565848810229321,0.03276945946981863,0.026834450195429793,-0.0006623494274657915,0.02612149805875097,0.023063486517977683,0.036964296521626805,0.04285858295022921,0.0,0.006720486276634519,0.033596647582447625,0.0513388770951948,0.016352599679172797,0.06772820415704323,0.005668392248423304,0.02162402038849265,0.0068597596635521785,0.04058655305277209,0.0,0.018370507493888577,0.019850864950636815,0.001680935304282094,0.006636410175068497,0.04926934584636761,0.021386499116244906,0.029517336506839353,0.01990313466297311,0.037847410308836094,-0.0010816381752264403,0.01928223670021001,0.0336639894053401,0.03415883269328168,0.04653944545521599,0.04234488421610605,0.05299753367787896,0.025230380019252097
0.02025641218426838,0.03127034429070419,0.013621198477669405,0.0006877830533995599,0.016330336759686537,0.010143066410193136,0.0056822664436075865,0.011930875401739871,0.006560656796726572,0.02061470686372746,0.019462990457691398,0.017105953249605732,0.014357186602103111,-0.0010508398569581967,0.01098600867738575,-0.0009328334204133926,0.019815416502421412,0.01645210289340343,0.015173412675907882,0.02309947855064398,0.0,-6.943329646719176e-05,0.018621978556505936,0.0296246074152971,0.026381168966575164,0.006078916935719658,0.017141287746833267,0.027022896896865933,0.023337428855294273,0.03893558868933744,0.03931846741663836,0.029770185043822228,0.0451086134026491,0.026393786175164136,0.024398721785337585,-0.012262086262445071,0.011728818013700126,0.024982441866242378,0.04249038073269806,0.07008196548820983,0.046600126054467506,0.02066038507330359,0.019819503035119368,0.0,0.03058516322353272,0.10166017882360295,0.04725642706688993,-0.0020892989693965802,0.0,0.0004002896854417015,0.03736385940551484,0.01636948725510773,0.10559541496287078,0.004933174066610646,0.00014781155155735304,0.0,-0.003039077612994545,0.04605443916793145,0.0,0.03098038254759633,0.037390225565874124,0.0,0.018403644424435317,0.0,0.043515928054786934,0.07715526424774288,0.03398699834698593,0.061858878077279744,0.024446986059328768,0.04327172171528215,0.040646973218521176,0.04400856984446028,0.04455766201719591,0.047391407892934945,0.002557353383508487,0.0477489640701782
0.0032238183756660987,0.0018669255483060865,-0.00212988053744112,0.005248182313172367,0.018951051648877393,-0.00633537557279551,0.008974465077450755,0.01337367072425738,0.008624476085821675,-0.008334434077629238,0.003335468575745959,-0.013774353409789997,0.018529830498999755,0.0035542191298162384,-0.03785056365133238,-0.02084304943337867,-0.006712609642423151,-0.013660520484123584,0.023733243044834984,-0.002523901215527369,-6.943329646719176e-05,0.0,-0.011829651729676205,0.04723406493091881,-0.009454954943585614,-0.015605315080486126,-0.008804674587685912,0.0008550561747138752,-0.010748943902021912,-0.007293662448040195,-0.0031386112271772904,-0.007586431761789025,-0.0015977518858238948,-0.011140049609241365,-0.01432126283524654,0.013117381533917505,0.023311281686895835,0.015454197853874863,0.0072643199523858,0.031066048540057956,0.002842038447472106,0.015226234927434246,0.031142971252010154,0.0,-0.00105037945257358,0.037000518615332045,0.03485432750083961,0.019728215310429287,0.0,-0.0001910514180337164,0.018969476554142828,0.030763872262599745,0.008486113290277708,0.022948370340619362,0.02525755968735055,0.0,0.011570947054860725,0.04944402089740363,0.0,0.019229798055630076,0.010963885612961188,0.028343994258009764,0.017888703619476254,-1.1102230246251565e-16,0.0193662218144785,0.032301413265176326,0.024392398315479236,0.02815114786807127,0.029342048606127435,0.028091866131112475,0.034122567815117244,0.027111090942380345,0.046920683967762444,0.03627464028734739,0.012093476098371803,0.020666489532086163
0.040291785925173684,-0.0063203906157170975,0.042808627937987676,-0.002988731269765954,0.016647608051276352,-0.014223198975946871,-0.0011974582821632218,0.011169835189355659,0.0011773253082066337,0.018503127235654393,0.046602552631876515,0.04237373638102132,0.002108577911804521,-0.000892903817820978,-0.00529666050460792,-0.0037180389224441557,0.018770654838190015,0.01250172860591009,0.05264478709479997,0.0028782697015746206,0.018621978556505936,-0.011829651729676205,0.0,0.037766296431659185,-0.00896436247204968,0.015304751940476313,-0.0055232014750530856,0.005829642691998704,-0.001585514253771736,0.003959201680020841,-0.0008225569701658109,0.0057631776708558236,0.019441849542208955,-0.003623165167404352,-0.003738761507622923,0.03127559528637536,0.02621276741492662,0.04739793110374463,0.032391052095276374,0.038355931575443425,0.04191275108860426,0.03769621716135496,0.05089604180417473,0.046199361887561796,0.016078599401905702,0.040237560470411826,0.03716217515165565,-0.06666156060921502,0.00012463038469295862,0.039017304164645994,0.024012766660793994,0.039884979825203226,0.044943266293759665,0.03759151097488189,-0.014250725298050604,-0.04519866415786056,-0.0020041998797319382,0.034498106329810097,0.07117927887602649,0.03486112483346038,0.022440141844205452,0.005211504328350713,0.04332592830679194,0.06635515181781426,0.034246511537975644,0.05169328522389777,0.030724524619211102,0.03353643063706713,0.005578099987404994,0.03288001475987562,0.03505985317902599,0.02683123848518676,0.0363296260971272,0.039545272587487634,0.039463616782813404,0.02909022966615249
0.014879227126239347,0.024531989942151,0.027993701344568966,0.0025028429717162126,0.037112097384483345,0.05176030175734536,0.05332241506992186,0.036074856012986434,0.03146415076943221,-0.012760391346146538,0.028968143818243308,0.00032190108190366384,0.04037710370816083,0.03603420613992303,0.020888526507115257,0.0015982119827041008,-0.003376675514685401,-0.0004226467086463903,0.007720280835121662,0.03443432332291124,0.0296246074152971,0.04723406493091881,0.037766296431659185,0.0,-0.00784178590075113,0.005126390602364472,0.035582381210869596,0.041405922482542434,0.02757095336999299,0.0493846903749523,0.023355926440267016,0.0014391294851073821,0.018070810542456683,0.024547607997661813,-6.227757618942897e-05,-0.012699893520488725,-0.0010092794775289904,-0.002421955390655761,0.011552642592256301,0.0214016794016898,-0.08124243125700892,-0.06454715127027943,0.09770143887046723,-0.0016004787148316546,-0.029040091731523443,0.06000234281463879,0.0206395513765108,-0.0002673361640025962,0.0,0.0,0.012133552234795064,-0.0042308080994507,0.0007380963319451594,-0.0009825502611551795,-0.011105056171414052,0.001211887318680993,-0.03616348876924025,-0.010741335807674557,0.0,-0.0005883894031077364,0.02715861849334872,0.009214655727159848,0.017522844168304463,0.0,0.009758739864081933,0.035388254184922696,0.02038348169512899,0.00028990512052973205,0.03497389267027479,0.012941376543692873,0.012437542569788185,0.01943591616241347,-0.02542274590257909,-0.006048817473485624,0.0,0.01834011963701604
0.015950612427898858,0.009631875965385117,-0.01941411200393267,0.0,-0.02554381574005382,-0.006830228586424347,-0.0018311041080825707,0.03769148247325682,0.0016436847776626906,0.008744742073140632,0.023997642174937828,0.02342340180027286,0.012081335687776806,0.00021865510975849212,0.008619872603306045,-0.0013233198097490906,-0.023282735798120846,-0.009538208914369739,0.014338504409903863,-0.010064652825487685,0.026381168966575164,-0.009454954943585614,-0.00896436247204968,-0.00784178590075113,0.0,0.0025643110514272927,-0.01115190114243747,0.005767437584817181,-0.012618036960757084,-0.015281626283902394,0.011373230300509074,0.009158450920344618,0.004360444487106152,0.004970266954611557,0.0016732733816043899,0.028016389891391325,-0.0008523384634914755,0.0007478992677163454,0.02168344093602592,0.02630126174617048,0.020642380087109724,0.014252387889640838,0.0015182170561220953,0.0,0.04802227489293964,0.03721184669535832,0.02326422186327659,0.0,0.0,0.0,0.029411257451221917,0.01626040852732702,0.020602421666771287,0.00026373514626881756,0.02334578475393373,0.0,0.01855150876504591,0.029373325242042947,0.0,0.037182361334716585,0.019162369038178806,0.023732469570043158,0.021930808424164894,0.0,0.017143542724696037,0.024540042694246866,0.025797088933329104,0.05419745384446922,0.020499410817877595,0.02979055357704613,0.027103030022998298,0.02828603211029368,0.030733103277849005,0.01604203326877396,0.0,0.023420536852068075
0.007890529651541967,-0.0036533158249481557,0.0028970256156750085,-0.0034912276817364307,0.021244466515403404,0.02129647938295537,0.00017878400027965258,0.03390313742763851,0.009732489531507627,-0.025559597153429314,0.015250967614426292,0.017651196750556708,0.010079252138933459,0.021547051532158967,-0.0109701577880561,-0.0065587614970855634,0.012104168117882563,0.004079474223640689,0.016156361366328864,-0.0030058245208393064,0.006078916935719658,-0.015605315080486126,0.015304751940476313,0.005126390602364472,0.0025643110514272927,0.0,-0.0021768771088457317,0.007127673916603461,-0.0041736182795583665,0.015810253310189926,0.00985054981209127,0.00799789465139572,0.018208050788842023,0.008513441621764206,0.013350798119732998,0.0639296017788274,0.006546105792076262,0.005117030125289301,0.024736268616202983,0.03629710292310917,0.02272868092529645,0.022484416383477923,0.041484257463757945,0.0,-0.00020424309404876162,0.04404040975145734,0.04299652513610608,-0.0063490464091898735,0.0,-0.000885168002883352,0.01700863489752763,0.014691827889710185,0.01876727751245577,0.01841186643791043,0.008267321521438553,0.01635079311015608,-0.004089461947745399,0.02079154866840066,0.0,0.021463152470529212,0.021431869898402345,0.014879531917688371,0.02347096302363416,-5.551115123125783e-17,0.03833286386766549,0.050623784123812854,0.024773534237731543,0.032649481706409245,0.027906767983229996,0.03279371429989486,0.03465406536176363,0.026616683990286272,0.02346853777116309,0.02857851556654678,0.0002898049936688185,0.024099303283556806
0.016439225584079564,-0.0023840004512427626,-0.0005104470546078432,0.012206888798736049,-0.005174447333416599,-0.029015443189017665,-0.0167500177551283,-0.0013160647501909706,-0.003742885163238896,0.0060505634764582705,0.022823739887769867,0.01986882625074249,-0.010393943242894166,-0.0014742273565997444,-0.03649859970991304,-0.012358399271627518,0.002081718428888213,-0.0021504461488033866,0.0076141278376301025,-0.0004891950020675662,0.017141287746833267,-0.008804674587685912,-0.0055232014750530856,0.035582381210869596,-0.01115190114243747,-0.0021768771088457317,0.0,-0.006241497674831897,-0.004200946785857695,-0.006114909167876548,-0.010231568186564954,-0.012522863352411429,0.006264388524378106,-0.01824013337325542,-0.0177608414077694,0.008994259776573865,0.004314867354415053,0.015204396129692155,0.019492544280659718,0.026483275667861517,0.039049947354788395,0.03544296376876421,0.019828680524712483,0.0014959478409287685,0.0393607164199834,0.012484621286924624,0.03376170595451228,0.028502266946407007,-1.6653345369377348e-16,0.022636486193245542,0.014149795946845067,0.024152380056209455,0.00869008873226923,0.012328053912413983,0.018412900408904087,0.03573345006162065,0.017800778900995073,0.025649548985769988,0.07849449625907279,0.02829995970614968,0.011331387471778809,-0.0001325212616513638,0.05059932661174471,0.04491163568874501,0.029538139118737594,0.04013423666898752,0.025032824606380233,0.02948249714684925,0.007320291126669876,0.019177657781685398,0.01966254452151106,0.02539414814264329,0.03055223803445184,0.03476590270601665,0.03107988779716553,0.024627382347694238
