0.0,0.043480326641234524,0.005963272883086512,0.0,-0.00018068362672613025,-0.00014301843803743441,-0.001684962198784945,0.042574292558599125,-0.005854296572100792,0.04144582895529558,0.0007111211989310195,0.04946622542721352,0.031698988022081376,-0.023001300884646803,0.021528786145856182,0.02186148255895004,0.040190659764593684,0.00776539522673908,0.0,0.05602556585303803,0.04138784655251393,0.03645367931703086,0.03671037757062867,0.023328165374163046,0.024963559394836576,0.02415566126065355,0.03189084174806023,0.03366627170114195,0.03763085833943325,-0.005384114257783457,0.03098294333981827,0.03826819193049774,0.04415622746542386,0.027815642206176883,0.0413732680884058,0.0027581143901729277,0.0,0.03652695418802676,0.0020448255812176575,0.001055898993920834,0.031964262718932934,0.008810377597032903,0.0,0.0,0.02700971948514813,0.033417595122150145,0.01606073929645402,0.0,0.0,0.0,-0.0030615260816647116,0.0,-0.01756368511874451,0.0,0.08672823361557519,0.0,-0.003357770496404122,-0.011095436771310807,0.0,0.02303348570781716,0.023235711055325903,0.026585600980223556,0.00837657163547939,0.0,0.02652375135218288,0.04021451556352923,-0.010124325395410194,0.016741198169104965,0.03774031453539095,0.01091647288979497,0.015007824996371433,0.03273035916205319,0.0003820257231907376,0.004027863047293856,0.0,0.0009085657374710565
0.043480326641234524,0.0,-0.03924978234086124,0.0,-0.03911762867608981,-0.03290742916006101,-0.03845573444166572,0.011131439828739764,-0.04109079762468615,-0.00847304861328324,-0.0007178197194428471,0.0009617834666516556,-0.02627167502429778,0.0,-0.002152473624904172,0.008508884546125639,-0.00745960740282875,0.0034770339088338043,-0.03750764412261165,0.010579636024977301,0.025412655490478497,-0.001957343038788917,-0.025538296412018324,-0.011748308337385771,0.005288390784775443,0.003176837265630672,-0.014435057106679194,-0.01890092475772792,0.016502268386147156,-0.016345372288870952,0.014575852720931093,0.013901091553847278,-0.0020628077482047202,0.018420106493923116,0.02804357557513959,-0.005758834306245242,0.005109010603883801,0.0006069826149450175,-0.0036250310890595383,0.02037633908787989,0.009532554461884502,0.020588377508558797,-0.033239847805209444,0.0,-5.424755552557725e-05,0.0358377951998588,0.0034741599176215665,-0.005532943685984615,0.0,-5.551115123125783e-17,-0.014849816406810323,-0.022967439207075113,-0.0011764584057488148,-0.01667621067235181,0.01345802514055544,0.0,-0.0065411359209095465,-0.018224531725043513,0.0,-0.002933726976367068,0.010247174111313428,0.009660070994680414,0.0069167821143694685,0.0,-0.028913675792702043,0.022374641731157996,-0.006752514083961159,-0.008065910535647758,-0.0019218235240088255,-0.0006343711959947984,0.018977754665619295,-0.015461644343169434,-0.03055315431976069,-0.02150099328618177,-0.025301959104133687,0.01137078144321585
0.005963272883086512,-0.03924978234086124,0.0,-0.059496049768940074,-0.014176571786587044,-0.018140994623665974,-0.01081156927409277,-0.0002590301382536242,-0.005694988779708032,-0.011814910705190418,-0.007780275971600081,-0.014549081480371762,-0.014452365599074202,-0.03368743184437256,0.0015268572297653105,-0.06939067117319975,-0.021967524762228463,0.00477653348574425,-0.017780460287877886,-0.01217555007994392,-0.03341810656881189,-0.04449280351417095,-0.04253387362897776,-0.0019579008312944346,-0.03657726494502511,-0.051787017853206,-0.005072075355288697,-0.01904905951090935,-0.045961862798816255,-0.03741042270372358,-0.016900220271214794,-0.0050628391270760575,0.024777957822738506,-0.0068587361630386146,-0.006714883253006121,-0.023143754232669733,-0.009076576921079216,-0.005246081127085689,-0.0050967921617128265,-0.01921056442888136,0.012919048339315675,0.00441729398243329,0.0010002782710790137,-0.009961761699183891,-0.00021099590786488598,0.0,0.011517052079435042,-0.15199125125096508,0.00023531476729493628,-0.019280845127992663,-0.010368491948106962,-0.007212615648226617,0.016455019040226948,-0.053655722650282345,-0.01402291996283267,-0.0276770123211309,6.568924508570939e-05,-0.026374632967926748,-0.011939315903576442,-0.0007041856062355856,-0.0004126432275113334,0.0,0.0,-0.1068540059486498,-0.02702055597860542,-0.0012717317432824338,0.009370029509389477,0.003799637689961388,0.0,0.0,-0.040450781338973674,-0.02670605443038987,-0.01434803905281401,0.003569318555466716,-0.029358261857502344,-0.003401687281151311
0.0,0.0,-0.059496049768940074,0.0,0.013357873322803138,-0.01517942887761059,0.02684911670686796,-0.01953162283509552,0.012405862322425854,0.11740808670155556,0.0006977366351483272,0.1070613938679798,-0.02105955107820906,-0.02903020623911673,0.005003839964170198,0.0,0.00015642200955956476,0.0,0.01650243418706937,-0.010937538355237697,-0.00040114173397898245,0.008051791615075077,-0.03398736538977687,0.007507905469232357,0.0,-0.0018962383212594025,-0.009444403393604861,0.03406914278633261,-0.0152383865840649,-0.00016685745594186008,0.04896511293325401,0.0506435800876357,0.05723747831514653,0.05358626357168761,0.02680535770414888,-0.038452271394985055,-0.014254981523587534,0.007231942124856894,-0.0007998167610626661,0.0,0.0006492980005893823,0.0,-0.0004719221577701993,0.0,0.0,0.0,0.0,-4.65145594109595e-05,0.0,0.0,-4.587408647799274e-05,0.0,0.0,0.00010889657298962518,0.0,0.00011148260193605264,0.0,-8.197737465631683e-05,0.0,0.0,0.0,0.0,0.0,0.0,0.0,0.0,0.0,0.01221965404567471,0.0,0.0,0.0,-0.001999367620786008,0.00010673768525687466,0.0004198128518409505,0.0,0.0
-0.00018068362672613025,-0.03911762867608981,-0.014176571786587044,0.013357873322803138,0.0,-0.02105758751455139,-0.004836953673928168,-0.019928117439718063,-0.002830155140929602,0.00592161704501748,0.0013292023588384883,-0.01113170583132228,-0.004485822015848573,-0.021821414827004504,0.01069166336545141,-0.034550866294213,-0.0015142762580597768,0.03862626466121227,0.010438589065428494,0.0013044847360177414,0.014398415076123161,-0.0244317928590137,-0.02793490331393028,-0.005733728571813812,-0.01081301071786045,-0.006508087082010616,-0.04232385532131788,0.005057333426836619,-0.029925072641304784,0.002835466614489135,-0.0054942526377660394,0.018795115056544853,0.014194427866838277,-0.005442375212717676,-0.006351870032590412,-0.003584723979328852,0.0027511020294659905,0.017059870198645077,-0.0021071053725494338,0.009169753440095518,-0.019402159599564373,-0.03938239283696676,-0.038128894365553,0.00011449581792499774,-0.006378544166551092,0.0,-0.005132494283112632,-0.045005658709059704,0.0,0.007103798468777733,0.0030687051756042028,-0.02410208091378141,0.006048308206131836,-0.02354288827688822,-0.0005045814101877766,-0.012798323952888602,-0.003714719283922252,-0.04879560827888474,0.0055132099985634175,0.002924259034583543,-0.000431540493947169,0.0,0.0,-0.04726931109592908,-0.007397278052185596,0.0,-0.0015494573256873978,-0.02688628347735167,0.0,-0.0002633435051829225,-0.00883346113955652,-0.04537712203215105,-0.04186095997234318,-0.028330273458803235,0.007938316170995718,-0.0026278765398755066
-0.00014301843803743441,-0.03290742916006101,-0.018140994623665974,-0.01517942887761059,-0.02105758751455139,0.0,-0.01894655653074817,-0.0381985597528503,-0.011463453236618404,0.0012389304021449554,0.0040544983350515595,-0.012650939069821454,-0.020378828756605682,-0.007393720496497447,-0.03385576103319565,-0.015383559959498583,-0.042494146077004025,-0.017171637791604577,0.01901391071742592,-0.006125672022126216,-0.03424366911539978,-0.024988908121874875,-0.0312561254996217,0.018551424643199865,-0.02418309112697259,-0.043278475589032916,-0.03046161754419302,-0.02131884294983416,-0.016247174594393676,-0.028885590749173795,-0.02184159813380321,-0.02273030729750225,-0.031975062389239084,-0.014013433678930487,-0.01336008335730099,-0.018353659607339312,-0.006938991377159365,0.0020377325471854224,0.0010023161091191057,0.008342721988936708,-0.008458002024878342,-0.01049151027373696,-0.017623187730578693,0.020241244209204923,-0.003002521448541018,0.00047957595249148444,-0.025816264261977806,-0.012588660077715752,0.0,-0.00018803144372481206,-0.012038128529261005,-0.01363773941529356,-0.017322264187234537,-0.010168713739718283,-4.980218332417685e-05,0.000883880624712452,0.009529105485156286,-0.015860492030485007,-0.004365996003154959,-0.028778691415273394,-0.030296302217331927,5.551115123125783e-17,0.007825634852019758,-0.012229377658773855,-0.020093974604784626,-0.03262253863402598,-0.03581057369722457,-0.006507958458907281,0.0,-0.02792948724113764,-0.020963547115145864,-0.023060564134263994,-0.00831550094749911,-0.008639881501554314,-0.005229200168332282,0.003086995066684306
-0.001684962198784945,-0.03845573444166572,-0.01081156927409277,0.02684911670686796,-0.004836953673928168,-0.01894655653074817,0.0,-0.02562326539401144,-0.00929519651082611,0.0034257742054267237,-0.012540181509452075,0.0009214703612178687,-0.008167538677828712,-0.002643781440748727,0.005534435726884945,-0.031961761725033566,-0.01014066513044476,-0.021825344899203125,-0.005548319446773475,0.0005661572489115696,-0.01985451164413049,-0.010433852874175975,-0.03447439785100098,-0.004842765954125083,-0.030542988853511366,-0.015451346716789549,-0.03651665375128771,0.004513114007563379,-0.020676457350566335,0.007677313239580319,-0.01042259112072036,0.022138798651780534,0.014655855393602535,0.009100518627510823,0.00595089168763363,0.005510638414486957,-0.0022265948622130494,0.023333895835340346,-0.030281589307814993,0.004444103204856442,-0.06541709727097633,-0.05353436658169297,-0.0023425314423153876,0.0013336492397084676,0.023255237660318395,0.0001221335862428563,0.002263145755786622,-0.014089144697206457,0.0,0.0014370729008772454,-0.0007083505444546168,-0.01284740425873443,-0.022490881956765962,0.0016805011079539245,0.012442113592592063,0.020969402982968788,0.06906137768236009,-0.014465214307653018,0.014207766819503698,0.005811770920795101,0.0036700747589734073,1.1102230246251565e-16,-0.0004066424667947266,0.009313971356170403,-0.01636447873120761,0.0035942329082386815,0.013675611804999044,-0.003835516803611383,-0.018266973568252687,0.008213417874105955,-0.015468311619071029,-0.02432380054167499,-0.04189006744423118,-0.01322356497176641,0.01588017558311261,0.0074326842468716015
0.042574292558599125,0.011131439828739764,-0.0002590301382536242,-0.01953162283509552,-0.019928117439718063,-0.0381985597528503,-0.02562326539401144,0.0,0.005414783451726579,0.01807751011244696,-0.01240087144752644,0.026245372561811586,-0.034786854157846936,-0.045549439233158684,0.025917022370248843,-0.00022281162535836563,0.04696272936322449,0.0426687453654509,0.014000013391636423,-0.0027266701472587473,0.02375173882833248,-0.003632184668396765,0.004300956085143581,0.03875158853524252,0.018863753428773833,0.042330661121622926,-0.03350521101409021,-0.027924239079637037,-0.022820819166570028,-0.014130054144094684,-0.014411594864826294,0.0009572701605514156,0.046246769222117345,-0.00930259759741775,-0.0032612087073227713,-0.0549257786265418,-0.1456612705082545,0.025055706364511987,0.014120364308874978,0.022460642207250525,0.004682277522711775,-0.03349718372603039,0.005969425880041679,-1.0635642759548869e-05,0.0003259243565012504,0.0019291630763407785,0.02533877059989753,0.00828133084033067,0.0,-0.039077921070378996,-0.012093422407875254,-0.008352507841227652,0.04116406689091434,0.011695134088178905,-0.00899498351737349,0.026243715948748636,-1.1102230246251565e-16,-0.01740006454941917,-0.048376105953348625,0.0011114170141877655,-0.0017023622996750754,0.0,1.2832381159733064e-05,0.033157582286205134,0.010450373307189675,0.051278318291012426,-0.0027370377363132303,0.008564248610954617,0.00035347376946837095,0.00821490104905842,0.04129134788251948,-0.018281003353282865,-0.0008307332666115386,0.01599285559698238,0.019738568426693803,0.018362488120684195
-0.005854296572100792,-0.04109079762468615,-0.005694988779708032,0.012405862322425854,-0.002830155140929602,-0.011463453236618404,-0.00929519651082611,0.005414783451726579,0.0,0.006538167696295283,0.003491907407983663,0.0013542955793938716,-0.008299395522552322,-0.015557473251197662,0.004049586042316089,-0.0214995763286292,-0.015580585766052701,-0.027748540676241606,0.0072947803725271765,-0.0020117763807271927,-0.05530240683050469,-0.020509375961855647,-0.02378632838911554,0.00545152973386015,-0.03206923845337112,-0.05293827570175691,-0.0423966618565072,-0.01180689457396994,-0.033638044134625844,-0.021201999117030468,-0.008694654069777319,0.0071788778351815075,-0.004661630774862147,0.0014584178242200152,0.010098846424201835,0.0010902825970002805,-0.001362783129593259,0.01323767641518453,0.023081031756052806,0.012552931116527166,-0.0023403418074956495,-0.027135598757741908,0.012041033138925183,-0.024836028423422862,0.012079935237662154,0.0,-0.030631330866241147,-2.5688264901679858e-05,0.0023854852073189603,-0.016796579761332198,-0.0003122584251034066,-0.0037000919739826887,0.016358912325296404,-0.002344251901714056,-0.022810967308678542,0.014076372790069347,0.0016629348244976971,-0.004042171060213651,-0.001036493006248862,0.00813159479539316,-0.0030483509768320927,5.551115123125783e-17,0.0,-0.00916555750509207,0.004227505251574393,0.005792328540989822,-0.044782870303059885,0.002648740481802969,-0.0016525862449109363,-0.0006242453226359412,-0.028081356041219085,-0.012156449220195542,-0.00026301016222241014,0.0038808802458151215,-0.005219713693165762,0.00654535628036923
0.04144582895529558,-0.00847304861328324,-0.011814910705190418,0.11740808670155556,0.00592161704501748,0.0012389304021449554,0.0034257742054267237,0.01807751011244696,0.006538167696295283,0.0,-0.00010460027746744816,0.010474918515222031,-0.007069865351004845,0.04502492598535851,-0.02308144624282138,0.013481118762455169,0.015598842492003107,0.008719302450910571,0.005854116720273084,0.0365763869148541,0.03169591867629079,0.0018813525685718036,-0.002643691028696049,0.02255081915037377,0.013435287491248893,0.04670562370243575,-0.024894297809905652,-0.010461753726095868,0.007492093653455878,-0.023834839361626503,0.004847950387417366,0.008486706240899089,-0.005460724910579806,-0.007822098228376317,0.03933393239637478,-0.03221040010220155,0.021105733977123287,-0.003790385006948005,0.01385016228541791,0.008958906218307194,0.03890973130736913,0.012770273157659051,-0.011651053559684488,-0.005928613062194832,0.03543285867556151,0.033881217347959236,-0.0029106799091300206,-0.006160963819408782,-1.1102230246251565e-16,1.6653345369377348e-16,0.007614755145380014,-0.01637464178596748,-0.0013446586941794347,-0.030508291631623885,0.010618905987428484,-0.02933172702068354,0.009605624497483034,-0.08069150444874229,0.0,-0.0004208075342533868,-0.010462305055594479,0.015459642236290816,0.01335553762188485,-1.682314863565848e-05,0.006098351716107342,0.00021257514460598648,0.0012342788908773494,-0.00011598828952219531,0.03422891336478079,0.010496952971991103,0.014438163657163383,0.0094246058552373,-0.05453256939274603,0.020128725479388154,-1.1102230246251565e-16,0.021060611403775964
0.0007111211989310195,-0.0007178197194428471,-0.007780275971600081,0.0006977366351483272,0.0013292023588384883,0.0040544983350515595,-0.012540181509452075,-0.01240087144752644,0.003491907407983663,-0.00010460027746744816,0.0,-0.03573066226645283,-0.01349624475048633,-0.006095612595977962,0.0,-1.2636011064215413e-05,-0.009668571347634436,-0.0057133860954465265,-0.012499079712015249,5.807344869901421e-05,0.002569513764363207,0.004462595547796655,-0.03472859532102923,-0.009528834641444162,-0.008360410767749904,-0.009627889265677592,-0.013561168403109225,-0.006296546719175511,-0.008912806148310082,-0.0033722656304042142,-0.011219778031596017,-0.026003980854497843,0.016886755636779605,-0.006052873868115205,-0.00865952949848442,-0.026112075596212647,-0.004646193472718274,-0.006525825921616213,0.011838714759174473,0.01396210525668734,-0.021037567611200902,-0.0041999960706925465,0.003259680988002167,0.0009955619014800354,-0.008078835083249969,0.0,5.551115123125783e-17,-0.039187864226512104,-0.00010191972306466957,-0.08995371490513815,-0.013847589481770006,-0.018469626219868973,0.018772595464037256,-0.09233089289521323,0.0007458147456720909,-0.025127203515036667,0.006074054949455732,-0.03161718183866313,0.004227135863326292,-0.0005762867349330403,0.0,0.0,0.0,-0.0932493153600808,-0.025682708866086534,0.0,-0.003925711659550468,-7.415332432347821e-05,0.0,0.0,-0.005415710807778418,-0.02835736793363497,-0.021718577724085808,-0.009135224088298977,0.00029503238678763033,-0.018731432526652825
0.04946622542721352,0.0009617834666516556,-0.014549081480371762,0.1070613938679798,-0.01113170583132228,-0.012650939069821454,0.0009214703612178687,0.026245372561811586,0.0013542955793938716,0.010474918515222031,-0.03573066226645283,0.0,-0.0024308387736876047,0.004010302133233223,-0.012878650687822013,-0.004000007397194749,0.016147836117256287,0.003762937102513464,-0.001987703538416874,0.013456937993368279,0.04594687800910097,-0.005591207887524319,0.008260167561893239,0.013295412931532191,0.02218987391017674,-0.0027703569916078252,0.002597668471049086,0.0037519719736858193,0.011813872352742671,-0.04606970576718483,0.0048062784124761615,0.010705459561835773,-0.004645824621381522,0.01345135630549077,0.06354058674857072,0.010029351820783183,0.03251477545793635,-0.00862700756058249,0.002339938942480524,0.03280484813779028,0.026452302441546893,0.019571497255986836,0.012842498028284022,0.011223618350615416,-0.03320708941029238,0.044708191543512354,-0.007358190009118193,-0.007525053686730621,0.0,-0.03066595605104855,-0.01267539003147089,-0.03965903445239227,0.0,-0.005096252418290648,0.022687819439871804,-0.009062769660346026,-0.06803683196992394,-0.01452827090683706,0.0,0.005213137154532033,0.0012934565677805154,0.026983569562972987,0.029678217476739155,0.0,-0.004678584290729926,0.00012851838918997993,0.009058307567491264,-0.04075441716394057,0.04101532163658572,0.020175728281306926,0.024340857653584125,-0.041933207694431984,-0.004640110171558687,-0.036013391881554335,0.0,0.014225984392157665
0.031698988022081376,-0.02627167502429778,-0.014452365599074202,-0.02105955107820906,-0.004485822015848573,-0.020378828756605682,-0.008167538677828712,-0.034786854157846936,-0.008299395522552322,-0.007069865351004845,-0.01349624475048633,-0.0024308387736876047,0.0,-0.00451463942787117,-0.0021921066061227346,-0.018136453582772438,-0.012991795702493314,-0.013970269043541594,-0.0038811812743145824,0.0019572735896979387,-0.018711789867317752,-0.006065089626293374,-0.0444794330275845,-0.009038479367553753,-0.025271454207744404,-0.012303773928959594,-0.04233272771288621,-0.0223455899732396,-0.02212209255161801,-0.027638043404815682,-0.01780531934134305,0.012878380280657464,0.0008467594913297849,-0.001097990375857616,0.013887060423012909,-0.003012045771176086,0.00026205968435633054,0.012672571645849506,-0.027526819556429827,-0.011843672495950974,0.017538216246233307,-0.04072501620719615,-0.0011109202812414898,-0.007721129495491419,0.012622953085215827,0.0006881609996975957,-0.026801519410250663,-0.022038835197336404,0.0,-0.001841505040605207,-0.0134614844275609,-0.021435591539553323,-0.025289533674598297,-0.015014099420337601,0.025317602597798472,0.01617554231838958,-0.016952797063132186,-0.023412710834128492,0.007852249854303883,0.006033441908761872,0.007254379767211827,-0.004600962630861349,0.01418124443284663,-0.003024054942313059,-0.017425554197025628,0.0067564728170920185,-0.03554147020995557,-0.010305847354079356,0.007063522016317547,0.0043343378258029475,-0.005932419392468136,-0.02117943157737845,-0.029235421562529618,-0.006090490397574588,-0.002495597572274577,-0.0002653418508615779
-0.023001300884646803,0.0,-0.03368743184437256,-0.02903020623911673,-0.021821414827004504,-0.007393720496497447,-0.002643781440748727,-0.045549439233158684,-0.015557473251197662,0.04502492598535851,-0.006095612595977962,0.004010302133233223,-0.00451463942787117,0.0,-0.01088330781492075,0.0,0.0,0.0,-0.024387681752853663,-0.0053179535404678235,-0.030193622755935456,-0.011943923711450033,-0.0362591406823255,0.0135838290230903,9.94940021237789e-05,0.04199559456566587,0.05564762080907948,-0.014644332513168656,0.09932769286352894,0.00020734809898226292,-0.016250824110077555,-0.029217446258297697,-0.01652773269932628,-0.020366404028674956,0.013602878733940227,-0.028279347487736528,-0.00959311121387943,0.003983152898920039,0.039722812113914874,0.0,0.0020123454168652355,0.0,-0.04633410723413106,0.0,0.0,0.0,0.0,-0.011313617161776812,0.0,-0.021442564036826928,-0.06009112632998259,0.0013162270129903897,0.005141696079835334,-0.01709913248526368,0.0,-0.014913422028203616,0.0008359826184374808,-0.006436493125570486,-0.008749344065995146,-5.551115123125783e-17,0.0,0.0,0.0,-0.029367531109401657,-0.0011753913936185523,0.0,0.0,-0.035039605330533075,-0.0003708184328853892,0.0,0.0,-0.09222054939625435,0.0034988765370017605,-0.046019832310409625,0.0,-5.551115123125783e-17
0.021528786145856182,-0.002152473624904172,0.0015268572297653105,0.005003839964170198,0.01069166336545141,-0.03385576103319565,0.005534435726884945,0.025917022370248843,0.004049586042316089,-0.02308144624282138,0.0,-0.012878650687822013,-0.0021921066061227346,-0.01088330781492075,0.0,0.009152723778855287,0.012549858233446343,0.001946731404411206,0.0,0.02831055977631236,0.02393777875091818,-0.02560319981691206,0.0029717532287935056,0.04313346900496634,0.012459173029900128,0.0021818279948586095,0.002649996713368241,0.005182515885475525,0.012633876748602946,0.012367109660688103,0.009310906307584965,-0.013216342452782637,-0.010286648767656892,-0.0015022473559577199,0.0021853754932461,0.02477738112718031,0.07031202483393822,-0.008381068152006177,-0.03622834583091944,-0.08180797131154588,-0.009406525970482194,-0.018800119743815236,0.04234623862481679,-0.00022008077278468097,0.024713087299029157,0.009037042142001017,0.007231600396633897,-0.01743427430237382,0.0,0.0,-0.017953971124089585,0.00013968032607419856,0.029836481974115647,-0.02375748037623837,0.0001628794657546062,0.0,-0.00915920961921185,-0.0162735128520185,0.0,-0.04625737008246966,0.0055122197676577556,0.0005055085306975293,0.0035182459445298186,0.0,-0.017169911282317762,0.00544101059326485,-0.007190124356572292,-0.016642850173838875,-0.00769883467769944,0.002467068608763723,0.014254162396224013,-0.017041775647625823,0.0005891339028055165,0.0010390003729002784,0.0015888240644794105,-0.006151633487776642
0.02186148255895004,0.008508884546125639,-0.06939067117319975,0.0,-0.034550866294213,-0.015383559959498583,-0.031961761725033566,-0.00022281162535836563,-0.0214995763286292,0.013481118762455169,-1.2636011064215413e-05,-0.004000007397194749,-0.018136453582772438,0.0,0.009152723778855287,0.0,0.014583209451510981,0.02962605923074374,0.00143973334865527,0.012389492261373203,0.027372277602864592,0.017507810345647745,-0.0038168856188231515,0.0024634603383230647,-0.005987725290750867,0.011115152156416008,-0.005350056091968758,-0.007744638962747075,0.00977532243640844,0.0006158413224772175,0.03187614688693585,0.030550490636590266,0.015676878789976867,0.040139500838189124,0.05006917078186729,-0.014472316305328414,0.00487677094717065,0.0006752358247634205,-8.498331491024746e-06,-0.001386208512725029,0.004592046394224392,0.0050517502819454885,-0.04474057433414447,0.0,0.0,0.03606584286047887,0.0026525676541976906,0.0,0.0,0.0,-0.008406829277405048,-0.0018151405298585388,0.01900338715781813,0.0,0.026144944651323943,0.0,0.008018972717962147,0.006444628438527944,0.0,0.0013286149986530549,0.004191571878552458,0.007456331121203363,-0.0022821900923860605,0.0,0.014792014160041,0.014628517309921485,0.000625269821534602,0.0034127571513090094,0.010393097353538439,-0.0047732672748545535,0.014220768512108628,-0.002894043688305259,0.005295902071393299,-0.0017721545458071475,0.00022968872955908548,0.006507668189972116
0.040190659764593684,-0.00745960740282875,-0.021967524762228463,0.00015642200955956476,-0.0015142762580597768,-0.042494146077004025,-0.01014066513044476,0.04696272936322449,-0.015580585766052701,0.015598842492003107,-0.009668571347634436,0.016147836117256287,-0.012991795702493314,0.0,0.012549858233446343,0.014583209451510981,0.0,0.004643763163511061,-0.007910381943817046,0.015929017015127556,0.036102214481484374,0.006608106522852819,0.029836739218653263,0.0230170587078799,-0.0007058263755894134,0.026712175228894297,-0.020894798735303755,-0.0037245791710880383,0.00934316941383695,-0.00041983042354193367,-0.0018349052981638247,0.029195371459551644,0.007294928179627402,0.007846030496859946,0.04207410463938488,0.0026539138770041992,0.009410027775527574,-0.006518613216022762,0.0422713939255856,-0.004569429358900645,0.021678858175617766,0.041973423456095726,0.0,0.0,-0.012790009146400938,0.03463992504331248,0.0032965914190651313,0.0,0.0,1.6653345369377348e-16,0.0003519087015899647,0.0001506112423906858,0.0,0.0,0.00537631968306479,-0.00026729452558937883,0.016480422051768584,-0.007333228360511812,0.0,0.0,0.001124385497508762,0.016647298560489354,0.017017307770041734,0.0,0.00028652148839353186,-5.551115123125783e-17,0.004432218451095649,-0.0016752327674619538,0.04472765490803432,0.009618801658870746,0.016277070365905255,0.0,0.001517388848597201,-0.007343973416259475,0.0,0.009660068906293784
0.00776539522673908,0.0034770339088338043,0.00477653348574425,0.0,0.03862626466121227,-0.017171637791604577,-0.021825344899203125,0.0426687453654509,-0.027748540676241606,0.008719302450910571,-0.0057133860954465265,0.003762937102513464,-0.013970269043541594,0.0,0.001946731404411206,0.02962605923074374,0.004643763163511061,0.0,-0.016658911829205814,0.022179437741841723,0.02900474644104467,0.017465150192602086,0.0052372346126287606,0.0006143006404472628,0.0005939372157248712,0.01449293753588482,-0.0065766611387768625,-0.011562815117292347,0.011626684666604492,-7.580171454668605e-05,0.007364055608291342,0.034940549701216295,0.011019007830943062,0.020533334541065762,0.03886591025613423,-0.005609360080027326,0.0,-0.009429648738876972,-0.004046465196075599,-0.009623039942292855,-0.0007852938755401051,-0.007318560648573724,5.551115123125783e-17,0.0,0.007408494587764047,0.025814411493951417,-0.001908775579941513,0.0,0.0,0.0,0.005778520561799727,0.0001414394966048893,0.008727455381907112,0.0,-0.003912854764868967,0.0,-0.00013243382782818225,0.00694962499321139,0.0,-0.01876906204722001,-0.00670588780366449,-0.00011271037165150322,-0.012773972113026999,0.0,0.009151489938323987,0.01677458351846839,-0.0023037164038726687,0.035778876012557415,0.02495172997948636,-0.009045984990582845,0.007728370249934391,-0.016094832932479652,0.01896915103620378,0.002715735159197652,0.0,-0.016450339822781546
0.0,-0.03750764412261165,-0.017780460287877886,0.01650243418706937,0.010438589065428494,0.01901391071742592,-0.005548319446773475,0.014000013391636423,0.0072947803725271765,0.005854116720273084,-0.012499079712015249,-0.001987703538416874,-0.0038811812743145824,-0.024387681752853663,0.0,0.00143973334865527,-0.007910381943817046,-0.016658911829205814,0.0,0.004780709466981614,-0.00300174104564771,-0.03404386877748694,-0.07276634505675339,0.005371037344023666,-0.0011538230096469482,-0.027470526367442627,-9.307523138651908e-05,-0.002287971820269963,-0.039391780537763876,-0.013503242285552775,-0.0051543070672053215,0.005677862283793911,0.011070742441781078,0.005259282379652119,0.00982021558030588,-0.004098665691023573,0.004029484112914705,0.0004742922128724847,0.009446951074521981,0.0131036765869329,-0.013190853294107963,-0.004695034610146753,0.020450630796628788,5.551115123125783e-17,-1.6653345369377348e-16,0.0,5.551115123125783e-17,-0.08888908681375329,0.0,0.0034055372028964914,-0.003426543907851909,0.008031429302770121,0.024577912087951903,-0.004454885880052939,-0.0009986217832507194,0.11074185445635737,-0.0009692079908230067,-0.011211369206169275,-0.009889551930278406,0.0004223375237480398,0.0,0.0,0.0,-0.011338776699544972,-0.01856529619601155,0.0,0.0038438738321457944,0.005150865820438,0.0,0.0,-0.011678029670874113,-0.01622716687444259,-0.0019379203060332362,-0.01826435788374281,-0.0018603290189193045,-0.0070166342002182525
0.05602556585303803,0.010579636024977301,-0.01217555007994392,-0.010937538355237697,0.0013044847360177414,-0.006125672022126216,0.0005661572489115696,-0.0027266701472587473,-0.0020117763807271927,0.0365763869148541,5.807344869901421e-05,0.013456937993368279,0.0019572735896979387,-0.0053179535404678235,0.02831055977631236,0.012389492261373203,0.015929017015127556,0.022179437741841723,0.004780709466981614,0.0,0.025915047019058668,0.018455800539502187,-0.0032920799319896554,0.048230019605178476,0.007361457223926948,0.008202505547540206,0.010993670362434371,0.006307985977003494,-0.020807335196222798,-0.05586434645338545,0.015851810012113943,0.01102563731895112,0.024226699981646116,0.017302647420155803,0.024664978331521703,0.02623376629437746,0.03823587376983306,0.020019884507655017,-0.0008065326444308685,0.016029856183519486,0.0010522180860408348,-0.0027488442729876605,-0.028617336729319653,-0.0008105121928681513,-0.009822843120222191,0.013993001014122819,0.003123440602088412,-0.01190660198209681,0.0,-0.004321313232322765,-0.0073186213137246825,-0.005052630561335147,0.01583381852534349,-0.0021660869305639707,-0.006224543941443894,-0.03210319273281792,-0.008569176167462389,-0.006762061053012691,0.0,-0.006688078722160207,0.005149419725434312,-0.00593696109273123,0.010013881671867508,0.0046144018315863455,0.0012755352242393991,0.011803614029653242,-0.0038267689450543485,-0.0036458715090356697,0.002753565151281223,-0.009065909958797636,0.012850333839547146,-0.008053923382150607,0.001963873559315654,0.0012215870134987816,-0.0020698643132681105,0.010704780075349696
0.04138784655251393,0.025412655490478497,-0.03341810656881189,-0.00040114173397898245,0.014398415076123161,-0.03424366911539978,-0.01985451164413049,0.02375173882833248,-0.05530240683050469,0.03169591867629079,0.002569513764363207,0.04594687800910097,-0.018711789867317752,-0.030193622755935456,0.02393777875091818,0.027372277602864592,0.036102214481484374,0.02900474644104467,-0.00300174104564771,0.025915047019058668,0.0,0.00900454673585438,0.010586001759922636,0.035020041613911035,0.05062419460152745,0.039253248739497426,-0.002137800375154597,-0.012365053069674836,0.005034753888812582,-0.01246017459612997,0.02800831468470244,0.0047271059377771985,0.05705193225674465,0.021468279711443883,0.024407603794565857,-0.008361675745109376,-0.008248112644938743,-0.01878991236865457,-0.004492737339994335,0.005787994631120785,-0.0012515795950593933,-0.004027437645042764,0.07113620328630377,0.0,0.0007806870874588201,-0.04344331780821137,-0.0002494383582502535,-0.000950687666654626,0.0,0.000182142657710882,-0.019799012051253173,-0.006899806787467377,0.05081688122475542,0.00984606803121385,6.725826275372215e-05,0.0,0.0034941900144858096,0.001346575930963878,0.0,-0.0016486440903340505,-0.029222987502869724,0.0,-0.0065719455013003025,0.0,0.0020002326197706144,0.0034824224590948027,0.004917235234342954,-0.002015487424120943,-0.009873968057283022,-0.022421295710300992,0.012273343115433488,-0.010939343091224074,0.006382710893245602,0.0022159648879659377,-0.011282740145212355,0.019987214470252868
0.03645367931703086,-0.001957343038788917,-0.04449280351417095,0.008051791615075077,-0.0244317928590137,-0.024988908121874875,-0.010433852874175975,-0.003632184668396765,-0.020509375961855647,0.0018813525685718036,0.004462595547796655,-0.005591207887524319,-0.006065089626293374,-0.011943923711450033,-0.02560319981691206,0.017507810345647745,0.006608106522852819,0.017465150192602086,-0.03404386877748694,0.018455800539502187,0.00900454673585438,0.0,-0.01554656209878802,0.012409853413962668,0.013484563603367195,0.008765980183822464,-0.0131626722355761,0.0035164809434064526,0.01324395721224303,-0.006796996347809392,0.014840112107793124,-0.0013020610438404523,0.009412888533722963,0.007287784824088039,0.010296009796845418,0.0029319488560233253,0.02038732553541056,0.08101948629951261,-0.00303959753052363,0.030764649755081863,0.009710793639836235,0.003752573121278746,-0.046917814613211484,0.0,0.0023577186462344635,0.02366867623421337,0.007912167432084283,-0.017102175558702415,0.0,0.0007574301071086587,-0.01577729441804021,-0.02603124873567314,0.03383460409418554,-0.02319761862399783,0.003838065567298099,0.0,0.0008839870537674654,-0.013816785431965128,0.0,0.0007185282840395102,0.0152623430834673,0.004223450398703088,0.006421775457796319,-1.1102230246251565e-16,-0.01622715603118946,0.004262958413213669,0.006884217003811088,-0.009679906563599572,-0.008312430545393823,0.00428528222403507,0.020438027366555644,-0.015080776657107275,0.0009614047441980356,-2.877301612436156e-05,-0.003063666880568694,0.008770053074204198
0.03671037757062867,-0.025538296412018324,-0.04253387362897776,-0.03398736538977687,-0.02793490331393028,-0.0312561254996217,-0.03447439785100098,0.004300956085143581,-0.02378632838911554,-0.002643691028696049,-0.03472859532102923,0.008260167561893239,-0.0444794330275845,-0.0362591406823255,0.0029717532287935056,-0.0038168856188231515,0.029836739218653263,0.0052372346126287606,-0.07276634505675339,-0.0032920799319896554,0.010586001759922636,-0.01554656209878802,0.0,0.03397805923923958,-0.004481290421832207,-6.793419212430818e-05,-0.013127433059914595,-0.0366346068736772,-0.031099567100285608,-0.03244433383302714,-0.025288372461426678,-0.016934759826890633,-0.019842253024309586,-0.015906470058212496,0.0074478716392966104,-0.01986549335184573,-0.011353559326348406,-0.015054785439295282,0.006990780029026977,0.039975242152702484,-0.002562457592545697,-0.012017581488732332,-0.001370109185142021,-0.01414699366071931,-0.008102230576111147,0.0017337327528467728,-0.0015102715610532114,0.028565430406459758,5.671020344794053e-05,-0.0026688550959923507,-0.004752762360941576,-0.004894664103130331,0.01043623260167742,-0.004406514998054112,-0.001387634194093934,0.03589396008819845,-0.020040839232112917,-0.009479514646367537,0.00354404706064515,-0.0063520513719920735,0.019235307630035448,-0.006766607504325783,0.006145093896955056,0.02393194705662538,-0.0025118605962900498,0.01275561363027028,-0.005995768100307053,0.004344458325838407,-0.0033331958373180592,0.009802633529829796,0.005928856622163581,-0.01506744735106802,-0.0011498805487731856,-0.0035156061126891958,0.0057566505973769555,0.0055954602549893595
0.023328165374163046,-0.011748308337385771,-0.0019579008312944346,0.007507905469232357,-0.005733728571813812,0.018551424643199865,-0.004842765954125083,0.03875158853524252,0.00545152973386015,0.02255081915037377,-0.009528834641444162,0.013295412931532191,-0.009038479367553753,0.0135838290230903,0.04313346900496634,0.0024634603383230647,0.0230170587078799,0.0006143006404472628,0.005371037344023666,0.048230019605178476,0.035020041613911035,0.012409853413962668,0.03397805923923958,0.0,0.01947616466151597,0.02886230662722178,0.027508024498059003,0.004765879629828773,0.032748345226271736,-0.03377650379728192,0.0037150055460841713,0.01259695593400556,0.015357850373370618,0.021865968650047196,0.05558797487947137,-0.0016303456952121431,0.04742819476418769,0.016479246084267707,0.007137420540441863,0.026982684141317825,0.03329600205034239,0.0975179847687036,0.03847460660938923,0.009922639534053146,0.003338423043340921,0.05712194773352114,0.007260867598650578,-0.00012164520142426971,0.0,0.0,-0.010705713053678512,0.0022360243650603184,-0.0003074551842704998,-0.0026074726183900054,0.019534022189413747,0.0005514415811815332,0.006746309587113419,-0.009743062925862855,0.0,0.02235236075696262,0.018153372112002075,0.016225408836326227,0.014073159801104962,0.0,-0.0041698335649286156,0.07515652306479065,0.005925712634258284,-0.02316372230573549,0.049746638828257306,0.016004158276296365,0.03336746943753782,-0.0161682357705884,0.0271791522568684,0.008608781925116327,0.0,0.024273703676743308
0.024963559394836576,0.005288390784775443,-0.03657726494502511,0.0,-0.01081301071786045,-0.02418309112697259,-0.030542988853511366,0.018863753428773833,-0.03206923845337112,0.013435287491248893,-0.008360410767749904,0.02218987391017674,-0.025271454207744404,9.94940021237789e-05,0.012459173029900128,-0.005987725290750867,-0.0007058263755894134,0.0005939372157248712,-0.0011538230096469482,0.007361457223926948,0.05062419460152745,0.013484563603367195,-0.004481290421832207,0.01947616466151597,0.0,0.01890256811655211,-0.008675648944078906,-0.021542843628120756,0.00518971738150481,-0.005462169264468297,0.00972609959389853,0.0333750803687331,0.009164243866379651,0.009988585982938447,0.034094606343234024,-0.015533037733670096,0.0007121777056220968,-0.008136385210417374,0.0014604293313428274,0.0053706963045552225,0.012710205232351501,0.009107084030258172,0.008439597669562426,0.0,0.010905348054292718,0.03100555359155266,0.006093915852309784,0.0,0.0,0.0,-0.0304543947917843,0.006726597700272563,0.010990475261736576,0.00012000664074113265,0.009106703040439368,0.0,0.0182876208001439,0.018415141520000566,0.0,0.004424067428719813,0.0021142487659774334,0.016716717508893475,0.006120290747842316,0.0,-0.005582937295620649,0.02503034012319516,-0.009215462125505225,-0.001048670386656625,0.03688135254028957,0.0018072625493001926,0.014921084473243196,-0.008068087702495563,0.01724492968444674,-0.013596081622436362,0.0,0.008077370763786396
0.02415566126065355,0.003176837265630672,-0.051787017853206,-0.0018962383212594025,-0.006508087082010616,-0.043278475589032916,-0.015451346716789549,0.042330661121622926,-0.05293827570175691,0.04670562370243575,-0.009627889265677592,-0.0027703569916078252,-0.012303773928959594,0.04199559456566587,0.0021818279948586095,0.011115152156416008,0.026712175228894297,0.01449293753588482,-0.027470526367442627,0.008202505547540206,0.039253248739497426,0.008765980183822464,-6.793419212430818e-05,0.02886230662722178,0.01890256811655211,0.0,-0.02369974847619022,-0.0037342380960333488,0.004593038486574275,-0.006791927917447149,0.021208597727891854,0.020633714654218205,0.0227358613104941,0.021142125912608223,0.029972762192788382,-0.006589722917196117,-0.0017021477665282725,0.021786591779876574,0.013198036371268596,0.01317751118450139,0.01302394702581966,0.01054451953563701,-0.026171838296504046,0.0,0.024731039961396084,0.03874594147728094,0.01070341056645624,-0.010432230999542935,0.0,-0.00040277543596423104,-0.004960485975650797,-0.009738723265948712,0.015018778495372032,0.017868502612150228,0.020320964350970083,0.00012325424578057964,0.030087219265117815,-0.004657692837203187,0.0,0.0050641512171502034,0.011558910748158235,0.02075448662608137,0.01577419983745465,-5.551115123125783e-17,-0.016697447654954733,0.031818899450852034,0.009344329088381231,0.002461823604626878,0.05100731244767048,0.014627403462173116,0.023047032743829854,-0.011167978796308486,0.004082676648325623,-0.015084029743107241,0.00013186912799539874,0.011058474735686719
