0.0,-0.030985943410095917,-0.0751755511374082,0.0,-0.0002954209286773479,-0.0434628128075758,-0.06548949076239219,-0.04293042896367938,-0.07881036692540816,-0.02516699221525326,0.00015320487737846555,-0.02492772008574634,-0.03943234075333685,-0.015829083487731876,-0.012207421352959436,-0.019045904493436683,-0.009390164650205923,-0.004389855596300896,0.0,-0.02550882569082219,-0.04055921937441764,-0.022743382027123005,-0.039414346347573015,-0.03028395556786717,-0.02126483494451309,-0.007981656160080619,-0.026307972655405798,-0.03692692065556363,-0.019470822740840776,-0.045041665827638244,-0.012756988630260702,-0.04197426665503162,-0.07721967468484636,-0.03323046061789664,-0.033223835799466694,-0.028443531130540545,0.0,-0.04455626426184017,-0.0452107191494579,-0.09394388742553955,-0.05034700184499469,-0.06201202772315345,0.0,0.0,-0.021856218893645862,-0.050085168645233547,-0.07971078989898162,0.0,0.0,0.0,-0.023710991415219373,0.0,0.004992053530781915,0.0,-0.04963766394578739,0.0,-0.021240292694648444,-0.02378342580850268,0.0,-0.046216266286577046,-0.05809223368852917,-0.07475979936851074,-0.0619955328601397,0.0,-0.061864560100376,0.03751677232413064,-0.06404659548674368,-0.04496547578932225,-0.026694691036461105,-0.06987090902345411,-0.054373035080156396,-0.06464910707660404,0.0006246188211329051,-0.023072570308687146,0.0,-0.04846557492727044
-0.030985943410095917,0.0,-0.05184253993200455,0.0,-0.06384749816958135,-0.020203033537564363,-0.046961437990088395,-0.05025143571371682,-0.04122154572309866,-0.028127001832888243,-0.004338730257264112,-0.03231299389682274,-0.03583993613594488,0.0,-0.032318597880728495,-0.017049570421074356,-0.035630711513071844,-0.013722867404930172,-0.03856707557980099,-0.009129035946425113,-0.023924095203432527,-0.018505180780618025,-0.04135551113954539,-0.011521128959601223,-0.03530517807461886,-0.012291428715423103,-0.009785876287629336,-0.024833412449042025,-0.009685527501940572,-0.06474026381718034,0.0008783745534736709,-0.009325653337324158,-0.0077047697182411334,0.004132443190134449,-0.008157382620019027,0.0333951179203264,-0.027828641859613923,-0.0002634450968088675,-0.05659669545936641,-0.0648155431230999,-0.05842934872077399,-0.05049030932532417,-0.024893848523798556,0.0,-8.869571373032459e-05,-0.057058256489562975,-0.07072050968988786,-0.008465067751643351,0.0,-5.551115123125783e-17,-0.04536580090268949,-0.041333965809825735,-0.021861917197025127,-0.005444089087045578,-0.0498205821137348,0.0,-0.03680839313228429,-0.046109319561546125,0.0,-0.02844036100820796,-0.06356528659545829,-0.04849173043842614,-0.05429643202278933,0.0,-0.0416207366816278,-0.030997072536107784,-0.03951218031341919,-0.05432381842159234,-0.0615580075112363,-0.06914007006351058,-0.06638331462204267,-0.041119838227548056,-0.05787191195571584,-0.04150043638270279,-0.011394589166568214,-0.05803938865636471
-0.0751755511374082,-0.05184253993200455,0.0,-0.09025230695755143,-0.07862117850902511,-0.07110399256243677,-0.08979549475024035,-0.09277413852483402,-0.06561520929311077,-0.09207135594099675,-0.05082845291688021,-0.08564937635419018,-0.0954810935865833,-0.1023680649399733,-0.06415149794491892,-0.056318600328727486,-0.04564993047350602,-0.06237643244248153,-0.04197886871142803,-0.05112638369359668,-0.08626545258675067,-0.045615177035426224,-0.06897643756492022,-0.04487973635127751,-0.06059515790218728,-0.05644559352019635,-0.04546815737742049,-0.09963372875553794,-0.07070057476664926,-0.0814926397881302,-0.10303937856996292,-0.10254864293998073,-0.13142121957481095,-0.10300965572014176,-0.10715392691213821,-0.10296820419068492,-0.10506830967987413,-0.08177322510863755,-0.05575640922806069,-0.019546502203475424,-0.07121627329455016,-0.02685362706094463,-0.13795214924022242,-0.0123135889042984,-9.779616547261893e-05,0.0,0.008883316505673922,-0.05605351176408119,0.00038474381074482533,-0.10776726475579923,-0.12083457407239295,-0.1278302499594517,-0.10122816074462143,-0.18612739778373222,-0.007053983780609396,-0.2728016530368903,-0.007572004066229654,-0.0660154247268463,-0.10152981170674108,-0.09317552065180529,-0.0006746789827759558,0.0,0.0,-0.06253092150792045,-0.047198529483179374,0.0008387600087969016,-0.07604472471277168,-0.07302291121592452,0.0,0.0,-0.07050759439312032,-0.1308690519828531,-0.06673068935776139,-0.08586125759075719,-0.0539151858820881,-0.1037541382303907
0.0,0.0,-0.09025230695755143,0.0,-0.03562040834292507,-0.06183862154666564,-0.050500216133469,-0.05650174208251435,-0.08557278841353466,0.12778641585809175,-0.06125797748489442,0.07870856725235376,-0.06288582419765815,-0.061370520528502726,-0.015661809008424177,0.0,0.000429024498626307,0.0,-0.08524193127652324,-0.04863087580049269,0.000591432036250783,-0.027892414695960432,-0.0790373525340885,-0.0344678514966964,0.0,-0.002563043701319101,-0.047816129765606674,-0.06686573475931568,-0.00642187555722068,-0.00027281489465463826,-0.050271599594453986,-0.06228003983584879,-0.04884636682210797,0.003171664859472012,-0.09633882069993599,-0.06631612740796394,-0.05063700572463553,-0.02591695631263663,-0.0013077145649896815,0.0,0.0010616137267007164,0.0,0.00037608467650473987,0.0,0.0,0.0,0.0,-7.605212817124452e-05,0.0,0.0,-7.500494358625431e-05,0.0,0.0,0.00017804782483776815,0.0,0.000182276027950512,0.0,-0.00013403445896198463,0.0,0.0,0.0,0.0,0.0,0.0,0.0,0.0,0.0,-0.049114078828351726,0.0,0.0,0.0,-0.0048915501521222815,0.00017451800517193083,0.0006864014454920908,0.0,0.0
-0.0002954209286773479,-0.06384749816958135,-0.07862117850902511,-0.03562040834292507,0.0,-0.06447463418341626,-0.047650591573926704,-0.0812035416242543,-0.054005463052937575,-0.0605153256000146,-0.0638432651517244,-0.04754318136061403,-0.06679322184172215,-0.06622329809431055,-0.051290804352441544,-0.032667201760899545,-0.0520384203529215,-0.028866511156533214,-0.08351584412626822,-0.05831972933115642,-0.10724980065009204,-0.04802693122365698,-0.10160412540673774,-0.03165321517783437,-0.0444665565208992,-0.04409017907970192,-0.0832564732226524,-0.06507623829378878,-0.05961715921430616,-0.0617800451507165,-0.08605255408482926,-0.06076160177441697,-0.022131372314899145,-0.0682000737604424,-0.0764073332111741,-0.03862467769482958,0.009037132764746936,-0.05395169266986061,-0.04501425692398686,-0.001129356094105527,-0.06070687166871552,-0.015982709893357094,-0.10758520207209643,0.00018720268944105722,-0.014978925431822554,0.0,-0.01350146692723353,-0.10746821728829503,0.0,-0.06375115896628458,-0.1286768260977686,-0.0823828349305597,-0.09964563996629566,-0.10932755471748185,0.001356296482298458,-0.051772854780408106,0.0005483773812990922,-0.12384445118687021,-0.09025978856736189,-0.03332490242332342,-0.0007055763479721366,0.0,0.0,-0.0733828466221903,-0.06541779034231493,0.0,-0.052007662918572284,-0.11904862064685695,0.0,0.00011766871364993214,-0.07187593013094579,-0.11089306557803236,-0.07897495108318842,-0.08595689749943347,-0.021908494636337816,-0.08216949757816083
-0.0434628128075758,-0.020203033537564363,-0.07110399256243677,-0.06183862154666564,-0.06447463418341626,0.0,-0.06354925862775856,-0.06667315282545655,-0.03314461280769221,-0.059410891711279834,-0.08602891759626768,-0.045761151475783246,-0.029756747705063702,-0.08644072352820553,-0.037839241008906455,-0.018464002239320598,-0.04294407987697352,-0.02181339735050719,-0.07039020745642788,-0.021978978047316744,-0.04334832853237652,-0.020909172342346294,-0.043325827857919275,-0.051090050313833846,-0.025156130620662964,-0.02791528092268275,-0.03798104157264426,-0.04517760931943832,-0.020921112606183567,-0.048061062143296085,-0.0534632992869149,-0.05630766643838081,-0.050865211198475035,-0.05517336142282925,-0.04434348799752874,-0.0914130676683112,-0.05631570330518243,-0.04600896197256488,-0.09290121837482057,-0.04346147978693771,-0.10317912252221406,-0.07361843713971744,-0.11765982233655214,-0.07943581287241541,-0.007341354448018089,-0.031242761925308227,-0.0489411716955393,-0.11657306079275492,0.0,-0.11774355671947706,-0.10879055160181578,-0.11214886618893338,-0.07175083061850357,-0.11243768966909284,-0.03836334547849363,-0.1315516011980956,-0.036400988440655146,-0.10719235255024989,-0.11385379943478546,-0.057714905328583255,-0.049937976717715826,5.551115123125783e-17,-0.040560388530493985,-0.1206543144689225,-0.08314100532282614,-0.06146393395272792,-0.04589176907129405,-0.0958715734710558,0.0,-0.04929718179435405,-0.041716757996297205,-0.09436978917733119,-0.11139890390996038,-0.08880564718197348,-0.07022838964768685,-0.1067641779029106
-0.06548949076239219,-0.046961437990088395,-0.08979549475024035,-0.050500216133469,-0.047650591573926704,-0.06354925862775856,0.0,-0.08450117069097296,-0.08161756817286092,-0.027149758451003092,-0.07604897730702204,-0.009819324922720418,-0.03551733769487947,-0.04067306215751232,-0.059582284159404864,-0.01506626630672847,-0.029173258804649604,-0.009638958136053977,-0.09844163866321065,-0.042235223392244226,-0.06317206626988742,-0.01857351191778961,-0.08244900585189052,-0.019694723288988913,-0.013143513135597584,-0.01404227359472493,-0.07188105081686047,-0.05931052612943233,-0.022214280374107,-0.06208218226712403,-0.01711721893694218,-0.05680988498899181,0.0005962098276389716,-0.017758033783077276,-0.05406549803559246,-0.06610020801252214,-0.028266494668005737,-0.010874363268639942,-0.07759129921214042,-0.03217037710810877,-0.09241328788086867,-0.027730004614415382,-0.11884648080791588,5.913926385736623e-05,-0.00513670233047181,-0.0004955516665395288,-0.07428095387941958,-0.12124371698431607,0.0,-0.11603078501732239,-0.11886891360775226,-0.11403225673088396,-0.08941662823778546,-0.12651873813000897,-0.023158230957328718,-0.06182943597247509,0.016147288618721112,-0.11064314702129097,-0.04876350314127048,-0.09517423091318672,-0.025086660098823044,1.1102230246251565e-16,-0.0006648676327615788,-0.08185739304726619,-0.07178030930618245,-0.062058601874865005,-0.07582505531145417,-0.10960889650852995,-0.016671689580350313,-0.048099164621801305,-0.05803073438567102,-0.1037618859884043,-0.11781439507046876,-0.09614588009116504,-0.07825392054536517,-0.10813822871868228
-0.04293042896367938,-0.05025143571371682,-0.09277413852483402,-0.05650174208251435,-0.0812035416242543,-0.06667315282545655,-0.08450117069097296,0.0,-0.10903996473591943,-0.061394881191183026,-0.09860442101737818,-0.06634976281887489,-0.0688213384231805,-0.09985325146016805,-0.06554593536787662,-0.04839433488525052,-0.027226285843414855,-0.06704713622843506,-0.109790379761176,-0.032703817055286744,-0.057402198910582236,-0.0352702284782459,-0.04019386152231569,-0.0469415691339658,-0.05698805650699812,-0.043205211455730974,-0.05131521849221021,-0.05929985453511488,-0.04699771928979135,-0.023557505997767347,-0.03471762456006072,-0.019755248017147398,-0.04366130073335067,-0.046975504737824525,-0.04321558020492805,-0.09460417651875341,-0.031714804033467436,-0.09595304505448321,-0.05328619268996121,-0.05042390246302497,-0.05141330427629487,-0.03616625280599828,-0.13789064537842133,-1.7389464214534467e-05,-2.7950297605161545e-05,-0.00775542321144862,-0.03412580392018677,-0.0972534316308637,0.0,-0.104208986401501,-0.08575911109329287,-0.08925574411904319,-0.014538848218672906,-0.10973056257844627,-0.011068638368333383,-0.10587986818574752,-1.1102230246251565e-16,-0.09715886341827218,-0.09613794205727333,-0.07571463537093398,-0.0354815406416627,0.0,-0.0001657548587993274,-0.10903684991361806,-0.08176211332509165,-0.05391856004143186,-0.053668648219215354,-0.06455478962414501,0.0018361766798685175,-0.025240182038369086,-0.060537618337934695,-0.07529335161144274,-0.11087264113793838,-0.06563483199592346,-0.060078673596554,-0.11279288916275515
-0.07881036692540816,-0.04122154572309866,-0.06561520929311077,-0.08557278841353466,-0.054005463052937575,-0.03314461280769221,-0.08161756817286092,-0.10903996473591943,0.0,-0.10097609604235375,-0.052508820250217636,-0.08755706755390474,-0.07628019453774437,-0.10613335181274736,-0.04734060840675869,-0.05296450222808752,-0.06935463697913508,-0.05342692028323337,-0.06956521864577248,-0.0480368088296142,-0.06853452717226816,-0.04031389226951915,-0.08271160416855577,-0.07905620136719282,-0.0728425033420036,-0.05381246728517658,-0.06888668392935648,-0.10407732504935119,-0.06328483987523026,-0.08973976626085711,-0.1184847736466203,-0.11303980591216867,-0.08338218569238587,-0.11179733923603818,-0.11128822147151929,-0.12392981372039719,-0.11176125066318593,-0.08846040069588346,-0.12306603909270747,-0.02749267827725327,-0.11818645262819333,-0.06720287129025854,-0.14038804707671493,-0.01763566094174074,-0.030684832863789757,0.0,-0.05720201023221405,-0.1067650554018229,-0.008785786810578289,-0.1418557483537385,-0.1368596390665932,-0.13644247718733438,-0.12484611959308922,-0.13746131539218615,-0.03340930588141222,-0.15534774075321456,-0.018661534934564905,-0.07498849580019218,-0.06628219013845033,-0.08462896058735836,-0.06789342481688138,5.551115123125783e-17,0.0,-0.07709760088783724,-0.07705067212929884,-0.12086561166405946,-0.06183507195365895,-0.13268540890043412,-1.3214379933124132e-05,-0.004607171217108408,-0.054256051851054254,-0.1365331845926791,-0.13639036790109,-0.08342266955962319,-0.08209969227091368,-0.12812787492712036
-0.02516699221525326,-0.028127001832888243,-0.09207135594099675,0.12778641585809175,-0.0605153256000146,-0.059410891711279834,-0.027149758451003092,-0.061394881191183026,-0.10097609604235375,0.0,-0.07743769917242416,0.0026725891363981735,-0.03219573973099149,-0.2285840126314112,-0.02961352944370854,-0.021121534140126408,-0.012956363666455806,-0.010419203822579992,-0.09909616866874588,-0.004767128856355385,-0.022690628807264523,0.018585143100632362,-0.06871965819783454,-0.017035341427898976,0.006152244431190057,0.004296756860213358,-0.05132993866471297,-0.022726977899151624,-0.015407085194228787,-0.021165029715284,-0.0003840726328227517,-0.03928989154826906,-0.026167104199060376,-0.016669153777155665,-0.03615895673608699,-0.05774510610581657,-0.013945108826582842,-0.024566247764696403,0.0022231826806736743,-0.07076812644027014,0.04035671984663247,0.050388617153345805,0.07084159104450888,0.0158599562590111,-0.05842518799405527,-0.06457418651593305,-0.059713376848440525,-0.037753216501303144,-1.1102230246251565e-16,1.6653345369377348e-16,-0.08499632000759544,0.004735573977730945,0.00022173642792922,-0.048633102374971704,-0.0264099377388487,-0.02781573732655357,-0.03770858206790478,-0.024041482751381904,0.0,0.0010870590935844748,-0.020447243484303324,-0.03381171637363756,-0.026316938642762022,-2.7506145870881404e-05,-0.03754427311338049,0.0003475641250461625,-0.05320245507635246,-0.07745580596779772,-0.03332451054251151,-0.0275087720174379,-0.02504492498443217,-0.07450845728661243,7.231521972772548e-05,-0.046403529556545586,-1.1102230246251565e-16,-0.030577480493880593
0.00015320487737846555,-0.004338730257264112,-0.05082845291688021,-0.06125797748489442,-0.0638432651517244,-0.08602891759626768,-0.07604897730702204,-0.09860442101737818,-0.052508820250217636,-0.07743769917242416,0.0,-0.07273558173253508,-0.09206761646140366,-0.08766837544927375,0.0,-2.0660101809011344e-05,-0.06569480853032322,-0.054945910229223516,-0.03889401669006878,9.495111680579704e-05,-0.06806466516726539,-0.0012946743377486025,-0.09884644675051416,-0.05621907445124119,-0.05313749841453086,-0.04925920381643828,-0.0629192668143323,-0.09769891183075397,-0.054129980079760665,-0.10429733280161374,-0.10659898617615532,-0.060349062933022835,-0.06218050732279212,-0.08910934553770711,-0.0955756141839097,-0.10923008466259737,-0.06836880250597793,-0.07598923421422255,-0.04428484460007759,-7.165493942223877e-05,-0.046592749068663286,-0.015510231100605731,-0.13296000335771385,0.0016277613352145837,-0.009307998269604767,0.0,5.551115123125783e-17,-0.045991809652719484,-0.0001666405516861924,-0.06895514391886642,-0.16848482332503906,-0.06666243724191284,-0.05551844591783672,-0.10886503644531786,-0.016464894020981113,-0.08328000422492446,-0.023846554455370483,-0.06732177186818306,-0.05824417333856241,-0.0009422390146976989,0.0,0.0,0.0,0.025668225274651957,-0.024026896219764005,0.0,-0.022106331582022742,-0.1111153912218446,0.0,0.0,-0.00538380683049533,-0.1125137909997499,-0.07149952840722884,-0.08095576085796014,-0.0014912122473048628,-0.07148336533341904
-0.02492772008574634,-0.03231299389682274,-0.08564937635419018,0.07870856725235376,-0.04754318136061403,-0.045761151475783246,-0.009819324922720418,-0.06634976281887489,-0.08755706755390474,0.0026725891363981735,-0.07273558173253508,0.0,-0.027970717319691918,-0.143441538430683,-0.023936616073470307,-0.031675390363211264,-0.010761853638221686,-0.0031530472441256285,-0.10768325736254608,-0.008533828336617588,-0.02670970877905232,-0.02570145492527831,-0.0590204684417886,0.004433327051414859,-0.0009055537005988601,-0.030153357249313117,-0.025087701220947667,-0.024595450408748387,-0.006467840322513019,-0.026084266589504412,-0.007772464742504093,-0.018978033996628174,-0.017277216807516482,-0.034390097784730844,-0.02723818802972333,-0.050078148604627504,0.01668708971732391,-0.03600284486155189,-0.008678253698661154,-0.060037155986125856,0.07361551150775647,0.07524469079065721,0.0010306438779330018,-0.01408483188175555,-0.015240135406756283,-0.05014721020866242,-0.05392512189930526,-0.005928468747203486,0.0,-0.00018973364907987067,0.0023502463167479615,-0.004152642284303509,0.0,-0.006443313740716161,-0.01762925938707155,-0.016203909134821504,-0.019833999297296456,0.0024738613587075853,0.0,-0.014732690059055309,-0.04930844129911649,-0.03164564371381012,-0.030061604451300683,0.0,0.0036693095859089975,0.00021012984172708027,-0.03818631998666583,-0.042439405983624,-0.01913794136177599,-0.026772656104431025,-0.018560304035284636,-0.03642978598236418,0.02859113313484385,0.01330397534985861,0.0,-0.013530965832462216
-0.03943234075333685,-0.03583993613594488,-0.0954810935865833,-0.06288582419765815,-0.06679322184172215,-0.029756747705063702,-0.03551733769487947,-0.0688213384231805,-0.07628019453774437,-0.03219573973099149,-0.09206761646140366,-0.027970717319691918,0.0,-0.07575343732273937,-0.034778946968026525,-0.015954118186719324,-0.02682097735840927,-0.009600259875569228,-0.11051369312552184,-0.028329601242388314,-0.055662502514390366,-0.012201037539743942,-0.06955216082767185,-0.026756115569968653,-0.01823321646698639,-0.010000394840545879,-0.05672561871314846,-0.03540554978837768,-0.02276650619548931,-0.06405465153553291,-0.03715656502567394,-0.06298051892793871,-0.023551050974425114,-0.03704190882334951,-0.07059233206983467,-0.0814953628914159,-0.05716423390477737,-0.03881217848899565,-0.07138799967514742,-0.028450716419739563,-0.07537666540719462,-0.05050601094717794,-0.11262935297759757,-0.01496354901301139,-0.016574489532306558,-0.02106436105264664,-0.05822750498827389,-0.11068767619443781,0.0,-0.1131983667579275,-0.10424686874409184,-0.10549555368362101,-0.0779551159281523,-0.11620195891588897,-0.008455331521362686,-0.12252430052457497,-0.0037717588526309243,-0.10234598343288692,-0.09614657698916806,-0.0798777586785393,-0.06402036663109317,-0.0019276184842517141,-0.0473797501486235,-0.10830871089628663,-0.08608688025760647,-0.09674711181975976,-0.061195830476559465,-0.09637820856614321,-0.0016330521303119516,-0.012168621139388047,-0.047145916894321016,-0.09180533282645248,-0.10794582496662636,-0.08862134692756435,-0.09514083836292464,-0.10161516153089617
-0.015829083487731876,0.0,-0.1023680649399733,-0.061370520528502726,-0.06622329809431055,-0.08644072352820553,-0.04067306215751232,-0.09985325146016805,-0.10613335181274736,-0.2285840126314112,-0.08766837544927375,-0.143441538430683,-0.07575343732273937,0.0,-0.0032422248903427597,0.0,0.0,0.0,-0.08706681299430791,0.003858838703905021,-0.027806869403967593,-0.00781089177163008,-0.11094076291118682,-0.024524730665462346,0.0001626744550008441,-0.02166512959373479,-0.09436138856381315,-0.07364989128856841,-0.08354921412693922,-0.00029435638117231155,-0.08081132057304802,-0.07517108316240059,-0.0008639629117531133,-0.08186602040248164,-0.104229694188335,-0.06092695641400378,-0.04851181600108556,-0.056420060396714655,-0.02192043670282723,0.0,-0.00044133697851317377,0.0,-0.08257370036278272,0.0,0.0,0.0,0.0,-0.07447426155966524,0.0,-0.052376211609263645,-0.06145398550394071,-0.05875256260238032,-0.04693962877009916,-0.07950879063452454,0.0,-0.05973157666699053,-0.0004585383708355373,-0.06588482918511196,-0.0330537415906772,-5.551115123125783e-17,0.0,0.0,0.0,-0.09091714679879825,0.0012581733386931582,0.0,0.0,-0.04857775044759349,-0.0006062947030599508,0.0,0.0,-0.06744951708446556,-0.08892719430522311,-0.007973933937773403,0.0,-5.551115123125783e-17
-0.012207421352959436,-0.032318597880728495,-0.06415149794491892,-0.015661809008424177,-0.051290804352441544,-0.037839241008906455,-0.059582284159404864,-0.06554593536787662,-0.04734060840675869,-0.02961352944370854,0.0,-0.023936616073470307,-0.034778946968026525,-0.0032422248903427597,0.0,-0.012071941697511024,-0.05556518624391016,-0.05709503070806543,0.0,-0.0065834973328027235,-0.01610713415804682,0.02429046197386986,-0.016202973162045053,-0.036077290789543415,-0.081922280703979,-0.03490913063016177,0.00760860573344313,-0.03192708413175316,-0.01652367403991073,-0.05967884237089788,-0.014924935434007969,-0.02366065131806283,-0.039836276521827085,-0.016247630889248244,-0.022761801452277075,-0.03786438391522229,-0.030630619197963227,-0.015477085916377087,-0.04298520798522221,-0.0579477217951902,-0.042578616460059115,-0.037924288863238675,-0.04122428647829385,-0.0009674546062541367,0.0160333861291323,-0.031064088568403536,-0.04453313834019096,-0.031187142360685982,0.0,0.0,-0.06843895868451866,-0.045896065571796485,-0.06020311113692267,-0.06095204873253052,-1.1982789811348926e-05,0.0,-0.007064211756804939,-0.06432936965117986,0.0,-0.06210755612973734,-0.047822139100581196,-0.0005977739801066861,-0.049507124614969034,0.0,-0.07002498517849504,-0.04072470457184474,-0.05318498124343313,-0.07089111268646053,-0.016021086047121824,-0.053400861376258324,-0.050317622017119146,-0.0678771809058411,-0.07386493464620292,-0.08265983452950915,-0.06910306575429687,-0.06452930277732155
-0.019045904493436683,-0.017049570421074356,-0.056318600328727486,0.0,-0.032667201760899545,-0.018464002239320598,-0.01506626630672847,-0.04839433488525052,-0.05296450222808752,-0.021121534140126408,-2.0660101809011344e-05,-0.031675390363211264,-0.015954118186719324,0.0,-0.012071941697511024,0.0,-0.05187446281215463,-0.03794101094474406,-0.0011702189395187967,-0.03294221512935197,-0.02505443688653286,-0.024187022609224618,-0.041768044545120564,0.0081607418957787,0.001402987558857427,-0.00460282617265767,-0.010361451978125491,-0.02935837235775962,-0.03053064391366256,-0.02325658867706709,-0.013286630297880075,-0.026215821013031826,-0.017721924378984566,-0.018636673985615804,-0.041356211359206474,0.00259259201186246,-0.00974515917821972,0.025948967457182226,-0.03920836420635537,-0.05070395595720151,-0.03656141055460438,-0.04802763464190324,-0.019528070244958784,0.0,0.0,-0.03310015801326027,-0.059522100949415124,0.0,0.0,0.0,-0.03998392165362069,-0.037215972334711134,-0.063613267676628,0.0,-0.054086109069120814,0.0,0.009726210733940921,-0.05118229907806743,0.0,-0.032037201174180685,-0.04779793747964528,-0.00969678818140507,-0.019838527733389344,0.0,-0.061799856356324234,-0.02300696730120466,-0.03390916371090513,-0.05528161438682766,-0.06511794113962643,-0.04455929775373019,-0.046942954344527776,-0.04801298955269517,-0.06071231029447205,-0.04269875891943681,-0.0001579864086879157,-0.04065177064561487
-0.009390164650205923,-0.035630711513071844,-0.04564993047350602,0.000429024498626307,-0.0520384203529215,-0.04294407987697352,-0.029173258804649604,-0.027226285843414855,-0.06935463697913508,-0.012956363666455806,-0.06569480853032322,-0.010761853638221686,-0.02682097735840927,0.0,-0.05556518624391016,-0.05187446281215463,0.0,-0.04817072850776105,-0.04777303907454028,0.04394259048533661,-0.0015606281688915757,-0.0016078140940627983,-0.03045933426767028,-0.007710112730768659,-0.021121920771034308,-0.008157997370669134,-0.0461385401136829,-0.01344908331331951,-0.03324286269623539,-0.028075987877749287,-0.019045006717840207,-0.025879172403823425,-0.02966819812053223,-0.024800945665761187,-0.03340539575898488,-0.042876839072741535,-0.0003401835527628849,-0.0209630845239282,-0.018045016854715934,-0.07031409283801093,-0.02378031523489671,-0.022483000524792185,0.0,0.0,-0.07574836378551342,-0.039451212711417494,-0.06517405716455854,0.0,0.0,1.6653345369377348e-16,-0.0005820948850367991,0.00024625204786132837,0.0,0.0,-0.03339258820821889,-0.00043703128175354156,-0.04267638303988208,-0.022042732376502228,0.0,0.0,-0.0032770022608356597,-0.036167318840864715,-0.030709110063375955,0.0,4.832508801855262e-05,-5.551115123125783e-17,-0.05510930114131529,-0.001052843945148818,-0.03736787908673106,-0.028021032923647105,-0.029531367315203116,0.0,-0.032924391472889225,-0.029719939106687854,0.0,-0.020508304277944978
-0.004389855596300896,-0.013722867404930172,-0.06237643244248153,0.0,-0.028866511156533214,-0.02181339735050719,-0.009638958136053977,-0.06704713622843506,-0.05342692028323337,-0.010419203822579992,-0.054945910229223516,-0.0031530472441256285,-0.009600259875569228,0.0,-0.05709503070806543,-0.03794101094474406,-0.04817072850776105,0.0,-0.0723222327109016,-0.02248104735940254,-0.03285208013371854,-0.004140097734028347,-0.08100168060474916,0.012370351257890766,-0.005900833165004948,-0.00012237110034102328,-0.04236930981140119,-0.012235107443183624,-0.0442048863859264,-0.007612846761388625,0.0028826928448697497,-0.04134027217486541,-0.0024274911042548863,-0.006547025381783145,-0.020850256052112215,-0.00633968344411362,0.0,-0.008904113676041991,-0.023619310030487672,-0.025646450297019896,-0.007020048040024429,-0.02454199620026476,5.551115123125783e-17,0.0,-0.03928889521357187,-0.03427545797835624,-0.05067334392942102,0.0,0.0,0.0,-0.011300966932522194,0.000231256081117015,-0.0357394041426492,0.0,-0.0052016080471484205,0.0,-0.005954081606629302,-0.004962242956715934,0.0,-0.06140998402370512,-0.03736034171530228,-0.013656224971238085,-0.020078886258815654,0.0,-0.021978170387516593,-0.059267252166573525,-0.031344635616126104,-0.05912656648517245,-0.010921275873522929,-0.021132407799266395,-0.02109644180767356,-0.02922052167683048,-0.05509918480712184,-0.018690791685897767,0.0,-0.005541095279659569
0.0,-0.03856707557980099,-0.04197886871142803,-0.08524193127652324,-0.08351584412626822,-0.07039020745642788,-0.09844163866321065,-0.109790379761176,-0.06956521864577248,-0.09909616866874588,-0.03889401669006878,-0.10768325736254608,-0.11051369312552184,-0.08706681299430791,0.0,-0.0011702189395187967,-0.04777303907454028,-0.0723222327109016,0.0,-0.025831087142099307,-0.08374781448690705,-0.05993470632020459,-0.11152977016494786,-0.045016559162900927,-0.06942452757487866,-0.05869434706321697,-0.048058165494659466,-0.11341064255381123,-0.11094300766639453,-0.08767585341874973,-0.1197949682588102,-0.10520069209362498,-0.044678182967384905,-0.1115023956026236,-0.11777325023747054,-0.10606715593481714,-0.10486018149763898,-0.09541800811218865,-0.06404393049024731,-0.019431389534131593,-0.07215478209775328,-0.00691916480087118,-0.11652552154453566,5.551115123125783e-17,-1.6653345369377348e-16,0.0,5.551115123125783e-17,-0.027039080159008633,0.0,-0.09924249378368466,-0.11766594845781925,-0.12037071127463472,-0.08004123120844586,-0.11396646942202593,0.0015193134038749,-0.15087856876100658,-0.001584672224697714,-0.12435104073510383,-0.06772575078398457,-0.001483060551886739,0.0,0.0,0.0,-0.07895952062415584,-0.0423902324733999,0.0,-0.008768421544047889,-0.11462237317384394,0.0,0.0,-0.008803794344673321,-0.08801697928328828,-0.082656205816039,-0.09344863124287672,2.1247447378747175e-05,-0.07036195493567565
-0.02550882569082219,-0.009129035946425113,-0.05112638369359668,-0.04863087580049269,-0.05831972933115642,-0.021978978047316744,-0.042235223392244226,-0.032703817055286744,-0.0480368088296142,-0.004767128856355385,9.495111680579704e-05,-0.008533828336617588,-0.028329601242388314,0.003858838703905021,-0.0065834973328027235,-0.03294221512935197,0.04394259048533661,-0.02248104735940254,-0.025831087142099307,0.0,-0.02655455907002352,-0.023156078181098716,-0.05618597370345002,-0.041341634930282534,-0.03375835474938971,-0.015594174526867843,-0.002832758373911004,-0.06360351040523726,-0.03784910136418662,-0.0824510879978329,-0.013852896994717367,-0.009927516789707436,-0.016975355495151,-0.01910831757981729,-0.030856100611462267,-0.01992777709820498,-0.011439791693698409,0.008767358078017096,-0.05884142136829623,-0.026753945620621666,-0.06554951271353421,-0.06346594129622729,-0.04898067466728295,-0.00043592377051043796,-0.008828860621435786,-0.04192827611443417,-0.0487724482475963,-0.05266435528095803,0.0,-0.012289382135678817,-0.07446949612334419,-0.07357301318735504,-0.0640767359926066,-0.06950128560694846,3.635072065799605e-06,-0.0358499762547016,-0.0055913365134175885,-0.08474021075173116,0.0,-0.06332670231111215,-0.049454944257406985,-0.006595211484614116,-0.04247110139609933,-0.01679048123222887,-0.06778376644535655,-0.06086935560574147,-0.045971734009438214,-0.08243013783681763,-0.0011671355163153652,-0.05386090175359326,-0.039690073090811906,-0.0726512590513283,-0.08662915679827476,-0.07409544187721562,-0.06378591893962232,-0.06885658432019975
-0.04055921937441764,-0.023924095203432527,-0.08626545258675067,0.000591432036250783,-0.10724980065009204,-0.04334832853237652,-0.06317206626988742,-0.057402198910582236,-0.06853452717226816,-0.022690628807264523,-0.06806466516726539,-0.02670970877905232,-0.055662502514390366,-0.027806869403967593,-0.01610713415804682,-0.02505443688653286,-0.0015606281688915757,-0.03285208013371854,-0.08374781448690705,-0.02655455907002352,0.0,-0.0139378765107252,-0.027243178572648463,-0.05128547379397275,-0.035369024766761126,-0.016867563848841083,-0.012855525253132494,-0.04535491373163825,-0.019740267781699017,-0.033048305649729215,-0.024980624060469248,-0.03508466907304292,-0.0512285340526088,-0.014739609784749919,-0.028203769314939675,-0.0004869930482002127,-0.03321113323165642,-0.031176884780973857,-0.04190461664334966,-0.05721796247265165,-0.042858911384266396,-0.029299306001710157,-0.016682777911137647,0.0,-0.0008881824661693405,0.04782083477785387,-0.03814150610121386,-0.001554391166782576,0.0,0.0002978064701694705,-0.07769403550774256,-0.0705145976412454,-0.027763776175334987,-0.04101378133236033,0.00010996845040112113,0.0,0.008088940069261752,-0.09522414483062441,0.0,-0.04645564822350945,-0.0417603176419471,0.0,-0.06434519129704153,0.0,-0.07376879080471349,0.02472426729735172,-0.03803985493574691,-0.0659919109961497,0.006257239899556399,-0.04051221863387877,-0.016474989240388704,-0.06555623346107381,-0.09568276271588305,-0.0805729661964818,-0.0565667301232306,-0.06080785128799915
-0.022743382027123005,-0.018505180780618025,-0.045615177035426224,-0.027892414695960432,-0.04802693122365698,-0.020909172342346294,-0.01857351191778961,-0.0352702284782459,-0.04031389226951915,0.018585143100632362,-0.0012946743377486025,-0.02570145492527831,-0.012201037539743942,-0.00781089177163008,0.02429046197386986,-0.024187022609224618,-0.0016078140940627983,-0.004140097734028347,-0.05993470632020459,-0.023156078181098716,-0.0139378765107252,0.0,-0.018987309943436614,-0.01056608792546454,-0.01304975549442644,-0.012446081103719697,-0.011735431121521311,-0.02940053949564081,-0.026596490662463113,-0.01817864298633093,-0.003938242274603432,-0.007377153691431382,-0.02242211492810925,-0.0010681155223181138,-0.011285233167758812,-0.01466491077480403,-0.020340282435975354,-0.019195165292764327,-0.03244699668494061,-0.040355932734946365,-0.036829674019277114,-0.0454473074290509,0.011793438565004144,0.0,-0.01684447157638702,-0.04160292271094451,-0.03813098412567878,-0.05810477240992762,0.0,-0.00023642006880836286,-0.03553196730928587,-0.04794510231313581,-0.04508597285295535,-0.04244557465457133,-0.058620561647283465,0.0,-0.031513385398373894,-0.04982754010227375,0.0,-0.06019363651152393,-0.03921966916257569,-0.041434069830478315,-0.0381000067500491,-1.1102230246251565e-16,-0.05431656321813799,-0.049182312843558396,-0.040031015591030394,-0.06092972420072773,-0.03441947261933609,-0.03542707970430037,-0.039813458671060564,-0.04820705874666187,-0.06995907574331167,-0.05420928279469045,-0.061155460146085805,-0.04806828695428894
-0.039414346347573015,-0.04135551113954539,-0.06897643756492022,-0.0790373525340885,-0.10160412540673774,-0.043325827857919275,-0.08244900585189052,-0.04019386152231569,-0.08271160416855577,-0.06871965819783454,-0.09884644675051416,-0.0590204684417886,-0.06955216082767185,-0.11094076291118682,-0.016202973162045053,-0.041768044545120564,-0.03045933426767028,-0.08100168060474916,-0.11152977016494786,-0.05618597370345002,-0.027243178572648463,-0.018987309943436614,0.0,-0.04463764426021166,-0.05645187820629294,-0.03787088062855953,-0.03085925564152031,-0.0632496417942755,-0.04235658356904609,-0.03544792659377888,-0.04020915840784778,-0.04878003456467461,-0.06067839511665968,-0.04481013173655285,-0.042346865651940346,-0.1160087910085087,-0.04212727693512819,-0.04898445891698039,-0.09207914193430505,-0.06550842335084461,-0.09731315959224923,-0.07040301997845722,-0.13781911186376133,-0.0873310483403984,-0.02302103156161145,-0.04449445497722626,-0.06661271365253191,-0.07824231448899971,9.272218668415766e-05,-0.10456748397119336,-0.09918797215945069,-0.10704366076807292,-0.051992013965046546,-0.115603765234842,-0.08951385682369989,-0.12045011005680273,-0.03554415638835895,-0.10016378856746333,-0.09878813144235388,-0.07682056994677072,-0.05037284441320666,-0.02022812721775935,-0.04483781977767487,-0.09123453098626982,-0.08730823760225509,-0.06595406004946441,-0.0615776703603525,-0.08394647132866812,-0.01612369937694308,-0.049184849668901576,-0.052385950703635054,-0.08811643353379478,-0.10821449831778313,-0.08818158556509992,-0.09586219275052132,-0.10047968081821518
-0.03028395556786717,-0.011521128959601223,-0.04487973635127751,-0.0344678514966964,-0.03165321517783437,-0.051090050313833846,-0.019694723288988913,-0.0469415691339658,-0.07905620136719282,-0.017035341427898976,-0.05621907445124119,0.004433327051414859,-0.026756115569968653,-0.024524730665462346,-0.036077290789543415,0.0081607418957787,-0.007710112730768659,0.012370351257890766,-0.045016559162900927,-0.041341634930282534,-0.05128547379397275,-0.01056608792546454,-0.04463764426021166,0.0,-0.002186959725727411,-0.0006244252737759859,-0.033786393305218376,-0.023675209784184026,-0.016573796868556256,-0.045693759770575715,-0.005679745691255622,-0.00017005308631889982,0.0010341947929385364,-0.03422110720372201,-0.039315958412299346,-0.019672194853090075,0.01449573796785053,-0.01894784628801055,0.05140659703925815,-0.038883808993474656,0.026341691223565666,0.035769425940963384,-0.02402044909526435,0.004584547878152212,0.010364377612772036,-0.030147714952796167,-0.07039093263743923,-0.00019889205804141108,0.0,0.0,-0.0016735351598469173,0.021409690888121113,0.0006209592297470312,-0.0004897652613056191,-0.005028669536672581,0.0009016167484337534,0.002294777939276682,0.03001879308452826,0.0,-0.027285189655258335,-0.05322189566441521,-0.0409611950407312,-0.04613054245214088,0.0,-0.0062418504648419915,-0.052290663233142576,-0.06126791798759357,-0.03677020066825781,-0.005370784829858644,-0.045003811363973356,-0.03550194806248835,-0.013408255034312921,-0.015627377587572655,0.0023143140169902265,0.0,-0.04138841387068937
-0.02126483494451309,-0.03530517807461886,-0.06059515790218728,0.0,-0.0444665565208992,-0.025156130620662964,-0.013143513135597584,-0.05698805650699812,-0.0728425033420036,0.006152244431190057,-0.05313749841453086,-0.0009055537005988601,-0.01823321646698639,0.0001626744550008441,-0.081922280703979,0.001402987558857427,-0.021121920771034308,-0.005900833165004948,-0.06942452757487866,-0.03375835474938971,-0.035369024766761126,-0.01304975549442644,-0.05645187820629294,-0.002186959725727411,0.0,-0.02405395779420194,-0.03372150841666233,-0.012613270634401264,-0.03762318800565234,-0.03669672258472828,0.008718919895646382,-0.02386294844894249,-0.008265505168015275,0.00154763306652278,-0.01474324991405862,-0.014501650446170467,-0.0007569488229816623,8.401816346448321e-05,-0.04453562817440704,-0.045732803627762664,-0.029974423932560834,-0.041294777081478884,0.000807568542427417,0.0,-0.025048804461684893,-0.050343182653417085,-0.0717462390352846,0.0,0.0,0.0,-0.02357337863346859,0.003047224681076266,-0.04869973320668419,0.00019621298231375928,-0.016496504419229063,0.0,-0.017339469088730797,-0.02271359182727034,0.0,-0.05767183009250432,-0.0499501819242284,-0.029030222106960102,-0.038619978308272684,0.0,-0.02960245617181473,-0.04141795800296183,-0.0405173191687318,-0.051715772027722706,-0.020413715542909716,-0.04789767112353488,-0.0483697121623039,-0.05014066448520782,-0.029953087464064665,-0.026225443140725835,0.0,-0.025216373383348867
-0.007981656160080619,-0.012291428715423103,-0.05644559352019635,-0.002563043701319101,-0.04409017907970192,-0.02791528092268275,-0.01404227359472493,-0.043205211455730974,-0.05381246728517658,0.004296756860213358,-0.04925920381643828,-0.030153357249313117,-0.010000394840545879,-0.02166512959373479,-0.03490913063016177,-0.00460282617265767,-0.008157997370669134,-0.00012237110034102328,-0.05869434706321697,-0.015594174526867843,-0.016867563848841083,-0.012446081103719697,-0.03787088062855953,-0.0006244252737759859,-0.02405395779420194,0.0,-0.011274005190139824,-0.005540336947337132,-0.023956759719068743,-0.020100357551295855,0.0005097294462385604,-0.011044220066976917,-0.03549880276538847,-0.006853451915410702,-0.008685323230828212,-0.01377438537020037,-0.0387091025170454,-0.015213018916781784,-0.05148605616518831,-0.06792503037161496,-0.04676049071195554,-0.05133523494590997,-0.015630305099973096,0.0,-0.04713625860128956,-0.035034568072141115,-0.06514156772073254,-0.05007868313498531,0.0,-0.0006585449688885636,-0.0375228100080745,-0.03735773218149363,-0.02977525375287332,-0.020128162410494255,-0.023648413240961674,-0.04031779266717461,-0.02734916123237824,-0.03605783740383761,0.0,-0.04318978507959864,-0.05959744598866046,-0.03313255902904649,-0.04132321108670267,-5.551115123125783e-17,-0.04280265204907818,-0.009894686499151872,-0.03881507196452183,-0.04634461568595505,-0.022770101090692774,-0.049494385350236814,-0.04876105130042957,-0.03420130901507956,-0.037654059877471724,-0.03951175654795308,0.0002156083589981428,-0.04136966629899347
