0.0,-0.002522257571627662,-0.07052611200136577,0.0,-0.0002420371298719748,-0.03388329932482037,-0.03219258350323467,-0.04238205164599185,-0.03900229838548652,-0.008051234132173457,7.997107560242522e-05,-0.0061683924928369605,-0.033050040675178194,-0.017584438458736418,-0.02407786377100729,-0.015686982802926852,-0.04793937897020212,-0.017709821382178137,0.0,-0.02167759745630954,-0.03745605052466566,-0.015416353324177179,-0.05438817694559339,-0.007703275621789629,-0.01121842369533449,-0.01108761207870429,-0.029014025437913094,-0.036162219298898846,-0.059534559852246094,-0.03343716733272217,-0.024263914422028687,-0.008988984361541774,-0.020445411789641266,-0.022758744028579303,-0.04971381308390255,-0.010274703646499739,0.0,-0.005291938122613138,-0.017967558575873233,-0.002622656150364666,-0.04754029212145944,-0.03537176665446384,0.0,0.0,-0.04517330647183676,-0.007257092124936804,-0.023084089281512676,0.0,0.0,0.0,-0.03873313722389721,0.0,-0.039602799469359184,0.0,-0.05691820025316224,0.0,-0.03852579907627851,-0.04695667657796099,0.0,-0.005818436133858851,-0.01377760540928058,-0.058545338016167014,-0.03065188905144961,0.0,-0.058610592394297556,-0.03774877753958472,-0.0177474349841239,-0.02861082154479999,0.023895939193254,-0.03340435545100073,-0.014023581585977385,-0.029452406551488175,0.0005117475847356001,-0.06069553692527707,0.0,-0.013993400242830023
-0.002522257571627662,0.0,-0.04627601842494061,0.0,-0.06280194872500866,-0.03880343686144716,-0.060392475792471034,-0.03504907571626287,-0.04935305517701105,-0.00857133009028005,-0.0007903455305246498,-0.006465116112190361,-0.05662677912843017,0.0,-0.029063996890382304,-0.015008688164393824,0.005837156586964265,-0.006320889370717286,-0.03693576392649145,-0.02669156560759889,-0.022302762666207676,-0.017130895306709415,-0.05191965619205735,-0.004170934409776561,-0.008082285964732316,-0.010027242979817663,-0.030058008136409353,-0.060843558495797645,-0.048686060537208364,-0.07967279998072452,-0.02766361055782801,-0.006673178078307862,-0.01418358405136344,-0.02553337875966938,-0.04190640268211182,0.025321622476717986,-0.017095592403181537,-0.00027250543685231055,-0.009707094738004796,-0.01222359116332894,-0.02066000558049591,-0.025782722807918657,-0.05486367091639677,0.0,-7.266802687050378e-05,-0.018704674505546248,-0.006629782311156018,-0.007776289708915585,0.0,-5.551115123125783e-17,-0.037816041251948374,-0.03966379577615836,-0.0656031957295643,-0.005651132223100763,-0.03913646759960332,0.0,-0.04350083474839345,-0.042505139702264605,0.0,-0.038685131818850804,-0.011448031593178698,-0.03296494891343171,-0.011535840095228511,0.0,-0.05361986375549638,0.004218776434668392,-0.009407315345658918,-0.04920286810007718,-0.016509726403069802,-0.015171457641611319,-0.009561402168756505,-0.04310709009142083,-0.05256189129578104,-0.04874234393629756,-0.01212629329489423,-0.020281065216774308
-0.07052611200136577,-0.04627601842494061,0.0,-0.027271616297154744,-0.014845446378901062,0.003303361892452228,-0.051054049331519635,0.006467495719944871,-0.010748548074549336,-0.04889377335365058,-0.01536292792358912,-0.02854327680112906,-0.04795036499618893,0.0018086626943341622,-0.06002237854068604,-0.07001247584609593,-0.02962685400246068,-0.038014015864968276,-0.0050732150294314216,-0.04761622188974218,-0.05275512749271799,-0.035959629909235846,0.01368906070197301,-0.03349724339529875,-0.05811645638412666,-0.033201268666839756,0.024574009221579096,-0.04612993033152518,-0.04797992992095307,-0.06175731953291003,-0.05038026141304497,-0.04162245882937693,-0.05865050091678026,-0.048405874077419475,-0.039874613598939124,-0.02491259337882118,-0.050854622039482544,-0.0429221004085536,-0.006415177968458363,-0.01872764319753978,-0.048321008094864115,-0.012885157761313382,-0.026916657705579383,-0.01152577790871695,-6.897076347478492e-05,0.0,-0.003294035667655404,-0.06453342240408222,0.00031521899313491364,-0.0197375949834655,-0.030076874309586277,-0.027741185321033313,-0.0144689795358115,0.004404508290647091,-0.01454436013289484,-0.009729106704720936,-0.007217106740458834,-0.028506563565205423,-0.054314361319729776,-0.058122335035442174,-0.000552761665556678,0.0,0.0,-0.0692044820877668,-0.04391367474329955,0.0008188579509516569,-0.05333827797373053,-0.01181541776661632,0.0,0.0,-0.05125025809245415,-0.012951412946304863,-0.054469648515725944,-0.08272968430429456,-0.03522664063341918,-0.0630745644863765
0.0,0.0,-0.027271616297154744,0.0,-0.03339362449841138,-0.0490760846906948,-0.01646149468107122,-0.02876863929228113,-0.036848921364048604,-0.07845096207228483,-0.014843708253788113,-0.012302836920277505,-0.036095979097101216,-0.015008935966867976,-0.01473124033116291,0.0,0.0003593161355291419,0.0,-0.04216286166676236,-0.04748845857857947,0.0005408372335775624,-0.0274792645948419,-0.04537016152855128,-0.03418074739976257,0.0,-0.002075645781471125,-0.04576017220026801,-0.021007566257076615,-0.006566052675135714,-0.00022351610085363793,-0.08521244961313496,-0.019792911812664404,-0.034555826729520456,-0.06802712570142827,-0.10566940087780452,-0.022986010958977232,0.011318898756861817,-0.001747846714711121,-0.0010714050674029973,0.0,0.0008697756810720492,0.0,0.00035990910390959474,0.0,0.0,0.0,0.0,-6.230919016342318e-05,0.0,0.0,-6.145123621775772e-05,0.0,0.0,0.00014587383736353043,0.0,0.0001493379864694333,0.0,-0.00010981387099529005,0.0,0.0,0.0,0.0,0.0,0.0,0.0,0.0,0.0,-0.02983811503071271,0.0,0.0,0.0,-0.004720863622024785,0.00014298187089145653,0.000562365830175493,0.0,0.0
-0.0002420371298719748,-0.06280194872500866,-0.014845446378901062,-0.03339362449841138,0.0,-0.03609355536490927,-0.03670968919985346,-0.03899699887790914,-0.00902206638403158,-0.06231852535260002,-0.009657396495101445,-0.03395764993714301,-0.030237466839735938,-0.03450717904023204,-0.036753589863742775,-0.05105191654728414,-0.063473611616436,-0.04262157193599003,-0.012588842048741777,-0.057009180944940285,-0.050819041147319055,-0.048467049018650565,-0.061961115069850636,-0.09697066001083593,-0.028235561192506142,-0.03275005233301642,-0.028178103645303265,-0.030005326021627643,-0.050678850666899145,-0.04005610555216649,-0.06128003577554969,-0.06520432286248667,-0.04783559300718532,-0.0554603037881764,-0.05548620187255776,-0.04811034902969241,-0.038210966210191655,-0.05734987474878578,-0.040758448281000836,-0.0019513451849983987,-0.040526766648373014,-0.01622336975636096,-0.044614739620913446,0.0001533743795995579,-0.012428002472610056,0.0,-0.012641054023360132,-0.024026476880226078,0.0,-0.06021658164154681,-0.05470992402500863,-0.05782056023685017,-0.033409987045589895,-0.03725247405711779,0.001209629857142902,-0.07047427215245922,-0.02644138264309348,-0.06384284600736678,-0.04493971151355858,-0.03260063703627675,-0.0005780757474878051,0.0,0.0,-0.03583166458960524,-0.059713087698813005,0.0,-0.052452741334338915,-0.046677591838521826,0.0,0.00012114251380529462,-0.034600034631902754,-0.05241743042410879,-0.08573938221737226,-0.09239774594199801,-0.021112718999640068,-0.06226675721396541
-0.03388329932482037,-0.03880343686144716,0.003303361892452228,-0.0490760846906948,-0.03609355536490927,0.0,-0.04502549310688764,-0.053097069064415636,-0.0018936761002736335,-0.06420822027214201,-0.010060193100302428,-0.04480937806360963,-0.029535441756322167,-0.03944302598945809,-0.026986272443261072,-0.04165434886060615,-0.04209740801070894,-0.03317792551197951,-0.009091589324865479,-0.03330565190144591,-0.05057212115006199,-0.030779980640807447,-0.030677865570790275,-0.04826767433270379,-0.04310327590785695,-0.02625781321306775,-0.016068290670653906,-0.03575812422968783,-0.02097563234266203,-0.06711636554337735,-0.06186972058364909,-0.0650337675266166,-0.047645428695387126,-0.05776582657100887,-0.059443626050787846,-0.05213825878266137,-0.058695777252881776,-0.056922813971862996,-0.04795481447268218,-0.03985364219488402,-0.07457529824701509,-0.06549656170319873,-0.06685808402645466,-0.07683290863335474,-0.006938963809110188,-0.03306623802680564,-0.02569338218435463,-0.033296733867358874,0.0,-0.05409379031806605,-0.05004691539451955,-0.05011629649887933,-0.047351048807009244,-0.03450404237648175,-0.02903773297129697,-0.017148265685566932,-0.036165647398573086,-0.062497581777013256,-0.02972555264060761,-0.04707191347381123,-0.034970123196511216,5.551115123125783e-17,-0.03872202326270058,-0.02955590354490878,-0.07310548295610081,-0.04043045662425182,-0.033967019185595804,-0.050913713541211325,0.0,-0.036013285359036806,-0.028039942172315813,-0.05656713025714433,-0.07448492998546757,-0.0776099756196279,-0.08409692441904176,-0.0766130961737378
-0.03219258350323467,-0.060392475792471034,-0.051054049331519635,-0.01646149468107122,-0.03670968919985346,-0.04502549310688764,0.0,-0.07736359486301625,-0.03999367654181957,-0.045547806476294306,-0.0521340182643974,-0.021733018619858213,-0.009988154222564827,-0.038913990408568244,-0.056165351161665544,-0.058772680094491825,-0.03782852551168159,-0.03810136846853934,-0.06146931694814689,-0.05023853710532994,-0.07015556679188739,-0.05070577225578171,-0.08189816965338259,-0.09443308749027352,-0.04939214565617994,-0.049453673912113916,-0.05365645563256677,-0.020550966797689862,-0.04448148940518071,-0.06535966367763524,-0.046056222372847955,-0.04454945182217013,-0.04174056747673677,-0.0445208998493295,-0.04071005121247673,-0.03701501124703899,-0.016893880265280048,-0.040507459991148465,-0.04120635294895714,-0.03211416183976784,-0.04680462114298706,-0.02690505660742043,-0.0942878710722127,-4.726675905492028e-05,-0.0046188822187746,-0.00043737329374404776,-0.040503099232088835,-0.03512147860616943,0.0,-0.04178520243197231,-0.061115979845606794,-0.06683911852275554,-0.06199235970652334,-0.039524201609510645,0.004400009012689499,-0.06909645260440833,0.015964836584260622,-0.07566994217970247,-0.033114748218774026,-0.06247295283589094,-0.02441304662537752,1.1102230246251565e-16,-0.0005447232675722669,-0.024640946796171015,-0.07814138929555053,-0.05338531069580432,-0.05012180350996742,-0.06187047815682656,-0.0157563459800239,-0.041594017155696716,-0.04089743900375803,-0.06998499856149171,-0.08433270836727536,-0.08909966090646165,-0.05110111911361115,-0.08337380053382387
-0.04238205164599185,-0.03504907571626287,0.006467495719944871,-0.02876863929228113,-0.03899699887790914,-0.053097069064415636,-0.07736359486301625,0.0,-0.03048650704531075,-0.08540747462918796,-0.045446971048944795,-0.025537001404697446,-0.07947707670481835,-0.021466764034452246,-0.07458221942096271,-0.07115108271515325,-0.03187467525006288,-0.04040831115443466,-0.009005371548899077,-0.048794524754045554,-0.03972626397226714,-0.049259800751504934,-0.04868006977740846,-0.03566130919653393,-0.01537349865440929,-0.042569042859415485,-0.05140509970695617,-0.07693971082892631,-0.07091509411815722,-0.08980550376771285,-0.08532488871436616,-0.05024708489761415,-0.0017477787956964308,-0.08623959353841937,-0.08855800413991816,-0.03161406462481492,-0.10827730411160641,-0.08193396591448243,-0.023943196275511114,-0.013883644901459602,-0.04947373760067597,-0.019479523170311874,-0.06337246612220887,-1.4247115217413953e-05,-4.820522089110657e-05,-0.008174001160896394,-0.035540643290105645,-0.01252757737150334,0.0,0.003090360020647165,-0.029221795356952907,-0.030083717372653307,-0.03161426258755118,-0.017333670822072045,-0.01073198872499892,0.000691256291097897,-1.1102230246251565e-16,-0.047303608857003354,-0.036717834035753516,-0.05944080297997467,-0.032477137394524846,0.0,-9.691784756571398e-06,-0.004306142285765535,-0.07757867003852481,-0.023828920821980015,-0.05855867674598231,-0.05625258742596312,0.001561144701123951,-0.03483071051248254,-0.025491901620871893,-0.03508350286450329,-0.06485782986873528,-0.0679444708880837,-0.04775175263718123,-0.06043496295603945
-0.03900229838548652,-0.04935305517701105,-0.010748548074549336,-0.036848921364048604,-0.00902206638403158,-0.0018936761002736335,-0.03999367654181957,-0.03048650704531075,0.0,-0.06444757492645548,0.0008629714068413841,-0.049618966977122536,-0.014188474815015117,-0.012793892965124398,-0.02722487595391232,-0.05734321134817921,-0.05579441799349061,-0.05864609807270621,0.003477945470950816,-0.04226731649330917,-0.0708820618442953,-0.04129442255254823,-0.03137545006539211,-0.07811431845181516,-0.05075932537301647,-0.05321393229879945,0.013883450180012746,-0.05371160594466423,-0.04795631524833627,-0.06333530904940154,-0.061685806092066975,-0.05110828615247859,-0.06374531529329353,-0.05783979282642182,-0.051035345155337974,-0.05025425814382317,-0.05572289644716455,-0.05513513702528794,-0.02878730603687385,-0.0266753811130489,-0.047137665514253246,-0.04084448285155268,-0.03921586142426842,-0.017166698160203664,-0.029309757110128676,0.0,-0.04311117126739111,-0.11558698281318786,-0.008310401228811548,-0.05412785612056331,-0.04520040493613153,-0.03823063943161664,-0.03911618162050812,-0.038331126150073724,-0.0018042697618859127,-0.1486088619361592,-0.012260835223441235,-0.040926141914051584,-0.033221139717147796,-0.07003582048393026,-0.03095916981081348,5.551115123125783e-17,0.0,-0.029129658241758505,-0.07252287592427858,0.0011225825260964828,-0.047253127582889354,-0.038402286831389354,0.00011049403097690425,-0.003984244331139863,-0.008648800329697948,-0.04742052963502463,-0.08563928958492645,-0.08823090463328132,-0.06136908792997109,-0.07343306204909483
-0.008051234132173457,-0.00857133009028005,-0.04889377335365058,-0.07845096207228483,-0.06231852535260002,-0.06420822027214201,-0.045547806476294306,-0.08540747462918796,-0.06444757492645548,0.0,-0.07029997181890518,0.048853410028026734,-0.038792639430998144,-0.20075043740215928,-0.0293028723269943,-0.02137402669698185,-0.021796471410728158,-0.029012095737143806,-0.06477558663375871,-0.00861744779815471,-0.02762687442189138,-0.015667226454972982,-0.07265129099434886,0.014429419193611515,0.00847672351011386,0.023802700338027838,-0.05000343647315014,-0.033248072458261724,-0.02728680284628099,-0.021525462239741333,-0.006108804424077463,-0.03069261048180072,0.002976325057857332,-0.010864790167786464,-0.04186519396342714,-0.06476491379138044,-0.030199161030509458,0.024772742717857565,-0.01021384917506768,0.0012489136772044773,0.018907074549229852,-0.04841690226498546,-0.013998083171441966,0.016279972311785185,0.010510406959081231,-0.007955026645071861,-0.024069060282250976,-0.03721741560555014,-1.1102230246251565e-16,1.6653345369377348e-16,-0.04401843401582939,0.01960731068556687,0.0002908725779531274,-0.03527371721551009,0.013271457264860564,-0.02666984303530706,0.0006426412074781451,-0.022974573935623466,0.0,0.0009707163084383685,0.0016490206915714123,0.0018850482453899309,-0.005666200087337314,-2.2535670137657782e-05,-0.036584454438843506,0.0002847578323216804,-0.04178189196883125,-0.07386479632325954,0.005874050111765283,-0.013187227929554513,-0.004765988841996749,-0.06858224861345585,0.00033751594871478385,-0.04654460203103056,-1.1102230246251565e-16,-0.01280039325131982
7.997107560242522e-05,-0.0007903455305246498,-0.01536292792358912,-0.014843708253788113,-0.009657396495101445,-0.010060193100302428,-0.0521340182643974,-0.045446971048944795,0.0008629714068413841,-0.07029997181890518,0.0,-0.07064748481904964,-0.06894187470958307,-0.022266922720967808,0.0,-1.692673490366614e-05,-0.05118362236559537,-0.08792411849027182,0.00980427310922738,7.779305241745194e-05,-0.051679372601780404,-0.028808546740762997,0.006427880915428397,-0.04302464325352234,-0.07026836977032369,-0.036535813985948296,-0.001641758894291634,-0.06722533617769494,-0.05904514182175302,-0.04001634576754742,-0.07674518398790803,-0.04187806471253974,-0.08790972847198758,-0.06784985924588965,-0.06180572154778863,-0.014156806046388526,-0.025650896819281233,-0.057623707751442765,-0.008937250562735033,0.0032309730674293102,-0.02025469956550363,-0.014845011060845348,-0.033639253968430094,0.0013336180461409053,-0.008905093161273692,0.0,5.551115123125783e-17,-0.03524160440607249,-0.00013652790623530642,-0.149962188262037,-0.03774336501269138,-0.05194715097279251,-0.0018500771818086847,-0.13624033974773558,-0.016130276525729292,-0.010440537680938333,-0.02313179350000011,-0.06468685229329896,-0.07258920993063644,-0.0007719724793765481,0.0,0.0,0.0,-0.029393296078409126,-0.022674898854243453,0.0,-0.021270482592117834,-0.01866676719326832,0.0,0.0,-0.0051048827591006485,-0.03377794183095284,-0.06580836242623705,-0.06047454786345696,-0.0013107941606886886,-0.07647234439144768
-0.0061683924928369605,-0.006465116112190361,-0.02854327680112906,-0.012302836920277505,-0.03395764993714301,-0.04480937806360963,-0.021733018619858213,-0.025537001404697446,-0.049618966977122536,0.048853410028026734,-0.07064748481904964,0.0,-0.02443885355035147,-0.07745453362702504,-0.021536974634664252,-0.012835411633769556,-0.02047898486352212,-0.021659063300260906,-0.055485911961560885,-0.012776704210095802,-0.03503586164593181,-0.05273581556223267,-0.04624256207242139,0.026182712377476547,0.002337862128692414,0.02131959183976595,-0.03140144591953076,-0.003196504876288475,-0.02659390069798606,-0.011906535214392167,0.01426684746320489,0.00119107768705623,0.04551694062578321,0.0373582482928706,0.03038951245939714,-0.00806035059505672,-0.009473254019525534,0.05462253207094042,-0.008389554587371062,0.015934720932949176,-0.027099272838087163,0.009246141992422074,-0.007951230480305826,-0.013778621258811963,0.03381696662702338,-0.023651671971648247,-0.027984079936187678,-0.0056654185868344475,0.0,-0.000194309950183158,-0.006347717092442529,-0.003708581984185555,0.0,-0.009841742436644818,0.013168802445067351,-0.015623143842911802,0.011705724170632925,-0.011810619050949434,0.0,-0.009140887084710558,-0.011063729630503727,-0.0006953382626004867,0.0007272687029402647,0.0,0.003742722103629581,0.000172158499466446,-0.03798540125333105,-0.027905292711092156,0.012638716402116168,-0.010005639109336995,-0.0015958843101849807,-0.02192727322652921,-0.011411443684096578,0.0197745113357653,0.0,-0.0006198471917818749
-0.033050040675178194,-0.05662677912843017,-0.04795036499618893,-0.036095979097101216,-0.030237466839735938,-0.029535441756322167,-0.009988154222564827,-0.07947707670481835,-0.014188474815015117,-0.038792639430998144,-0.06894187470958307,-0.02443885355035147,0.0,-0.04563726901683085,-0.05653525458933245,-0.04786425121552168,-0.04029391805452631,-0.02952102619141228,-0.06714756629874036,-0.044781480661638506,-0.06773102475767456,-0.04328431443342029,-0.07179884669124709,-0.06706996348318955,-0.04462384377881279,-0.04137112340515908,-0.04230679397555981,-0.016581817044963032,-0.03367976470810036,-0.05417645074645944,-0.03488780545275566,-0.04559508153076852,-0.04878078777318162,-0.04331685950557396,-0.05079427591115404,-0.048482279881873536,-0.03691255255355125,-0.040590378092663915,-0.044772907678023444,-0.01843039391661705,-0.065044346812272,-0.02909874927401418,-0.07885733750210505,-0.0089191773592468,-0.01596985467386325,-0.020276483928584388,-0.04482309157090997,-0.032915615491171724,0.0,-0.04929493222937692,-0.06149123531600209,-0.07072412387044474,-0.05748035308609095,-0.030457858156479722,-0.02598137992664107,-0.06189002270554056,-0.02539301649403175,-0.07291758676149568,-0.036904143657766286,-0.06286650335348298,-0.03941123025725135,-0.0016472201526756547,-0.03416091052299636,-0.022955407882727208,-0.07788988236611616,-0.06199038758846831,-0.04815702584136444,-0.06838236878316789,-0.001120023915663626,-0.04694241062809179,-0.03730506529031358,-0.07347212130864639,-0.08387354574359568,-0.08514704006726798,-0.08071642801529733,-0.08400684707315165
-0.017584438458736418,0.0,0.0018086626943341622,-0.015008935966867976,-0.03450717904023204,-0.03944302598945809,-0.038913990408568244,-0.021466764034452246,-0.012793892965124398,-0.20075043740215928,-0.022266922720967808,-0.07745453362702504,-0.04563726901683085,0.0,-0.003077550942143348,0.0,0.0,0.0,-0.010300363484129826,0.004355070535684069,-0.033890870686975216,-0.0072034460380207,-0.02744227394873,-0.02610417416927191,0.00013327849982791573,0.00527822210305795,-0.02349661462232583,-0.04520706552256193,-0.05556283136189616,-0.0002697433028649443,-0.0654171335313673,0.00287027908541454,-0.0011108532031752771,-0.0469846051729379,-0.043285688016541424,-0.024929255067638018,-0.0035091649560750338,-0.04730592289916774,-0.015159564473283982,0.0,-0.0005299564036091997,0.0,-0.036166331179530276,0.0,0.0,0.0,0.0,-0.05720310127685313,0.0,-0.016562528214492556,-0.04286837730952325,-0.03886191289732782,-0.04171929445109657,-0.04478751789174268,0.0,-0.10899311207217555,-0.0004580413932616101,-0.05144187711160908,-0.01628375876485383,-5.551115123125783e-17,0.0,0.0,0.0,-0.057501264936727414,0.0011742984555700442,0.0,0.0,-0.0548159173015616,-0.0004967347115256149,0.0,0.0,-0.03235364390132639,-0.07415401523913207,-0.021525502416491038,0.0,-5.551115123125783e-17
-0.02407786377100729,-0.029063996890382304,-0.06002237854068604,-0.01473124033116291,-0.036753589863742775,-0.026986272443261072,-0.056165351161665544,-0.07458221942096271,-0.02722487595391232,-0.0293028723269943,0.0,-0.021536974634664252,-0.05653525458933245,-0.003077550942143348,0.0,-0.029909965598796717,-0.03673949162393941,-0.015294516745783082,0.0,-0.04411547656898762,-0.006963695398201908,-0.005448870634079839,-0.04359142118848691,-0.013878106644049482,-0.023879052912793797,0.007025584877030866,-0.03910605360632097,-0.05795121077772114,-0.04888167250136882,-0.06673843462833234,-0.04002893950645142,-0.00845983208936979,-0.03275029645295019,-0.030924958721890716,-0.04290203903256956,-0.07618689082442581,-0.12140301758772742,-0.014463485367574469,-0.010222094482047972,-0.0003116692425070289,-0.030164133639474844,-0.03293066163778613,-0.08648888509657615,-0.0008200477492591451,0.013209689276483028,-0.018902819622238,0.002517420217856836,-0.029573192990843544,0.0,0.0,-0.05536900758439656,-0.04303498100506198,-0.04484733945777292,-0.04545332316318318,-2.2374280253978363e-05,0.0,-0.0066097606757224425,-0.06493227905009097,0.0,-0.02500588915122448,-0.018464365719129627,-0.0005540187994745871,-0.04899276759321802,0.0,-0.04513799810364072,-0.01031790599089527,-0.019965799426240716,-0.058889863168133105,-0.016057581781000974,-0.03396179061862775,-0.021157841983026615,-0.0612891948947486,-0.061082004380309474,-0.06004547006757338,-0.05645646957132122,-0.039164256337468784
-0.015686982802926852,-0.015008688164393824,-0.07001247584609593,0.0,-0.05105191654728414,-0.04165434886060615,-0.058772680094491825,-0.07115108271515325,-0.05734321134817921,-0.02137402669698185,-1.692673490366614e-05,-0.012835411633769556,-0.04786425121552168,0.0,-0.029909965598796717,0.0,-0.011694570850296515,-0.0013201883015648286,-0.0011177705929920623,-0.021061872913008095,-0.023702841451183954,-0.016314033852109944,-0.07242470491570319,-0.012950321587697267,-0.016440860420861847,-0.018654749573657203,-0.052339996508741715,-0.04325793336602962,-0.02810393929052285,-0.0653130466014778,-0.019769718338460585,-0.0061164848909350256,-0.025788526811578283,-0.023670766936739918,-0.03559505382496375,0.0029832688916281436,-0.005420374242139703,0.005301425745377286,-0.027537000606020823,-0.02309840798084578,-0.03223868534972163,-0.035376253192313356,-0.01880346602014854,0.0,0.0,-0.01683517430025583,-0.019337186222070535,0.0,0.0,0.0,-0.03725822309547672,-0.020912947312773267,-0.04763566941757558,0.0,-0.020678921325950894,0.0,-0.02723898940451691,-0.038767887302274484,0.0,-0.04163423506891467,-0.019480560950972725,-0.012159442201290838,-0.022534854172413965,0.0,-0.06497451818345501,-0.02263725750925011,-0.02532275610050605,-0.052615011031116043,-0.0105020502460757,-0.027405896193633483,-0.019558134427035856,-0.05444950529835019,-0.061713170217908064,-0.05260936053390319,-0.00015351097504989752,-0.026340864094474725
-0.04793937897020212,0.005837156586964265,-0.02962685400246068,0.0003593161355291419,-0.063473611616436,-0.04209740801070894,-0.03782852551168159,-0.03187467525006288,-0.05579441799349061,-0.021796471410728158,-0.05118362236559537,-0.02047898486352212,-0.04029391805452631,0.0,-0.03673949162393941,-0.011694570850296515,0.0,-0.016965202520845435,-0.03950928169176898,-0.03872997316215793,-0.015987598829179328,-0.04054236969621494,-0.03201487456266228,-0.025286225459326184,-0.03229754251565764,-0.033354849912550666,-0.045165835889618644,-0.16307487519736907,-0.022795209180983267,-0.025970605687990478,-0.029292589193870344,-0.03712751013941856,-0.030730237819973083,-0.036295085009179884,-0.05627870992655276,-0.029437253792753526,6.776723954166064e-05,-0.029757847342180177,-0.005374824628258168,-0.024141034563348596,-0.018081627373697617,-0.03256684290995304,0.0,0.0,-0.06044810688877167,-0.0187415043311151,-0.05320178737795872,0.0,0.0,1.6653345369377348e-16,-0.0005291339610669077,0.00020175327170046664,0.0,0.0,-0.014074459989284305,-0.00035805789919307607,-0.030250113614585572,-0.02128691719900494,0.0,0.0,-0.017349803470949665,-0.020887224084794598,-0.023607168089930575,0.0,2.0635369905597223e-05,-5.551115123125783e-17,-0.05372270170202009,-0.000786508330590463,-0.04456154772793369,-0.027062434710351857,-0.03255027215113321,0.0,-0.038578675359717485,-0.028558419179963657,0.0,-0.026035984382360655
-0.017709821382178137,-0.006320889370717286,-0.038014015864968276,0.0,-0.04262157193599003,-0.03317792551197951,-0.03810136846853934,-0.04040831115443466,-0.05864609807270621,-0.029012095737143806,-0.08792411849027182,-0.021659063300260906,-0.02952102619141228,0.0,-0.015294516745783082,-0.0013201883015648286,-0.016965202520845435,0.0,-0.06487841637215269,-0.029722674321753906,-0.024258358581614625,-0.024543977979549825,-0.060627493050919856,-0.017560888827862164,-0.017772961488315142,-0.020104196857386958,-0.04130569042566723,-0.031606704006078234,-0.01784929032006688,-0.037933870558316485,-0.018813621390583457,-0.018152050443493717,-0.023810331531332662,-0.02985941462985986,-0.050636354545075646,-0.008759885149941915,0.0,-0.03674370264987231,-0.02525543626441551,-0.029752110565730683,-0.02876073171785054,-0.030188561229041344,5.551115123125783e-17,0.0,-0.039754468063073534,-0.008238346437354938,-0.014400736547675042,0.0,0.0,0.0,-0.052859323939368874,0.00018946713893824851,-0.026512090648819653,0.0,-0.023617491381037803,0.0,-0.0391483383849176,-0.042311386451322874,0.0,-0.046397712571844996,-0.01989849348089745,-0.02272220652657775,-0.02597925999360068,0.0,-0.06040770202890533,-0.047287880648005154,-0.025766689566518397,-0.0409471006260792,-0.033944986538695265,-0.02718992423968375,-0.02564574512851825,-0.021457698024631378,-0.048956359183556064,-0.04088525352838607,0.0,-0.031104985755617875
0.0,-0.03693576392649145,-0.0050732150294314216,-0.04216286166676236,-0.012588842048741777,-0.009091589324865479,-0.06146931694814689,-0.009005371548899077,0.003477945470950816,-0.06477558663375871,0.00980427310922738,-0.055485911961560885,-0.06714756629874036,-0.010300363484129826,0.0,-0.0011177705929920623,-0.03950928169176898,-0.06487841637215269,0.0,-0.02718167193097637,-0.012273725302767768,-0.04693685242212353,0.0015406186157145285,-0.02993372333097566,-0.07168652839953293,-0.03827258665853506,0.0051673306524879226,-0.06494778205391638,-0.053922651761038776,-0.05550633162119023,-0.07221496095971763,-0.057382020405899736,-0.04412859095079724,-0.06357927393667695,-0.057708147005283095,-0.03564587059455049,-0.0687489689096708,-0.0677930977065973,-0.01497145932922117,-0.018303189808140274,-0.051180704788976294,-0.00649869055096064,-0.03221565211890304,5.551115123125783e-17,-1.6653345369377348e-16,0.0,5.551115123125783e-17,-0.15261176303309376,0.0,-0.04021006024240015,-0.03815112334764559,-0.02517312816080075,-0.003991909384479353,-0.0310120373641678,0.0013869913873790773,-0.06617225918765735,-0.0012983153183181995,-0.048427863441920016,-0.0440570898465692,-0.0013131394213026781,0.0,0.0,0.0,0.006885201805916896,-0.041070719725390836,0.0,-0.008601158633940675,-0.028045619292875745,0.0,0.0,-0.007991796697040088,-0.03535924584693728,-0.06953171097763167,-0.07076661087874758,0.00015560927959012982,-0.0791006871299268
-0.02167759745630954,-0.02669156560759889,-0.04761622188974218,-0.04748845857857947,-0.057009180944940285,-0.03330565190144591,-0.05023853710532994,-0.048794524754045554,-0.04226731649330917,-0.00861744779815471,7.779305241745194e-05,-0.012776704210095802,-0.044781480661638506,0.004355070535684069,-0.04411547656898762,-0.021061872913008095,-0.03872997316215793,-0.029722674321753906,-0.02718167193097637,0.0,-0.029470864600765034,-0.025958640245627718,-0.020725759786403564,-0.027236571659227438,-0.04886255042063398,-0.02214124402676071,-0.017168226108839946,-0.03652172984470675,-0.02923411093799927,-0.043497828713141284,-0.04786632183211742,-0.02484727329686559,-0.05873211107974796,-0.05390392965931151,-0.05606299471567061,-0.07855760360750258,-0.06572914298164606,-0.030974324008138487,-0.05072484171271452,-0.05401870417150245,-0.06268332145447786,-0.0667738732218513,-0.08282258424813543,-0.0003170255816506984,-0.0081715856837965,-0.046827417701076846,-0.03463127341439265,-0.023147570197536327,0.0,-0.011237642479592747,-0.07060481712260913,-0.07999771054071592,-0.06822862987293743,-0.08023171727141748,0.00018599815806147335,-0.034331764252103325,-0.004975667960116559,-0.0741301858201544,0.0,-0.048601151482337845,-0.04340723175658068,-0.00623193215709239,-0.03666349803425478,-0.01584275660188189,-0.06437349353231542,-0.055085199476772484,-0.03682633180541778,-0.06806986027161033,-0.00121203095415795,-0.04904442639735357,-0.035735860576405876,-0.06955405014041416,-0.06902255974723409,-0.06967169620632596,-0.06552962689292519,-0.060171894520467784
-0.03745605052466566,-0.022302762666207676,-0.05275512749271799,0.0005408372335775624,-0.050819041147319055,-0.05057212115006199,-0.07015556679188739,-0.03972626397226714,-0.0708820618442953,-0.02762687442189138,-0.051679372601780404,-0.03503586164593181,-0.06773102475767456,-0.033890870686975216,-0.006963695398201908,-0.023702841451183954,-0.015987598829179328,-0.024258358581614625,-0.012273725302767768,-0.029470864600765034,0.0,-0.0025983971410178386,-0.04975885222368831,-0.025766553698475414,-0.0022597029184815987,-0.02943014175793013,-0.03246582407850068,-0.06572231215979935,-0.06087914583853443,-0.07499434277182115,-0.05076100833451297,-0.012500810409184215,-0.05324276533146771,-0.051779745498663876,-0.058581699869587445,-0.06921241269614642,-0.04861366567255865,-0.049711138403607635,-0.01741519333873831,0.01209076093015743,-0.02309502705128269,-0.02454482014905257,-0.0799184264937492,0.0,-0.0008253535537299794,-0.02041829907084408,-0.002633260821406025,-0.001273506174361838,0.0,0.00024399159402765935,-0.0728818182081925,-0.03628969118763903,-0.06407225491809226,-0.01435708184031681,9.009669095122463e-05,0.0,0.004589561804407893,-0.07839425784872933,0.0,-0.038200844809971046,-0.017247952473934625,0.0,-0.04198845402202711,0.0,-0.061188335146145634,-0.016984897655455133,-0.025021817157187154,-0.06717047633607098,-0.01894004132030186,-0.009517113851201464,-0.023505468671076668,-0.06628831469033897,-0.061661527690357265,-0.07018851211177118,-0.039871960758365244,-0.05247094348719061
-0.015416353324177179,-0.017130895306709415,-0.035959629909235846,-0.0274792645948419,-0.048467049018650565,-0.030779980640807447,-0.05070577225578171,-0.049259800751504934,-0.04129442255254823,-0.015667226454972982,-0.028808546740762997,-0.05273581556223267,-0.04328431443342029,-0.0072034460380207,-0.005448870634079839,-0.016314033852109944,-0.04054236969621494,-0.024543977979549825,-0.04693685242212353,-0.025958640245627718,-0.0025983971410178386,0.0,-0.02794124530227743,-0.008079171680329289,-0.03405504532850623,-0.009486960575408987,-0.02690717911256696,-0.0404812765311694,-0.021167140681181806,-0.056547276555349024,-0.025615751151485733,0.003270986658034547,-0.023437616652704885,-0.02548206015692378,-0.037261964469741005,-0.041797623480781254,-0.042585173764490336,-0.013012124414658266,-0.0047709493498293565,-0.031906289956257716,-0.016183612336180264,-0.031456594240335256,-0.05175989350890964,0.0,-0.002244834507738991,-0.015818531942218772,0.00020933637838482788,-0.03130840118490508,0.0,-0.00026024356337445154,-0.038577721667634846,-0.046147630296146214,-0.04335147623519514,-0.011937236631032189,-0.029643475217698834,0.0,-0.011018719196816462,-0.04293719652630951,0.0,-0.018187714032824098,-0.017321444776116746,-0.0378183756460147,-0.0216598893776066,-1.1102230246251565e-16,-0.02900969022080635,-0.017591745361642264,-0.015134412908151818,-0.05150570376260244,-0.01501908929788387,-0.01911015320411713,-0.016867617513849464,-0.04922694565409391,-0.04364877746284884,-0.04452197312172168,-0.05403073720101431,-0.026476989207792012
-0.05438817694559339,-0.05191965619205735,0.01368906070197301,-0.04537016152855128,-0.061961115069850636,-0.030677865570790275,-0.08189816965338259,-0.04868006977740846,-0.03137545006539211,-0.07265129099434886,0.006427880915428397,-0.04624256207242139,-0.07179884669124709,-0.02744227394873,-0.04359142118848691,-0.07242470491570319,-0.03201487456266228,-0.060627493050919856,0.0015406186157145285,-0.020725759786403564,-0.04975885222368831,-0.02794124530227743,0.0,-0.04313925876811059,-0.047165420629304844,-0.030362103427859,-0.0072236393484398365,-0.06923232155832432,-0.05874461907907236,-0.08371706678866903,-0.07765280590720836,-0.07584663936057912,-0.05639830511482491,-0.07461249946584053,-0.08226255605289573,-0.057954926260834816,-0.07935851088449636,-0.06519160260762341,-0.059267914488773554,-0.04746263535232348,-0.0841140077214419,-0.07898980654915227,-0.07152521159519765,-0.038219461953122924,-0.01544719643833653,-0.03350134826029777,-0.03629133894715808,-0.008487031374246001,7.596689930183809e-05,-0.04279278896942934,-0.05311497876486804,-0.05549902473962359,-0.06098744231728459,-0.026917515670082826,-0.033572355932316555,-0.03682113514493579,-0.012950247497062806,-0.07259081217635593,-0.024826363795749096,-0.062243781885846394,-0.038817070428035616,-0.01919955507231985,-0.03959674189617335,-0.06114035773065596,-0.08250866574139515,-0.052702110496990695,-0.051208280510871895,-0.05945918599665401,-0.015677697357082965,-0.02814639661823226,-0.0338694394721733,-0.06514533444724357,-0.08073758705535461,-0.08451999041555558,-0.0774269776951288,-0.08271825164188645
-0.007703275621789629,-0.004170934409776561,-0.03349724339529875,-0.03418074739976257,-0.09697066001083593,-0.04826767433270379,-0.09443308749027352,-0.03566130919653393,-0.07811431845181516,0.014429419193611515,-0.04302464325352234,0.026182712377476547,-0.06706996348318955,-0.02610417416927191,-0.013878106644049482,-0.012950321587697267,-0.025286225459326184,-0.017560888827862164,-0.02993372333097566,-0.027236571659227438,-0.025766553698475414,-0.008079171680329289,-0.04313925876811059,0.0,-0.01843048748147952,0.00498022882487964,-0.02430968493230956,-0.03562899659150237,-0.03541085918815273,-0.043664239862021836,-0.020161055031704123,-0.035737407090392914,0.00830154449826298,-0.025614486559720206,-0.041514850539087655,-0.03383665160768656,-0.014683510400018612,0.03023000418880245,-0.05251661081624687,0.00912453433074073,-0.07444270260621566,0.012468484531691804,-0.021815113906995365,0.004630200493415115,-0.04387983163160608,-2.2935079713515272e-05,-0.020064637748738734,-0.0001629514303477797,0.0,0.0,-0.023457425050259995,0.0204787932692852,0.000559449463199746,-0.00023099933889558777,0.02051765397293187,0.0007386908267210113,-0.010983591694657402,0.03774520365265588,0.0,-0.026779661583050784,-0.018547053248304357,0.01005936574362365,-0.016195718587671826,0.0,-0.009263658480083203,-0.0639929039607825,-0.031456687519953175,-0.043691783906680326,0.02744612328807905,-0.016429195844430033,-0.009898784531191474,-0.012878717290454034,-0.15386887947698547,-0.027394031609865088,0.0,-0.016129090314528804
-0.01121842369533449,-0.008082285964732316,-0.05811645638412666,0.0,-0.028235561192506142,-0.04310327590785695,-0.04939214565617994,-0.01537349865440929,-0.05075932537301647,0.00847672351011386,-0.07026836977032369,0.002337862128692414,-0.04462384377881279,0.00013327849982791573,-0.023879052912793797,-0.016440860420861847,-0.03229754251565764,-0.017772961488315142,-0.07168652839953293,-0.04886255042063398,-0.0022597029184815987,-0.03405504532850623,-0.047165420629304844,-0.01843048748147952,0.0,-0.008920950498892133,-0.03447489221366701,-0.054397026763609524,-0.04563349465830918,-0.0360218164802813,-0.026294146239100147,-0.021750127316751522,-0.02792611693291236,-0.03168596216950359,-0.05272637554310522,-0.04727556572888575,-0.0007068588479978155,-0.028848210277237718,-0.02603082596452877,-0.023993086695321242,-0.023498963326591626,-0.03549293903036499,0.0006315072665053489,0.0,-0.014797546667857986,-0.006031664329549435,-0.015688416153308626,0.0,0.0,0.0,-0.04261164419990254,-0.016855165655320914,-0.030761354437491173,0.00016075647482205468,-0.009687199220182519,0.0,-0.02045101751049838,-0.03470596854184449,0.0,-0.03876487998399991,-0.01469870432370518,-0.01711161910510739,-0.0233727689376636,0.0,-0.057213439609672345,-0.028434596502742604,-0.029808237831206397,-0.057951881389098736,-0.02796360460721914,-0.025289634845274078,-0.022602502491823995,-0.06340962914284026,-0.05061531013303783,-0.04008501068388137,0.0,-0.023317659798203605
-0.01108761207870429,-0.010027242979817663,-0.033201268666839756,-0.002075645781471125,-0.03275005233301642,-0.02625781321306775,-0.049453673912113916,-0.042569042859415485,-0.05321393229879945,0.023802700338027838,-0.036535813985948296,0.02131959183976595,-0.04137112340515908,0.00527822210305795,0.007025584877030866,-0.018654749573657203,-0.033354849912550666,-0.020104196857386958,-0.03827258665853506,-0.02214124402676071,-0.02943014175793013,-0.009486960575408987,-0.030362103427859,0.00498022882487964,-0.008920950498892133,0.0,-0.005997146246043472,-0.042245144305468496,-0.04200361022687826,-0.02272895038755507,-0.019215330856556523,0.002578813845163397,-0.006083731131114101,-0.01518628424377888,-0.03552714279860114,-0.09315559548367214,-0.02773097909162825,0.004831215170349068,-0.008036550981047719,-0.023006985875242247,-0.016422870451589966,-0.029220327053640915,-0.026884944747230355,0.0,-0.013458335797519705,-0.014108626824797854,-0.009131205678009402,-0.029116569734494613,0.0,-0.0005395431355354474,-0.028833626670283496,-0.036208354785386976,-0.04462700418597665,-0.029484442298813363,-0.009035278752679898,0.00016510684688925137,-0.020184157060951613,-0.042713605951714306,0.0,-0.01751050870687776,-0.012859636819001263,-0.011652238414438354,-0.024925452464831355,-5.551115123125783e-17,-0.017486566160052952,-0.0036020109912111575,-0.015430933479929243,-0.04790558700469011,-0.02226945732591412,-0.02471736539321917,-0.015315132154894828,-0.029934620799263068,-0.038939171222573454,-0.042325016261518966,0.00017664702572683932,-0.02228638893077073
