0.0,-0.030786619121247027,0.0004163469992791713,0.0,-0.00032782855705820735,-0.016861371303428407,-0.003319848229108968,-0.04120471508178669,-0.0027797939293928153,0.0015984831811519107,0.00019766281941302477,-0.002169487312980223,-0.007266056787814279,-0.01750681986519692,0.007117416720248904,-0.026413133891350193,-0.02246398715106862,-0.03654317103888516,0.0,-0.014543158249127719,-0.021839407116736986,-0.009570954953661004,-0.0176204333726675,-0.005727835894421218,-0.03695530187364471,-0.013773651734068526,-0.004980427193674752,-0.013208240151888262,-0.018654024959708804,-0.008279639459958965,-0.01828818660596554,-0.009131099480756688,0.0007786280454007422,-0.009219541131012643,0.00044089049609513653,-0.014888100969732698,0.0,-0.0043282280033254406,-0.030376336497718037,-0.06534628381018126,-0.03472116063721026,-0.036415079061459465,0.0,0.0,0.059720435327168975,-0.019181245230129762,-0.05741755831438855,0.0,0.0,0.0,0.006828329089886731,0.0,-0.017760695698692208,0.0,0.009013953086757676,0.0,0.005366719917158147,-0.009301423223110727,0.0,-0.02127889705433933,-0.03835458094103028,-0.03193106213678015,-0.03575302468182012,0.0,-0.059537547564038396,-0.07664602119300062,-0.048753412219101455,-0.037290758032202165,0.033468180308256934,-0.04934201757521334,-0.03938888682118574,0.004510762847452443,0.0006931394053906748,-0.00334060536036751,0.0,-0.05679598802969682
-0.030786619121247027,0.0,-0.016962150600688564,0.0,-0.0038692603516217727,-0.013211137250651317,-0.0045663051987517855,-0.01799599282725095,-0.006150150378986252,-0.03258128541317129,-0.0010880187026778843,-0.03862368930474691,-0.006959450254791888,0.0,0.0037840336351558923,0.0018742934454580307,-0.04690932474933529,-0.014237255899800683,-0.004804751010912267,-0.009365881515348784,-0.01604338736575278,0.011749055245931894,-0.011211671663824474,-0.017494639021850056,-0.0016461607827457647,-0.003752688832493467,-0.013388834664642912,-0.012905895680686397,-0.0017317439705007986,-0.023827832179928676,0.006799502045569283,0.0015510687434259207,0.022209312820469396,0.010955177983710818,0.011942202262255841,-0.039970738437991926,0.0032084093868618435,-0.0002579448487990965,-0.026728576498241896,-0.025526383474797076,-0.020903991678700273,-0.02606265968934879,0.0005534222154750523,0.0,-9.84256192668731e-05,-0.042771338994483654,-0.03734919652006258,-0.008883203278621521,0.0,-5.551115123125783e-17,-0.0068811057345455895,-0.011384098107589724,-0.016214876555371516,-0.014043566078409453,-0.0010902222413303742,0.0,-0.010044844903504435,-0.01025683544393341,0.0,-0.02722064298666843,-0.026256810734339664,-0.039249313392160645,-0.02976665683804436,0.0,-0.0192152545487273,-0.02656547883488991,-0.020037620856115268,-0.021730755923125733,-0.023754195171180048,-0.04072200040830665,-0.041908816439925,-0.014499047169588108,-0.017123676530249654,-0.018032669787579725,0.013252620922059533,-0.01996982225942301
0.0004163469992791713,-0.016962150600688564,0.0,-0.0042184839900845095,0.010534325563199887,0.04141297260103877,-0.008063156346579448,0.0006783659485887217,0.02730787792325723,-0.0035339187101302016,0.005408281874355769,0.008443414100833824,-0.006311291555299359,0.004487367808470144,-0.0161979137621997,0.007015946785428218,-0.024774063389822576,-0.011554475225905692,0.010184503077541485,-0.015188233817061414,-0.03711297562012389,-0.011015276373034288,0.030079602757176083,-0.021883936428060136,0.011667995128753439,-0.00879430424962091,0.04263487349865153,-0.0035910457097185766,-0.011197608288003869,0.004119505858307171,0.00618975763512869,0.01537594026011746,-0.00138702245804595,0.00766245489572509,0.015486037976183253,0.003458998098802346,0.0005697291606859278,0.012789560912200515,0.010913651284917392,-0.01583459248002389,-0.0008332722217946342,0.01316402790443616,0.02700648863912114,-0.012791844228019378,-0.00011529516211161717,0.0,-0.0027391286853876706,-0.10269674108019583,0.00042695014492799555,-0.042294050624668456,-0.007922688575300874,-0.03348333858340813,0.01602583441373029,-0.009547257713239277,-0.003407977928228223,-0.10619298173402941,-0.007787451091437747,-0.024623987732779407,-0.06950884097060056,1.982935576122502e-05,-0.0007486911587177292,0.0,0.0,-0.10596909043824732,-0.005777840423416003,0.0008508419233308473,-0.025783461578566813,-0.0012087693018570933,0.0,0.0,-0.00906556465684799,-0.04710790640617302,-0.007851207762441303,0.002267004970278652,-0.02259245070783611,-0.012435634956966979
0.0,0.0,-0.0042184839900845095,0.0,-0.00022397846597588256,-0.0026149293789689554,-0.003825858524302561,-0.0045800078453688275,-0.01743354389109042,-0.09698360278212115,-0.019642323508471227,-0.018065676054743796,-0.017216445271576675,-0.0010819448001070375,-0.019237084465349885,0.0,0.0004713422575127746,0.0,0.007119000417401322,-0.006462244213862989,0.0006221465526344838,0.008554788063237395,0.0016170847820843326,-0.026817645523820932,0.0,-0.0028589276776093686,0.010188183674956053,0.010515149042200522,0.015225303677954438,-0.0003027426447375636,0.02802746820547275,-0.0022917622626087986,0.015452401505632096,0.0018555479667375918,-0.03669301695076255,0.03609543614178751,0.029178049676797796,-0.02095408002506216,-0.0014511706425267001,0.0,0.0011780725818432702,0.0,0.00038590435882857044,0.0,0.0,0.0,0.0,-8.439503440471618e-05,0.0,0.0,-8.323297383905359e-05,0.0,0.0,0.00019757964259753402,0.0,0.0002022716789120138,0.0,-0.00014873801756132288,0.0,0.0,0.0,0.0,0.0,0.0,0.0,0.0,0.0,0.012758218190375259,0.0,0.0,0.0,-0.0041861682604227846,0.00019366260228192989,0.0007616995737092513,0.0,0.0
-0.00032782855705820735,-0.0038692603516217727,0.010534325563199887,-0.00022397846597588256,0.0,0.006379262975210964,-0.006007763286265733,-0.007310936676348745,0.008182106901254538,-0.040779087360954425,0.009946280584427813,-0.041345664959662576,-0.026502952789197176,-0.004510518511687489,-0.0060604821414949606,-0.00923062934630764,-0.014544362222156715,-0.028311939356116977,0.014771679821848072,-0.014692707983650133,-0.0010854930461238754,-0.015501970952807143,-0.014502401944650245,-0.026211852613446163,-0.010585691480887949,-0.01816541057520904,0.0027621433798747375,-0.03113280025595333,-0.01633409807106162,-0.011217531457690222,-0.03561361697954368,-0.013009820574863384,-0.03624343721046641,-0.027743711976900953,-0.017560753381617444,0.016757871522872003,0.026158158162097545,-0.0252876405434051,0.02865354646195034,0.021642653139017864,0.0007233010702439868,-0.011352398045308798,0.019567697462496036,0.00020773879437602227,-0.01529588209100674,0.0,-0.003929268235124905,0.0005935354944488491,0.0,0.00047063408927716655,-0.012028764052067542,-0.013574527884174459,-0.003896906877378592,-0.0026089012643161213,0.0014453331861351004,-0.057036181514454054,0.0006313505729153568,-0.01922133812274096,-0.0019101458382108638,-0.00565252768470581,-0.0007829779599086151,0.0,0.0,-0.0032118692280275196,-0.0196436119309093,0.0,-0.02391018146144086,-0.01175832277610922,0.0,0.00011555987862837958,-0.01989926846849749,-0.0038716343668953046,-0.010508776948781051,-0.0061233319989577595,-0.0050034257558746464,-0.013796486337202318
-0.016861371303428407,-0.013211137250651317,0.04141297260103877,-0.0026149293789689554,0.006379262975210964,0.0,0.00033617807368258035,-0.006010393107572454,0.033455739698826426,-0.005779041471897561,-0.011983137980923486,-0.009238151057402888,0.004577036829339021,-0.022248611482561076,-0.026546433021292226,-0.005877532887037129,-0.015757436263695856,0.0001547364076355806,0.02429732812857166,-0.012216318734038556,-0.019899952173110802,-0.019474084823128124,0.01882624323258225,0.002494972864064471,0.0030795347506006876,-0.014882342217688138,0.036348535752731614,-0.0010704925581637714,-0.0017397166394215735,0.0034512354517890476,-0.0045248991372786596,-0.00381985590225703,-0.0034482300190591397,-0.0038420210220055373,-0.005318925338685443,-0.02664949243756476,-0.014846427870817303,-0.0014305678602958283,0.00601919724256561,0.023351680647481277,0.00855562191289816,0.012165514618472262,0.009650376027124652,-0.005867784741164783,-0.0075856331726774084,-0.0011126513314368425,-0.018235174528878795,0.008389251529693942,0.0,-0.0031696749307184025,-0.0033777811573458827,-0.006590451472822778,0.01387565405096347,0.004081779744843805,0.006382151921347834,0.018891255425545928,0.004832673370032181,-0.003889591273303128,0.00757162737381839,-0.015868475401923654,-0.005170206633129837,5.551115123125783e-17,0.008961241247664176,-0.0010529018211622443,-0.00570583328552543,-0.03168453785724701,-0.014777055238986925,0.0014058637593268308,0.0,-0.010846383103074786,-0.028584846473507508,-0.0006731629802380068,-0.0014720928992399962,-0.001282047338698411,-0.0138092620806185,0.0074734442133792545
-0.003319848229108968,-0.0045663051987517855,-0.008063156346579448,-0.003825858524302561,-0.006007763286265733,0.00033617807368258035,0.0,-0.028751257804394748,0.0027824160300013445,-0.027221152902419166,-0.023373370224514967,-0.02963344740014351,-0.001023055627441427,-0.010104705489939414,-0.009326719551752904,-0.0014431867242957197,-0.034776317786953614,-0.020924096331865982,-0.02690699406053554,-0.007180323898346053,-0.0198942551743288,-0.015536980933263889,-0.01911932360437335,-0.039178971927776196,-0.013681182378366408,0.008098103395991874,-0.005038764334372059,-0.0009176765658480135,-0.002271293852084244,0.005254046470495322,-0.010078117670960063,-0.02491655747424909,-0.010269184301901546,-0.006851412549053193,0.006390394693937318,-0.022675625921357134,-0.012882123192310246,-0.0015353039275669556,0.012619156498014539,0.012917909028261787,0.013956254817915514,-0.00649218001617996,-0.004575347810367003,0.0001237350199704279,-0.0007272571730562172,-0.0005308699302739583,-0.0005676606269528484,-0.0207875214249178,0.0,-0.01621607441696571,-0.02076980116048277,-0.031397557609138205,-0.01503589430291219,-0.01214217799063455,0.043866311491285614,-0.07600969541108327,0.020543075742744887,-0.019818346472033954,-0.021573411864382885,-0.0050142238899431035,0.010567715105391784,1.1102230246251565e-16,-0.0007378035051842646,-0.01786602709208862,0.0005473368294969805,0.0012040112679397863,-0.006271462196332345,-0.017008563809741806,-0.01722736594478974,0.007955238024734801,-0.011994837996900376,-0.016576584887639245,-0.015919142466157887,-0.006269086697211046,-0.014949141819849188,-0.011306682562111314
-0.04120471508178669,-0.01799599282725095,0.0006783659485887217,-0.0045800078453688275,-0.007310936676348745,-0.006010393107572454,-0.028751257804394748,0.0,-0.015493917701174975,-0.017675627670526994,-0.00018078287276990235,-0.015440410293648732,-0.026955364784510827,-0.05440144708451006,-0.005587068669146544,-0.028095427458485867,-0.002152576321122923,-0.04928427309503258,-0.006901418414621496,-0.003753785658951514,-0.03271384366795044,-0.010533466704926164,0.0012840257035408031,-0.03672334165136343,-0.04701251335910517,-0.03820752337425248,0.008974471449351817,-0.0245886728365195,-0.019248222319863506,-0.015410211353236114,-0.01357381841022165,-0.004671372033440424,-0.028927700283943036,-0.018185348192877038,-0.015264724806983043,-0.053782035873746636,-0.026164885293673168,0.03178288747556529,0.008425239211346802,0.0240574925196424,-0.0020138750918965442,-0.057004107810296245,0.018856193214849826,-1.9297085643132927e-05,-1.5654169539636165e-05,-0.010261967101457103,-0.03779404131984504,0.019732595455548285,0.0,-0.02578532222967811,-0.004321321753509688,0.008237803994735282,0.03422882298955687,0.019337986321512513,-0.0015683930565362214,-0.061696484548987685,-1.1102230246251565e-16,-0.0035439524243288667,-0.024271130163009524,-0.01373022762722359,-0.02690777626225621,0.0,-1.0374752950348398e-05,0.014769160095617129,-0.006003578056567815,-0.029834492374225474,-0.026287297546681687,0.00176880138858182,0.0020031399601044275,-0.031870332219975595,-0.026167366703269856,-0.004170472264573677,-0.01098201935260218,-0.015563016785345274,-0.032404245741262994,-0.004643636287464892
-0.0027797939293928153,-0.006150150378986252,0.02730787792325723,-0.01743354389109042,0.008182106901254538,0.033455739698826426,0.0027824160300013445,-0.015493917701174975,0.0,-0.010900454989224428,0.018733448149849896,-0.008734387382465292,-0.0007146513702702695,-0.0040423006859990895,-0.014642573176122164,-0.0026206100739460947,-0.01323115370127409,-0.020184422715947337,0.015776678214338535,-0.014509652405878815,0.03288601747873848,-0.022565380099356547,0.01013224305088295,-0.011071813488535531,-0.004244888993653384,-0.008990307729818403,0.03551965297830473,-0.011502251028239818,0.004035754522350277,0.001962615344925811,-0.004371685202825548,-0.004079090622675363,-0.005403511487641177,-0.0018115816465166246,0.010529900227548739,-0.02320429692713266,-0.003779118664119674,0.0012696434307694626,0.024636165201323057,0.00203524408086464,0.010118111486779768,0.008727607788693192,0.01354684525187455,-0.001541709383033052,-0.0009690903919483129,0.0,0.005455676837232137,-0.1283011695759368,0.0037613517688834808,-0.009536084775328524,-0.014948746363786514,-0.019241340027211784,-0.003451715768596153,-0.004471063810376652,-0.026254430640653525,-0.13750496293792175,-0.0030566025843255518,-0.01187763614969628,-0.016698854691933718,-0.004324005314303769,-0.0012716404616970323,5.551115123125783e-17,0.0,-0.013905411708332371,-0.01673706033110406,0.017633190905881835,-0.005175984544523005,-0.016112873267675742,-8.83138726269217e-05,-0.00143758876887784,-0.029361325749478584,-0.009829324308344045,-0.005215077080797714,-0.004279363666798819,-0.022521935854883823,-0.004242005763243295
0.0015984831811519107,-0.03258128541317129,-0.0035339187101302016,-0.09698360278212115,-0.040779087360954425,-0.005779041471897561,-0.027221152902419166,-0.017675627670526994,-0.010900454989224428,0.0,-0.021755742598573713,0.015397189838983305,-0.02217648718992038,-0.12510433083567235,0.00029990191914797126,0.011830847981876447,0.002201421880811072,0.01677221354524927,-0.023279297693055867,0.011836900536708883,-0.006887576770345072,-0.017871173836621956,-0.016998041008537412,0.004938554924942884,-0.006548261779303621,0.013509668326796842,0.003769918848705589,-0.004548502104789132,0.006004582693396376,-0.005375270753673667,0.014115470585869871,0.02137515000338297,-0.019395534308123852,-0.004880328849102,0.024758964978159603,-0.03921863073826898,0.03248886308798726,-0.0017780399504039313,-0.004801177894644848,-0.053026676599918166,-0.004327937675594862,0.06867974449619058,0.0024173132460779123,-0.008645184270835937,-0.012561478895142586,0.006497493314275238,-0.023313551106103614,-0.010357900142913046,-1.1102230246251565e-16,1.6653345369377348e-16,-0.005707009655741335,0.006160739725823705,0.0001797660416361646,-0.017102544423920618,-0.02862124017500467,-0.017336781736820073,-0.023460378772063972,-0.05120460090506129,0.0,0.001157687146105535,-0.03445867822238674,-0.02800521761628061,-0.023909826598248973,-3.052356565069747e-05,0.010820753089142043,0.0003856918536855325,0.007338442988119587,-0.0030160793708104983,-0.01709642785895782,-0.024225208081079808,-0.017119199211355907,-0.007733830547093201,0.036652406291490414,0.0033447905970360736,-1.1102230246251565e-16,-0.029904708079212028
0.00019766281941302477,-0.0010880187026778843,0.005408281874355769,-0.019642323508471227,0.009946280584427813,-0.011983137980923486,-0.023373370224514967,-0.00018078287276990235,0.018733448149849896,-0.021755742598573713,0.0,-0.02800629903926538,-0.03507584994648588,0.0036659908180713408,0.0,-2.2926511655974036e-05,-0.025597498875093994,-0.016417147676864308,0.005770134750741951,0.00010536723905402168,-0.015117270967064056,0.004772537660688192,-0.024934094156357778,-0.016252626077290333,-0.011077650634820635,-0.03700926132948362,0.02988196729691145,-0.03367987402368644,-0.04190708080337052,-0.019467850560093647,-0.026038460257073515,-0.014057190570754052,-0.025757953280906742,-0.019086964985014554,-0.010636186908466738,-0.015399494165064809,-0.02643899741004546,-0.011944242053003373,0.06305067515656365,0.009416004791153232,0.06033689010093224,0.0007658660398330297,0.03835317600032562,0.0018063264919910837,-0.009552589312500137,0.0,5.551115123125783e-17,0.02493722546822752,-0.00018492099341521628,-0.03264870462527114,-0.0012458864130769909,-0.016662923021379727,0.01304111054804763,0.04024036530431335,0.015641643134129857,-0.05219796723602449,-0.0016273725424613694,-0.001839667899662889,0.007297558190749842,-0.0010456024831254629,0.0,0.0,0.0,-0.05923191213994014,-0.03166590204294506,0.0,-0.02261374926404397,-0.008404316090132147,0.0,0.0,-0.00555313287799486,0.009209760208434004,0.006230913867324883,0.01170244575728574,-0.0016007384038369543,-0.009116711294555324
-0.002169487312980223,-0.03862368930474691,0.008443414100833824,-0.018065676054743796,-0.041345664959662576,-0.009238151057402888,-0.02963344740014351,-0.015440410293648732,-0.008734387382465292,0.015397189838983305,-0.02800629903926538,0.0,-0.02869752401758774,2.6059522962418313e-05,-0.015373391278163784,-0.02200483346823634,-0.026378484396475,-0.027745368147686744,-0.030200146756296897,-0.006992220442531616,-0.01547375940764023,-0.012505089271312997,-0.014242486277506294,-0.009038156969350508,-0.023554451967299772,-0.0024337436457709805,0.0040696734623872355,-0.01128983353340246,0.003361806500335518,-0.012761685507165554,-0.016442721576644226,0.04556534280270835,-0.03279489165198579,-0.011537029759255413,0.06737058784364025,-0.0125053558738501,0.04406951896507133,-0.014161605091919854,0.0034123222266458364,-0.04509896809515168,0.008925338490814505,0.017594656856172286,-0.018005606835697907,0.011553699260660577,0.0022231973561042118,0.0024599777553651614,-0.008975157046845983,-0.006088158241647823,0.0,-0.0001869555203435347,0.006682173880286912,0.0036887756875272903,0.0,0.0014676334637979682,-0.01948497375046715,-0.00758032655672547,-0.013536928131815062,-0.0009588532458978394,0.0,-0.015221347599522317,-0.027140920074145092,-0.027278780029698357,-0.019087483716916598,0.0,-0.01153054118168384,0.0002331810515817656,-0.00453047678084556,0.007021167500527059,-0.0038452197988668724,-0.020126172846720858,-0.017665322601520095,0.02168766082518303,0.01769769373516783,-0.003901929447782282,0.0,-0.0139878310265385
-0.007266056787814279,-0.006959450254791888,-0.006311291555299359,-0.017216445271576675,-0.026502952789197176,0.004577036829339021,-0.001023055627441427,-0.026955364784510827,-0.0007146513702702695,-0.02217648718992038,-0.03507584994648588,-0.02869752401758774,0.0,-0.03253796604559578,-0.008687854761417757,-0.010001515350174517,-0.026376127475469524,-0.024271968448451864,-0.028551070427175418,-0.013692716765911384,-0.008192983516991159,-0.01756025504036235,-0.019228816524665238,-0.031578851799880514,-0.017295717631470753,-0.00837357472833633,-0.0027298969675562113,-0.008118169546174059,0.0016334513277961316,0.0158285634798892,-0.010055663769278633,-0.019531106641999696,-0.015007968428549567,-0.007636796066122331,0.013171946000939405,-0.04781403784874183,-0.03747925961264725,-0.0006632963211982146,0.016567244403205394,-0.021107254254630448,-0.013011879052121977,0.02592615512422669,-0.007075620698997642,0.030551540463561733,0.01063073030500672,0.00037597440637054946,-0.005664534534911392,-0.019977059796749352,0.0,-0.025790973132837847,-0.016466076400190266,-0.022039467676932434,-0.009904965375048591,-0.012015679556886982,0.0035783135394290566,-0.07254183776242562,-0.009963548633932506,-0.014886856013663241,0.003462292596569716,-0.0005434125090861275,-0.005464364116644693,-0.0020978395088258606,0.0012819200922616347,-0.025234030728101597,0.00123243414369828,-0.02024040820799916,0.0008091321907501281,-0.01095157816467085,0.003917195035748278,-0.014602326197511784,-0.015544124399759107,-0.014957115335788251,-0.004243955242913988,-0.003970785658764631,-0.006224902008373112,-0.0015841779903020825
-0.01750681986519692,0.0,0.004487367808470144,-0.0010819448001070375,-0.004510518511687489,-0.022248611482561076,-0.010104705489939414,-0.05440144708451006,-0.0040423006859990895,-0.12510433083567235,0.0036659908180713408,2.6059522962418313e-05,-0.03253796604559578,0.0,-0.0033421932746966476,0.0,0.0,0.0,0.005914501914700998,-0.01364884445864134,0.0001418762641225424,-0.008179653007002186,-0.049770874726982994,-0.06760811404192985,0.00018051981656114213,-0.036279363704497136,0.010222546602823734,-0.0002996373604398084,-0.008380448060116008,-0.000309298208336084,-0.04334892667297768,-0.08210979484942771,-0.03848566017357319,-0.04563280399086039,-0.0008985530313281309,-0.024462821342493196,0.010889199783574721,-0.06008264934711477,0.011363889605790434,0.0,-0.0003875389075609359,0.0,-0.005423425820138328,0.0,0.0,0.0,0.0,-0.0015509979322870793,0.0,-0.03110195298088203,0.0013531810037016867,-0.01828135679070403,-0.0016272163524962968,-0.004547496552737895,0.0,-0.043009355545914396,-0.0004588400703190998,-0.03359383600472754,-0.0023967782088198386,-5.551115123125783e-17,0.0,0.0,0.0,0.0033349018810885367,0.0013090911471588251,0.0,0.0,-0.024091240111959344,-0.000672805134511123,0.0,0.0,0.005353789727446379,-0.002641093230894398,0.005787571184993234,0.0,-5.551115123125783e-17
0.007117416720248904,0.0037840336351558923,-0.0161979137621997,-0.019237084465349885,-0.0060604821414949606,-0.026546433021292226,-0.009326719551752904,-0.005587068669146544,-0.014642573176122164,0.00029990191914797126,0.0,-0.015373391278163784,-0.008687854761417757,-0.0033421932746966476,0.0,0.002231564802113617,0.008672908680223967,-0.019994467529894755,0.0,0.02052216547574054,-0.012373986110045199,0.0027867178817886917,0.0021433790593933244,-0.000492148426427641,-0.012120602539333225,-0.02612147704789025,0.005076054195209678,-0.015474483655739335,0.005026682184260223,0.006984397413703991,0.008933808252805542,-0.005081749594111451,-0.004588592238001954,0.002630271330207934,-0.006632350747878435,0.01264018919376042,0.014144295235470672,-0.025572349611299505,-0.010249085831467886,-0.014186723746436147,-0.011941835003438539,-0.01543362156493544,0.047366235427685977,-0.0010569406816023363,0.01842475227572593,-0.004854776271786931,-0.027239981542056035,-0.010866328645410372,0.0,0.0,-0.003845159640587348,-0.009111163343663908,-0.0013195537897734977,-0.01573254385108591,-5.674442183023487e-06,0.0,-0.0073400947415784845,-4.2785451986881995e-06,0.0,-0.024241025227695445,-0.016839526658239623,-0.0006243363766650356,0.005462061331087287,0.0,-0.0056094340420008715,-0.012809527287776679,-0.023476864381251406,-0.004977643308965052,-0.00677413901629087,-0.024231731742555107,-0.027686167717308918,-0.005367670457093465,-0.004269442289723924,0.01027352581842439,0.02364273600309441,-0.009245728600338454
-0.026413133891350193,0.0018742934454580307,0.007015946785428218,0.0,-0.00923062934630764,-0.005877532887037129,-0.0014431867242957197,-0.028095427458485867,-0.0026206100739460947,0.011830847981876447,-2.2926511655974036e-05,-0.02200483346823634,-0.010001515350174517,0.0,0.002231564802113617,0.0,0.018775190945820364,0.029608908013054547,-0.0012020586841878234,0.0139117743822737,-0.017223263005446854,0.011377499769689325,-0.011682072627625162,-0.026308745311952597,-0.003301848403208074,-0.021683726902154032,-0.004487920351104957,-0.006062796406461068,0.004544144052100851,-0.00929438267228605,0.01682149062729288,0.0065343214556310425,0.025009281873333344,0.013201991185221196,0.024081157753993943,-0.029298350954598595,-0.006839695492594833,0.04232305174881201,-0.02298666112333625,-0.026841370157784483,-0.017506108386836916,-0.015301625550818265,-0.01996795472239027,0.0,0.0,-0.032535036731960454,-0.03476323316241969,0.0,0.0,0.0,0.0004478816266112462,-0.004137089471912214,-0.003188278675146705,0.0,-0.03826553071558286,0.0,-0.03335116919477693,-0.0012749048789350015,0.0,-0.016887878889413455,-0.02166122813433713,-0.0332608772420383,-0.02306002891892739,0.0,-0.0030058812468365947,-0.02969786194506152,-0.019682261890218655,-0.016258149213481732,-0.02057465888333898,-0.03405848056582872,-0.03738639595683141,0.0015126348472978557,0.0043183521157026394,0.0020960631886925984,-0.0001607033039525696,-0.017747810833052047
-0.02246398715106862,-0.04690932474933529,-0.024774063389822576,0.0004713422575127746,-0.014544362222156715,-0.015757436263695856,-0.034776317786953614,-0.002152576321122923,-0.01323115370127409,0.002201421880811072,-0.025597498875093994,-0.026378484396475,-0.026376127475469524,0.0,0.008672908680223967,0.018775190945820364,0.0,0.03916654560571631,-0.017602409740371305,0.014078597543959681,-0.022544655195957164,-0.03969109484654554,-0.007674790061404313,-0.0009336275424882134,0.001967909985994165,0.005152636727920712,-0.00018353665244025263,-0.0004376949356366122,-0.013148604492369376,-0.018048604698985837,0.01079057610844747,0.0013658133745042544,-0.007613938223009209,0.0010011778786414016,0.02458021471570676,-0.00876008386254623,-0.010631020769176824,-0.03555065717357886,-0.012720939171509016,-0.03625804321405118,-0.027808826917163687,0.0013746085105221795,0.0,0.0,-0.011647354129643905,-0.008127981051316513,-0.009210158807188507,0.0,0.0,1.6653345369377348e-16,-0.0006142457993802974,0.00027326585792158964,0.0,0.0,-0.025869398740564875,-0.00048497354310000906,-0.018974495996517626,-0.002441268155826015,0.0,0.0,-0.03624481640654276,-0.022771864481354653,-0.023674627432193396,0.0,6.513464662349921e-05,-5.551115123125783e-17,0.002140412014607851,-0.001214527935691545,-0.02174588651081355,-0.02070918773962488,-0.016574553205656373,0.0,-0.011036596968120094,-0.004197961677491369,0.0,-0.015418372860586282
-0.03654317103888516,-0.014237255899800683,-0.011554475225905692,0.0,-0.028311939356116977,0.0001547364076355806,-0.020924096331865982,-0.04928427309503258,-0.020184422715947337,0.01677221354524927,-0.016417147676864308,-0.027745368147686744,-0.024271968448451864,0.0,-0.019994467529894755,0.029608908013054547,0.03916654560571631,0.0,-0.01440554907602154,-0.010992964232977631,-0.039418428737458266,-0.0033788548265425433,-0.019125852572118185,-0.010704168077870446,0.00655750326465121,-0.009676611857410533,-0.022319221738403228,-0.011512433151534052,-0.01605241497790172,-0.0015044312620460243,0.013208159497018757,0.011119354330994813,0.024775660098861396,0.012399634899767753,0.030123856402577087,-0.03527893693497802,0.0,-0.024969560849743055,-0.023983522566712823,-0.03499899314110538,-0.027265417448607665,-0.018030975894473666,5.551115123125783e-17,0.0,-0.007229090087245427,-0.03553043320287591,-0.04576499201082013,0.0,0.0,0.0,-0.009480568607755813,0.00025662483603638986,-0.012464939754882276,0.0,-0.017047428326152747,0.0,-0.02654726163909299,-0.00731646330377228,0.0,-0.015685946607845447,-0.029842021509630834,-0.026215978481604507,-0.02634076463640217,0.0,-0.028013616219893844,-0.00367950926713706,-0.0342200128530451,-0.017323060741564145,-0.022853537303630045,-0.03284598784598486,-0.028140209086698897,-0.010214031327388517,-0.0008579049514466641,-0.01933858134012101,0.0,-0.027849637246450842
0.0,-0.004804751010912267,0.010184503077541485,0.007119000417401322,0.014771679821848072,0.02429732812857166,-0.02690699406053554,-0.006901418414621496,0.015776678214338535,-0.023279297693055867,0.005770134750741951,-0.030200146756296897,-0.028551070427175418,0.005914501914700998,0.0,-0.0012020586841878234,-0.017602409740371305,-0.01440554907602154,0.0,0.005642103299815626,0.011180865412370067,-0.022349449735122706,0.037216385554884435,-0.025174638267584037,-0.013668447065154021,-0.02419085485386191,0.05205841473426637,-0.027112454105054973,-0.011910904197068917,-0.01679339324035689,-0.01809483340296808,-0.008157990203420173,-0.00911573331753135,-0.014599133765653749,0.003303910755700412,0.0057144506053009025,-0.023378783501573408,-0.011380194896843165,0.03818652445572318,-0.020116284170284326,-0.0006390442577911548,-0.005053483490862654,0.007675534713841692,5.551115123125783e-17,-1.6653345369377348e-16,0.0,5.551115123125783e-17,-0.1660512931357515,0.0,0.011402897065951767,-0.01632455517761522,-0.005651757745955277,-0.01806208124112152,-0.00459074112337865,0.0015996419461135059,-0.1663150647087355,-0.0017585105129780398,-0.012693923641679206,-0.007731732347222409,-0.0015862143359418601,0.0,0.0,0.0,-0.02911109624906366,-0.015030977928944977,0.0,0.004586522913855251,-0.02593936403452346,0.0,0.0,-0.009296732625565018,-0.0057997132140695795,-0.005201229651535688,-0.006626523820391306,-6.0319402944930545e-05,-0.006927486411425043
-0.014543158249127719,-0.009365881515348784,-0.015188233817061414,-0.006462244213862989,-0.014692707983650133,-0.012216318734038556,-0.007180323898346053,-0.003753785658951514,-0.014509652405878815,0.011836900536708883,0.00010536723905402168,-0.006992220442531616,-0.013692716765911384,-0.01364884445864134,0.02052216547574054,0.0139117743822737,0.014078597543959681,-0.010992964232977631,0.005642103299815626,0.0,-0.0025628480485220817,0.0054313656404619826,0.012782802730680165,-0.042318480807989,-0.007867537806197145,-0.010057711937234814,-0.009761531699433557,-0.004812269428267624,-0.003599007686374056,-0.008017961304444154,0.004815672657060954,-0.006356951155085888,0.008650236101454878,0.011724628287647587,0.0012849839840093358,0.008275843017128914,0.02164190621911838,0.019552646523182782,0.0042523867461496945,0.013530206001569345,0.005399719964900795,-0.008784868146595237,0.015388752888866708,-0.0005081031284044912,-0.011136405082746659,-0.040393286694940134,-0.0248663572268486,-0.013415548712300496,0.0,-0.015103092824759301,0.0008467919950377323,-0.00796434645177796,-0.006229902796242415,-0.010426192164832093,-0.00010707183253028107,-0.015711815204686508,-0.020193359054929694,0.002988956135665244,0.0,-0.009372529815739494,-0.01058034692860077,-0.006815746959949576,-0.022380692167835503,-0.017365815103458082,0.003584030597212018,-0.011994426630201838,-0.010574573089738193,-0.0003608015564646738,-0.0011398809054005699,-0.023526861428580792,-0.022307388363426772,-0.0022896066965278905,-0.0022623407843770926,0.0038193916276250683,-0.010079372957875143,0.008273871593209192
-0.021839407116736986,-0.01604338736575278,-0.03711297562012389,0.0006221465526344838,-0.0010854930461238754,-0.019899952173110802,-0.0198942551743288,-0.03271384366795044,0.03288601747873848,-0.006887576770345072,-0.015117270967064056,-0.01547375940764023,-0.008192983516991159,0.0001418762641225424,-0.012373986110045199,-0.017223263005446854,-0.022544655195957164,-0.039418428737458266,0.011180865412370067,-0.0025628480485220817,0.0,-0.012095751532733012,-0.011742682825826412,-0.012930836447697769,-0.03542612698549569,-0.02551198099083768,-0.0031061335958625924,-0.008178893745456495,0.008076998096423815,0.014528933434231006,0.005261826083117649,0.011076840091196694,0.02954128470905293,-0.00094578313896726,-0.0013311864502572601,0.08403761037224688,0.010041949284695928,-0.014565041514065846,-0.0304408852473797,-0.03684505812590727,-0.020443995988899788,-0.020151393254907557,-0.0030324964783559616,0.0,-0.000926323926527528,-0.009995133750716867,-0.043614349903726535,-0.001724907627877803,0.0,0.0003304757920685186,-0.04799586445763665,-0.011550294313987464,-0.03551943922939832,-0.013074846890487657,0.00012203197173044078,0.0,0.007086303774977654,-0.028973860720064804,0.0,-0.02960372038141995,-0.02184326088980343,0.0,-0.023831955142994632,0.0,-0.023909174065318617,-0.046823158003207854,-0.027436261774653803,-0.023144906271371724,0.047083272431931056,-0.02670439819162651,-0.031270314697852464,-0.029386875756004793,-0.021407167154161022,-0.027533781935861146,-0.006756920022035207,-0.03516086493319287
-0.009570954953661004,0.011749055245931894,-0.011015276373034288,0.008554788063237395,-0.015501970952807143,-0.019474084823128124,-0.015536980933263889,-0.010533466704926164,-0.022565380099356547,-0.017871173836621956,0.004772537660688192,-0.012505089271312997,-0.01756025504036235,-0.008179653007002186,0.0027867178817886917,0.011377499769689325,-0.03969109484654554,-0.0033788548265425433,-0.022349449735122706,0.0054313656404619826,-0.012095751532733012,0.0,0.0023128613342750515,-0.03363965446759393,-0.005403690877023304,-0.0026060863501254916,-0.011274012702823077,-0.01208939904799533,-0.0016212322979675675,-0.007736881715084909,-0.003226051332734403,-0.00835723316516529,0.01612913847466929,0.005175101199660803,-0.002122954826290213,0.0074281066388487416,0.013371694289994629,-0.027478384465384698,-0.017334672447910204,-0.005539851452754652,-0.011422775775186023,-0.015607176035075943,-0.0617638300860498,0.0,-0.0005705283252452897,-0.0303015795779491,-0.017126076108125277,-0.03515628020933015,0.0,-0.0002219575731465806,-0.008149215133331722,-0.007187919082385197,-0.022224632008232936,-0.023557855104174796,-0.012552985617579004,0.0,-0.026763910439745464,0.003831440742377956,0.0,-0.030028601139018563,-0.009613026842151262,-0.027713375327026113,-0.018249918637521123,-1.1102230246251565e-16,-0.009345060188324983,-0.02366992807901147,-0.01770238866084478,-0.013732521262461439,-0.008806954645534715,-0.02679272851558412,-0.02354017718859308,-0.008889727832561867,-0.006683166290521125,-0.006445417950238452,0.028413908133717414,-0.013845554342756083
-0.0176204333726675,-0.011211671663824474,0.030079602757176083,0.0016170847820843326,-0.014502401944650245,0.01882624323258225,-0.01911932360437335,0.0012840257035408031,0.01013224305088295,-0.016998041008537412,-0.024934094156357778,-0.014242486277506294,-0.019228816524665238,-0.049770874726982994,0.0021433790593933244,-0.011682072627625162,-0.007674790061404313,-0.019125852572118185,0.037216385554884435,0.012782802730680165,-0.011742682825826412,0.0023128613342750515,0.0,-0.020121501246643192,-0.017408212821408087,-0.02073694276370386,0.00917615846727321,-0.020309321038959216,-0.012043756486485091,-0.01155216201974063,-0.003195565664554978,-0.0015075469208716274,-0.014284683355973327,-0.0039189513750377825,0.004931183967343711,-0.022998877609979262,-0.0004218388387006722,-0.024737162878258,0.0125991034937043,0.00705114611291624,0.008146037017360497,-0.0020323386458936943,0.004332376233221913,-0.008944795987211651,0.004541055380157921,-0.00852966650633924,-0.020585563326126932,-0.10033530828771875,0.00010289379565636692,-0.011446380859554073,-0.0036450179046013664,-0.007470554812845642,0.018589378511775834,-0.014105594287100787,-0.013922572248066478,-0.22467537265416426,-0.015184405085572839,-0.006883309392359593,-0.009736692701948213,-0.00255728628320806,-0.007097372583817152,-0.014144488265881772,0.0004810353206954332,-0.2094551263580025,0.004637199699519257,-0.01249223995638965,-0.01134843677296593,0.004204510837431674,-0.012467417830982985,-0.023083283598286042,-0.02325726162588454,-0.005875959809744646,-0.002942420747285013,0.002775441485276642,-0.0007432556846188598,0.006418171188380617
-0.005727835894421218,-0.017494639021850056,-0.021883936428060136,-0.026817645523820932,-0.026211852613446163,0.002494972864064471,-0.039178971927776196,-0.03672334165136343,-0.011071813488535531,0.004938554924942884,-0.016252626077290333,-0.009038156969350508,-0.031578851799880514,-0.06760811404192985,-0.000492148426427641,-0.026308745311952597,-0.0009336275424882134,-0.010704168077870446,-0.025174638267584037,-0.042318480807989,-0.012930836447697769,-0.03363965446759393,-0.020121501246643192,0.0,-0.01551798441927904,0.01099844721926313,0.01051025181325177,-0.018494698735473658,-0.016054864694031057,-0.019721469166091243,-0.00688250016882197,0.028188615279179763,-0.010427006362162927,-0.00445337874836077,0.04510558704503498,-0.0026161910937204658,0.031056582014813428,-0.005627419781151555,-0.008019356452077742,-0.05944364147607023,0.00372501943526532,0.06570723532025574,-0.017174463140301188,-0.0014347581096527118,-0.014667736018116329,6.935057114088039e-05,-0.044952095298856354,-0.00022071048483252032,0.0,0.0,-0.0038626182095046757,0.024284179649804893,0.0006582998780460536,-0.0006468539293800202,-0.015024204145887121,0.0010005239607833172,-0.0034549472231744094,0.016696480387727197,0.0,0.014872894093413025,-0.034270592758440466,-0.022748673033755717,-0.027414419682827984,0.0,-0.0005263030565562654,-0.009865505720254852,-0.0006570258579055022,-0.0042655032795967385,0.01383963789909165,-0.03193856907396292,-0.02115582999010851,-0.016496045157163686,-0.004855698978330214,-0.016012926254784565,0.0,-0.05691213365838982
-0.03695530187364471,-0.0016461607827457647,0.011667995128753439,0.0,-0.010585691480887949,0.0030795347506006876,-0.013681182378366408,-0.04701251335910517,-0.004244888993653384,-0.006548261779303621,-0.011077650634820635,-0.023554451967299772,-0.017295717631470753,0.00018051981656114213,-0.012120602539333225,-0.003301848403208074,0.001967909985994165,0.00655750326465121,-0.013668447065154021,-0.007867537806197145,-0.03542612698549569,-0.005403690877023304,-0.017408212821408087,-0.01551798441927904,0.0,0.000749972890909445,-0.011381986639811159,-0.01672230651259482,0.0024112179266086997,-0.006116506830070256,-0.003930407832943017,0.01070990142321765,0.0018488049138031815,0.0014708807371670574,0.02206224300409082,-0.03726316772394256,-0.0007873568743232418,-0.03276980505499938,-0.031244057270599312,-0.03612600614004058,-0.02982201772894366,-0.026861085016527286,0.0012898132387096917,0.0,-0.0249212410923208,-0.036075734344748145,-0.048260000529008085,0.0,0.0,0.0,-0.00738851484535713,-0.011158125020397869,-0.014725170253992559,0.00021773751492826232,-0.021800448964000185,0.0,-0.018560951910500167,-0.010091865453445648,0.0,-0.033897492592878664,-0.035037672068728154,-0.03366400265993891,-0.030726808838013375,0.0,-0.020398162668553987,-0.017089937790186138,-0.03485233948398814,-0.05730275020821707,-0.02157241082488387,-0.038504571474115956,-0.033988993003494616,-0.02146374689774605,-0.007176714290227926,-0.016217986447221666,0.0,-0.03232422998823137
-0.013773651734068526,-0.003752688832493467,-0.00879430424962091,-0.0028589276776093686,-0.01816541057520904,-0.014882342217688138,0.008098103395991874,-0.03820752337425248,-0.008990307729818403,0.013509668326796842,-0.03700926132948362,-0.0024337436457709805,-0.00837357472833633,-0.036279363704497136,-0.02612147704789025,-0.021683726902154032,0.005152636727920712,-0.009676611857410533,-0.02419085485386191,-0.010057711937234814,-0.02551198099083768,-0.0026060863501254916,-0.02073694276370386,0.01099844721926313,0.000749972890909445,0.0,-0.019648940371080892,-0.004121409216001126,0.0045725417017177805,-0.0014280486811441007,-0.008700402487422432,-0.007263716496500872,-0.007333087561054885,-0.0033880229079852886,-0.002882861041402507,-0.0024985753998370552,0.013028920871168082,-0.016299499052140065,-0.031403567417161826,-0.04030967227070664,-0.03045211502734052,-0.03052477677897575,-0.05939955558404375,0.0,-0.019511143834761047,-0.03321264646850308,-0.04265775095553209,-0.016236329879837363,0.0,-0.0007307872461008724,-0.02253567404446649,-0.013682882783504324,-0.03598599180749301,-0.010158921046584002,-0.018640972211195594,0.000223629900936273,-0.015295456237304994,-0.019403094879878013,0.0,-0.03656891256096406,-0.03196310740663916,-0.023015620375639645,-0.027424608036496156,-5.551115123125783e-17,-0.022112246520994083,-0.031949245865102616,-0.03148619176553075,-0.03165054138763468,-0.018413230928645885,-0.035634409869987116,-0.03624352365112249,-0.030446780790117034,-0.023645273423631097,-0.02005680490420203,0.00023926056131684525,-0.026253612760151313
