0.0,0.03014675275157047,0.025410592768752682,0.0,-0.00016445859480962444,0.027336850819061065,0.015375938038935444,0.019430460055334775,0.005328886141271971,0.023169168877775093,-2.645392947353553e-05,0.02346792203853937,0.03861911921606187,0.02219582244685303,-0.0016095349462378894,0.018730078354672275,0.02624927905691604,0.02599990043622863,0.0,0.04100361320596352,-0.02019827596097945,0.031029475287638386,0.0184308200361048,-0.0171942521088308,0.01792370482300093,-0.0038297396519412774,0.007627141507252411,0.02273730735278945,0.04872240940682687,-0.00217715049658479,0.03110648272712896,0.012360062617945866,0.046327003513539466,0.019159551656028895,0.002493457704815849,0.02584149571362332,0.0,-0.016455328859799834,0.026611682587516228,0.04990616259402941,0.032401749301836424,0.018627844673467397,0.0,0.0,-0.007999764181685354,-0.01247299640813504,0.040841863171502735,0.0,0.0,0.0,0.03435566508933402,0.0,0.019534966574551227,0.0,-0.0991022431957641,0.0,-0.015200498777281024,0.01573928216692022,0.0,0.036107226785997704,0.033739838766731145,0.034698831058446844,0.031347983409628244,0.0,0.053428233973159656,0.07325959856039088,0.026547569614128075,0.008661496232589438,-0.025880659119668192,0.038523732494258445,0.044083626882152116,0.03615494973516631,0.0003477205696801322,0.030289382036073398,0.0,0.019554169940729393
0.03014675275157047,0.0,0.04518183478153731,0.0,0.04146202452655512,0.036521880517002336,0.028926178528443647,0.05517004748443194,0.04261163553416969,0.02072191972672166,-0.0005211688845542795,0.01899391744224238,0.02826892095172201,0.0,0.019723193483017876,0.021858206683588788,0.021804255490667168,0.01891563584452821,0.05250488254642882,0.03894361412440084,0.04305528968062311,0.020994632609948105,0.031132532037682403,0.028485722349761766,0.012208217182902825,0.03318513697989317,0.03290738427994061,0.017522049979520116,0.02773177256350018,0.01258644044587559,0.01876812777443937,-0.0012515845484400434,0.016334176100393283,0.003761682328490501,-0.007062012739563528,0.013715500798398228,0.004663855017140395,-0.00028567212643731965,0.006858196550446394,0.0005757017735895653,-0.0020456561706068133,-0.006679173327690802,-0.006724638570451524,0.0,-4.9376232452491564e-05,0.03409272693964166,0.010445654176546415,0.008945591394928565,0.0,-5.551115123125783e-17,0.01944401696781245,0.011022145351419821,0.04790414957803507,0.036269136149273073,0.01345523203097937,0.0,0.037273603685721635,0.01133693855994089,0.0,0.01674422321955016,0.012770604971727217,0.01245224480439594,0.024753869198003042,0.0,0.015079919447353318,0.01927277017977913,0.008267380508554245,0.018407364199876375,0.03126163868736309,0.02260070735132752,0.016155753293823127,0.019467265014076307,-0.004594740526265684,-0.003644073300740347,-0.008486090535626045,0.00708877460617785
0.025410592768752682,0.04518183478153731,0.0,-0.001522138241019988,0.03164213560086282,0.03177598056441083,0.045198941353883915,0.02225837095475286,0.04492303039327017,0.029430229449771195,0.042402934444388196,0.029768878170060853,0.04984760581829073,0.006519734963813195,0.023827458853495354,0.05060356616901557,0.017576619345938738,0.04057194115618429,0.0330439042940448,0.045750699744040446,0.02130442149003925,0.05836524178680036,0.044550589633106596,0.027184268308322213,0.03376094446872896,0.029064861581104717,0.03269480112030487,0.04328864137944871,0.015945601582907976,0.0564768183057166,0.03661868657205514,0.026395990512992573,0.02341812748207539,0.025130121963547414,0.035533644518316976,0.013059532596024492,0.02030859586798245,0.011382999781785696,0.043866217272307884,0.0375876626965953,0.044530741570728116,0.04828388952793439,0.018954590485815048,0.0019400462869812451,-2.7081042068388683e-05,0.0,-0.0030642212738147268,-0.06736741690156572,0.00021418396712796772,0.05431071668815168,0.04955493931400479,0.052045125614352816,0.03953263910098015,0.0606247521186043,0.010541400721560845,-0.0581080080249049,0.006418377877948966,0.04084956313704491,0.01927538829335429,0.019540799443227674,-0.00037558868273707136,0.0,0.0,-0.03162202715702683,0.04872050527140842,0.0007899358336256324,0.021370552586644387,0.000635533613104311,0.0,0.0,0.012316976677327451,0.013712279618899204,0.05139678605890141,0.04344500470595247,0.05174545745160741,0.03905477227745546
0.0,0.0,-0.001522138241019988,0.0,0.04006504251194554,0.01809984581952101,-0.009247941843676832,0.02716289761442886,0.02049485524913819,-0.13531126339472965,0.026724445076581227,0.04101368225391461,-0.017270476264852508,0.03081255895134627,-0.018416013604099335,0.0,0.00025801437709893627,0.0,0.009532093151782661,-0.009594494758374705,0.00046731173031655526,0.010603955575399615,0.024086831429838917,0.003753924441931067,0.0,-0.0013673481806941723,0.028890799450094373,-0.001279302753750211,0.01040847260298483,-0.00015187398678523367,0.04213465155000917,0.029058110246834468,0.018244874364523656,-0.11020735461930556,0.07747955074608098,0.05515210266105752,0.004278278131732788,0.011198580329856378,-0.0007279947996002845,0.0,0.0005909923257821359,0.0,0.0003364023986206499,0.0,0.0,0.0,0.0,-4.233764407718388e-05,0.0,0.0,-4.175468434552965e-05,0.0,0.0,9.911787635635827e-05,0.0,0.00010147168502389059,0.0,-7.46159687319281e-05,0.0,0.0,0.0,0.0,0.0,0.0,0.0,0.0,0.0,0.019966300445170115,0.0,0.0,0.0,0.0020021701664849623,9.715285246725269e-05,0.00038211448899810874,0.0,0.0
-0.00016445859480962444,0.04146202452655512,0.03164213560086282,0.04006504251194554,0.0,0.02928403981882166,0.04803979878522385,-0.01146348199225583,0.028999405597036787,0.03472443772125472,0.025759942775892608,0.0291032997996018,0.029331504853417456,0.029780258857073638,0.015284100334968076,0.04550510560274407,0.04024294172139137,0.042965317799060876,0.02158307679856747,0.042215760193959784,0.051582395272494475,0.053397664318481475,0.01878622334501534,0.03949515177743729,0.02002350524065244,0.036490718495191976,0.038498116612789623,0.06725269480648893,0.02697058850322276,0.05262087864994863,0.05043140097972865,0.037919080505953884,0.03714527535978068,0.04933064448241531,0.052605993734604284,0.022358114646714777,0.05168847930921561,0.05112760911302039,0.07498688011073013,0.0014315312349846288,0.03654687028104575,0.011884507817565837,0.052757926485130446,0.00010421432018337118,0.011957046818976802,0.0,0.012239142049110308,0.031333319327482734,0.0,0.016075153339170978,0.05133430786186144,0.07661121846007002,0.08355937257837587,0.04152720009618838,0.0009964906243284388,0.018656555004895437,0.00901580378850625,0.03906378421971857,0.026706229723368835,0.005770541594697309,-0.00039278901206457606,0.0,0.0,0.06821996674421571,0.03901471870164713,0.0,0.026075839632240305,0.030925257968481223,0.0,0.00012619071818908978,0.0229228458615352,0.0354737267158407,0.027138937340126734,0.049454289647838046,0.006216861629868675,0.0261486807678597
0.027336850819061065,0.036521880517002336,0.03177598056441083,0.01809984581952101,0.02928403981882166,0.0,0.016917087828612676,0.036807903226770355,0.03231290510976731,0.036622291490974845,0.02344858337685235,0.01118437671160566,0.029387368600471975,0.01082755200676011,0.01546633295030475,0.03886385152122418,0.04195438904629156,0.028636387222990944,0.03006683053615411,0.02984541002416341,0.03964762460136828,0.04264795447259828,0.034045458370460635,0.035921818607304534,0.02661715689312527,0.0359952309697561,0.0367129906805585,0.025563126406948078,0.0272353821263544,0.048032137456903934,0.0343112388003885,0.03763709869947901,0.02679695408128102,0.024038092909996978,0.02111561434570941,0.0229120915660177,0.0342497310543497,0.033558276994785086,0.021279800159640982,0.0135950271901229,0.01765602173806813,0.02625999709219684,0.026602200568228873,0.032070500530394175,-0.0044739068064361676,0.005129021198824413,0.020245704080494142,0.039771726734788015,0.0,0.017171406945326817,0.054005488399680335,0.04318306383182324,0.047028632583652585,0.03820199382488232,0.026631268625410986,0.02937983054120319,0.017023980224223245,0.01735122588484528,0.03044894098276596,0.0339321107950844,0.01727838063352516,5.551115123125783e-17,0.01662443521853868,0.032110565114581324,0.043056033073019584,0.021947569342724627,0.014278520470755396,0.030926482665230792,0.0,0.029986283374892064,0.01915185838152411,0.040190417415856605,0.027978026537138323,0.03873353095305465,0.025869657856670503,0.03345918444241536
0.015375938038935444,0.028926178528443647,0.045198941353883915,-0.009247941843676832,0.04803979878522385,0.016917087828612676,0.0,0.012571142387168388,0.024113558032345606,0.02706931899478371,0.052472798392903086,0.016814358970096477,0.02326693561632126,0.019429969712199124,0.013107819316166058,0.028760442123968555,0.04077851290199308,0.02616356467850861,0.048121454488220694,0.026930642288138185,0.03549540590837735,0.03662500112086031,0.022077286169635224,0.04056957552692908,0.019662014125875982,0.02746584055710627,0.02715946212170245,0.05928044161310014,0.00918336162469785,0.043835357079668014,0.04966443098163115,0.005320514150828903,0.03916858380172017,0.03619108069315469,0.026380808690052215,-0.025769848465018508,0.0194113143193112,0.022979642572186987,0.04123816663558677,-0.0005974743102823976,0.04208840990350082,0.05103822913970413,0.009182633708087196,-0.00020189838070916455,0.005429051313656452,-0.0003528271761056856,0.013131539104228096,0.03201040840826186,0.0,0.02957557927069876,0.031081034818263853,0.020358745670888356,0.028077631768152644,0.029064535455277873,-0.017008205835694512,-0.004476353003027844,-0.006813813989738349,0.018338458385131484,0.031372491565314964,0.03879920084241434,0.004342361447248089,1.1102230246251565e-16,-0.000370126778450941,0.024559684432939988,0.03953128545808965,0.012898019898839985,0.012465444397098513,0.017441566465579483,0.019451522657307152,0.023277627010143076,0.019232645317583563,0.025265441822215795,0.018170777978255725,0.034341632475570316,0.027140431900801842,0.022083432736837993
0.019430460055334775,0.05517004748443194,0.02225837095475286,0.02716289761442886,-0.01146348199225583,0.036807903226770355,0.012571142387168388,0.0,0.046282867127409366,0.006269863636697626,-0.02286402288638617,0.013802238443173132,0.02781647323826636,0.014260926084051162,0.0208828647900966,0.03922331972235721,0.02360700378522268,0.014333353616059197,-0.00035190764285208953,0.03143680270504651,0.04849261644347169,0.041782303805390886,0.014966696056017248,0.009490851044759996,0.01906767801790349,0.033606808210105754,0.04075702097747358,0.018372057600712532,0.030861412551275003,0.028973868804266445,0.01444783802406141,-0.0610907570224663,-0.009436723165453353,0.005630639573538598,0.00598788401706718,-0.012282262237695407,-0.0030559432066524783,0.021802608664836187,0.013612843841089128,0.025609434159466593,0.018650108573475377,0.027676390422200714,0.01049476561641366,-9.680583098858886e-06,-7.764013019856408e-05,0.002289578220583066,0.03540741431890493,0.004222117394365066,0.0,0.0207519309805822,0.040315335612649106,0.02020105783602999,0.02007697254993629,0.02640640217398882,0.005446326932053436,-0.013619922061851253,-1.1102230246251565e-16,0.0197862133111818,0.032729499708664456,0.05375060125757131,0.028184980439568408,0.0,-9.07419773543694e-06,-0.018689150916463837,0.04240247383108903,0.048155682714857595,0.06439812994711552,0.03508069583130796,0.0011614620542581,0.013894625755706325,0.03818484821556206,0.03954226403106609,0.020995282884685884,0.040413944486708375,0.03617189358337869,0.025555956922731327
0.005328886141271971,0.04261163553416969,0.04492303039327017,0.02049485524913819,0.028999405597036787,0.03231290510976731,0.024113558032345606,0.046282867127409366,0.0,0.037331607586709115,0.053854414788660765,0.02013647464249202,0.01262223860656514,0.013289283350677028,0.03221442176842826,0.041088483777108165,0.033490826793868056,0.03129319216572962,0.05348793634920923,0.0448005371505209,0.0525525883186691,0.05638875990997788,0.033337174613675746,-0.001752658583974387,0.020617644313205175,0.020259331706857342,0.05112939497418728,0.04640072386165711,0.01577929218569124,0.06040909334647926,0.043565147474009025,0.04221155116313269,0.02690209594601478,0.036944231828179575,0.041891925204428415,0.02448410554672875,0.03223742093434645,0.022915214998702138,0.06460120080017051,0.02429092777779368,0.030602133620686978,0.047500723490338514,0.03818972136969656,0.01572854742791402,0.01419278011276004,0.0,0.03231962905825564,0.06223421504701476,0.005216170014955668,0.05635331199238103,0.050501176580195706,0.056487656427790855,0.0615206951249847,0.0433840280293144,0.022968842198979655,0.04835856777159281,-0.009307325684911383,0.034161278367404124,0.02183342635129004,0.013905345821623394,0.013918656754563774,5.551115123125783e-17,0.0,0.028074222889804434,0.04875995423365931,0.013449293611913105,0.033051357973622686,0.04106597765777631,0.0002902698713638241,0.0024092386527117537,0.023137113252183317,0.04957495347137819,0.04819744462391584,0.05239053372808361,0.03290322113016675,0.03941636907905921
0.023169168877775093,0.02072191972672166,0.029430229449771195,-0.13531126339472965,0.03472443772125472,0.036622291490974845,0.02706931899478371,0.006269863636697626,0.037331607586709115,0.0,0.03606673333645677,0.017225791171808003,0.002502560154683975,-0.18018170609513595,0.01804647661736214,0.01779852358679279,-0.005315977388012094,0.0012988040847164428,0.025844538870012312,0.023713026895225697,0.005525424814105284,0.011762668001049637,0.0024435259343011384,-0.008065453018154534,0.008213232787415203,0.03573319064518099,0.024547516994139762,-0.004148362107858905,0.02755689452356197,0.018511230868011874,0.0011209839981856096,0.01823984785638083,0.03990204171153883,0.024242882114091147,0.014129703456974396,-0.026455870582792196,0.011304885656824526,-0.0002859088654666442,-0.03920649880590443,0.1258376818609171,-0.06914542111929262,-4.351133255342532e-05,-0.01172752638127933,-0.00011331006778175778,0.01717177037205303,0.016610047283409757,0.03381687790690108,0.02730556266973072,-1.1102230246251565e-16,1.6653345369377348e-16,0.013587207721920236,-0.011312334994043882,0.00039134278349706175,0.028709523459058195,0.060328049569025544,0.01865151210776056,0.049268208785284484,-0.006439808889874721,0.0,0.000801644360793663,0.03782123596498149,0.0268952253057545,0.024500471045231953,-1.5312463198913218e-05,0.013758077598327978,0.00019348631753085543,0.02368371767981098,0.004446965301167727,0.013920763407678172,0.03149765591658099,0.030707113015784326,0.018652532891748286,0.04261591859676578,0.018077804899024774,-1.1102230246251565e-16,0.026016607805456005
-2.645392947353553e-05,-0.0005211688845542795,0.042402934444388196,0.026724445076581227,0.025759942775892608,0.02344858337685235,0.052472798392903086,-0.02286402288638617,0.053854414788660765,0.03606673333645677,0.0,0.030018505817434593,0.050808972056531065,0.011674153342085714,0.0,-1.1501322290607963e-05,0.034294098939602,0.027872007882514538,0.011353473030945804,5.285856799441824e-05,0.030520285355092658,0.05373846517108999,0.003571079325886628,0.03032360039454035,0.06445442139960683,0.02875758450022592,0.05419270007946314,0.05000978832847375,0.024121587292313007,0.044920721846198663,0.038918899162071696,0.008275123528699968,0.010113730154886702,0.03592196380242235,0.038774948063564796,0.03841301365096944,0.06645773550940254,0.0377571438324249,0.08407884834178314,-0.008104744356190186,0.07730298499374672,0.0055179724149603815,0.022743795077043938,0.000906162413994327,0.0018013502024428196,0.0,5.551115123125783e-17,-0.026205225225934492,-9.276753374010127e-05,0.016209551838978653,0.04865233313015249,0.05032538243890433,0.03954714840627066,-0.017864890868666106,0.015713696997914306,-0.030754851957544183,0.016101631671649075,0.027316594654364146,-0.08694945881962429,0.04497442460468043,0.0,0.0,0.0,-0.036119317176662724,0.06880912034227527,0.0,0.04641264250178623,0.032969009722745746,0.0,0.0,0.008286823027017276,0.04895946324173195,0.040936349384375736,0.07579386192310517,0.04847666214430296,0.06739062214269353
0.02346792203853937,0.01899391744224238,0.029768878170060853,0.04101368225391461,0.0291032997996018,0.01118437671160566,0.016814358970096477,0.013802238443173132,0.02013647464249202,0.017225791171808003,0.030018505817434593,0.0,0.0009555203652910627,0.03442085667726957,-0.013748952931674219,0.014852861854525057,-0.0001353382341128806,0.013123974422629081,0.025561938545459684,0.010673996614949277,0.019510365177167477,0.009729757420607443,-0.016670001876872786,-0.007236548734752657,0.021446077338731384,0.03052481267192253,0.00428106238127951,-0.006754874860023408,-0.01239899357147839,0.03072010773720868,0.01607114384042252,0.020532918580947024,0.039467068994064824,0.028826322366368284,0.014403067807287784,0.009078249019801032,0.022863561635875496,-0.006918523543792271,-0.025474466044656308,0.10917843675528299,-0.017962300679898124,-0.013816708336181371,-0.0024750428322728446,0.06214113920971642,-0.017410306779207574,0.0017674319854717457,0.02759917475057866,-0.006216820615396634,0.0,-0.0002009603336992627,0.017805907409537358,0.0012366140535963188,0.0,-0.026306575671156907,0.04924464036261483,0.01277101913310813,0.034451687071792525,0.025805382691158618,0.0,0.015392517844728337,0.018661741192391,0.02590931731912749,0.016557878807209825,0.0,0.00913095090240773,0.00011697769231416855,0.004903469515024295,-0.018338010306634123,0.009892767268433633,0.02216180333677531,0.019710189564359826,-0.006042682891619189,0.05083811813949807,-0.015998051918706124,0.0,0.023127463725105546
0.03861911921606187,0.02826892095172201,0.04984760581829073,-0.017270476264852508,0.029331504853417456,0.029387368600471975,0.02326693561632126,0.02781647323826636,0.01262223860656514,0.002502560154683975,0.050808972056531065,0.0009555203652910627,0.0,-0.00630051776372037,0.018366540029028766,0.030313542077852806,0.009129339211905507,0.0199311921230248,0.04892636513740134,0.028137312996730723,0.044997133107839926,0.03809048387495245,0.023210298135460328,-0.0331570236984281,0.02078123198037768,0.027149603721062343,0.0306464659251226,0.03242464637974796,0.016126868153663376,0.027334715420833766,0.027192423640771124,0.0016068828819997827,0.02976247225544265,0.01216567579143113,0.006479968442740902,-0.045384515928633906,-0.015565709681971962,0.0059477352574832665,0.017121411031418732,0.016036779516388433,0.021310087879850004,0.04433753103282356,0.020574804210617914,-0.00828112206197984,-0.038189616184154895,0.014330073412062161,0.012062028394307256,0.02359738464104333,0.0,0.025382106145989236,0.031360185767557724,0.038104561761849065,0.026355982950625134,0.025127199550041168,0.013926210578614762,0.0069904313108548055,0.05706818938730013,0.020849088406917793,0.01423970634663968,0.02704592703746611,0.013990319463280942,0.014293949031239928,0.02570153958501309,0.02659546090960685,0.042679074686832796,0.030090116518912136,0.009904605096685837,0.026719401689766387,-0.005984820005017266,0.020495649964815177,0.023636740239426468,0.03231056060806836,0.02248656027768925,0.030079885530394312,0.02457950923375063,0.024767686957087198
0.02219582244685303,0.0,0.006519734963813195,0.03081255895134627,0.029780258857073638,0.01082755200676011,0.019429969712199124,0.014260926084051162,0.013289283350677028,-0.18018170609513595,0.011674153342085714,0.03442085667726957,-0.00630051776372037,0.0,0.0035646990669188083,0.0,0.0,0.0,-0.007037051861925103,0.005645089391609459,0.045158530937911445,0.006201217586459862,0.023306360074719645,0.052388979325711016,9.055963773668685e-05,0.02808137523890125,0.01672452265268587,0.01619582843404377,0.022878853534719246,-0.00023397502482569443,-0.0015521904904778339,0.07146851927569259,-0.01726771378874775,0.015262857581854472,0.04338880035414561,0.03438911365974606,0.026246402124398605,0.010778921952359521,0.024804194419893177,0.0,-0.0006587401419503314,0.0,0.008804606010012372,0.0,0.0,0.0,0.0,0.026100000059182227,0.0,0.030207773745074384,0.03582346416652038,0.028367580705183026,0.01287397825981823,0.029962503886352687,0.0,0.038513050371077606,-0.0004573191742924254,0.03159113022697868,0.008055910341057515,-5.551115123125783e-17,0.0,0.0,0.0,0.1039536970173619,0.0010524095921541354,0.0,0.0,0.006680372812695401,-0.000337519671853137,0.0,0.0,0.025058948306708073,0.03244150035821891,0.007900184463906446,0.0,-5.551115123125783e-17
-0.0016095349462378894,0.019723193483017876,0.023827458853495354,-0.018416013604099335,0.015284100334968076,0.01546633295030475,0.013107819316166058,0.0208828647900966,0.03221442176842826,0.01804647661736214,0.0,-0.013748952931674219,0.018366540029028766,0.0035646990669188083,0.0,0.005195617813680609,0.013407556560676215,0.010924823390267013,0.0,0.00019027111504005267,0.0026886970625906725,0.003032295374615024,0.003576118062337319,0.007356122667510345,0.015936307028697916,0.008263869639996424,-0.008999506504320909,0.00046738849619271106,0.018531933050337457,0.008718068542654944,0.0006357383611759748,-0.008724937025399393,-0.0044309705177993375,-0.008804849841996809,-0.011663460922061164,0.014428479520786741,-0.006496045116071492,-0.00928207368403805,0.022340016469128865,0.004950156591709054,0.022505002710270783,0.015406734131682365,0.01952936980728548,-0.0006058327949151066,-0.01855719797838873,0.006362494403379937,0.001972718171587895,0.052683399691076827,0.0,0.0,0.0412409303814299,0.04189664317975156,0.05922329513732372,0.05166791323405917,-3.7475427487665414e-05,0.0,5.092650800098131e-05,0.035351069927557655,0.0,0.03703833961006098,0.017961981264223492,-0.0004904327885352222,-0.01745711248162468,0.0,0.03474707540047994,0.030732635733879077,0.02903023145999739,0.03659885044457023,0.014108953912163547,0.019727736806938623,0.010116290179802201,0.02621602390915534,0.03608965495476557,0.03868283162194758,0.019730087513757932,0.029577763195244633
0.018730078354672275,0.021858206683588788,0.05060356616901557,0.0,0.04550510560274407,0.03886385152122418,0.028760442123968555,0.03922331972235721,0.041088483777108165,0.01779852358679279,-1.1501322290607963e-05,0.014852861854525057,0.030313542077852806,0.0,0.005195617813680609,0.0,0.023335300299219597,0.023374043723807525,-0.001041551478185021,0.03237949862700579,0.025132095518244524,0.018211452354660318,0.025899386950926417,0.019760331168334033,0.0241797434257785,0.006917373451378772,0.029676936415474364,0.025481158019558137,0.033886376623350256,0.030356690526505414,0.009537349266943662,0.005769438440486274,0.011328678071477971,0.005405075233108014,-0.0064669003331286334,9.17391732578321e-05,0.004818191204260858,-0.02227285207565255,-0.0019508810549463407,0.013717108729678629,0.00643996780602496,-0.015574454024818551,0.015415267818438494,0.0,0.0,0.018305820786784055,0.0007538791852340632,0.0,0.0,0.0,0.007022846153780071,0.016118366252901972,0.029084677104852907,0.0,0.028347001685380402,0.0,0.040596027665886714,0.011497829228261591,0.0,0.012753366660344101,0.014728191357188114,0.023178598293870978,0.03119391538316274,0.0,0.03731004840553864,0.037691385064441585,0.006985272850490498,0.015987202289768132,0.018733311561452803,0.027793088970215873,0.017341612439062404,0.033902222216030065,-0.008640554666961009,0.02461682001584531,-0.00014700717439919408,0.025051419543897446
0.02624927905691604,0.021804255490667168,0.017576619345938738,0.00025801437709893627,0.04024294172139137,0.04195438904629156,0.04077851290199308,0.02360700378522268,0.033490826793868056,-0.005315977388012094,0.034294098939602,-0.0001353382341128806,0.009129339211905507,0.0,0.013407556560676215,0.023335300299219597,0.0,0.028511303175311753,0.029300958311079373,0.0039251608129163285,0.020023641893628652,0.01821822337256701,0.00570286341861731,0.008840247910269883,-0.01598591430487356,0.01321022398605376,0.023755109214699033,0.02080326328256943,0.012180002237802745,0.009478152367593196,0.02471237144247329,0.028135067965882332,0.03157413288975569,0.025074610570116618,0.015463433571209384,0.003306697880455678,0.044102940067446694,0.03352247101703887,0.04149262922021946,0.10627853152242078,0.02609770964488556,0.03020861306082856,0.0,0.0,0.05660794847575412,-0.0004678380001146287,0.01796128419943016,0.0,0.0,1.6653345369377348e-16,-0.0004521699572103133,0.00013708665104256168,0.0,0.0,0.04096453327373156,-0.00024329200644934712,0.04207630024786735,0.006157465205755941,0.0,0.0,0.02740143300026915,0.026649268136555215,0.02702831322911975,0.0,-1.960395017952532e-05,-5.551115123125783e-17,0.030319077807761052,-0.00039946343542140994,0.02272668898963448,0.026721249969460903,0.026529701490279667,0.0,0.010467232413107763,0.014486309439887657,0.0,0.02931385802775066
0.02599990043622863,0.01891563584452821,0.04057194115618429,0.0,0.042965317799060876,0.028636387222990944,0.02616356467850861,0.014333353616059197,0.03129319216572962,0.0012988040847164428,0.027872007882514538,0.013123974422629081,0.0199311921230248,0.0,0.010924823390267013,0.023374043723807525,0.028511303175311753,0.0,0.018254583682308034,0.014894134321412789,0.04266153717139032,0.015388176220058947,0.02271386453951818,0.021543131132384485,0.019784852617451387,0.007231566521780142,0.019754776882533298,0.018166672460445676,0.018914245116783468,0.006695523473317144,0.022129580594669795,0.013210822008889012,0.032621120555805294,0.02228414788112365,0.013300433636807774,0.027324305992785847,0.0,0.05442016968216862,0.015444173011820828,0.07579246329799738,0.030627256234833422,0.010567678615733878,5.551115123125783e-17,0.0,0.019703178289423473,0.013254101465279944,0.0031103639084417156,0.0,0.0,0.0,0.016805031513199842,0.00012873850986777624,0.013067331997769382,0.0,0.05088097452281143,0.0,0.05323852853825639,0.01973654955722537,0.0,0.025549118771989454,0.0300693248276086,0.04294857697506943,0.034991709269155014,0.0,0.02030709959801097,0.04597022220486929,0.010988915825562329,0.02653149601509852,0.02623797255515009,0.030629661353613447,0.03289509045511729,0.018333134625347747,0.014528331310660392,0.012866421750216961,0.0,0.034959139020471985
0.0,0.05250488254642882,0.0330439042940448,0.009532093151782661,0.02158307679856747,0.03006683053615411,0.048121454488220694,-0.00035190764285208953,0.05348793634920923,0.025844538870012312,0.011353473030945804,0.025561938545459684,0.04892636513740134,-0.007037051861925103,0.0,-0.001041551478185021,0.029300958311079373,0.018254583682308034,0.0,0.006378307776526426,0.016014439675730574,0.04645115369336211,4.547926502884714e-05,0.01771796255353708,0.027443490912006208,0.04351546462062633,0.05823046130509074,0.04465033945211805,0.029235092498213655,0.04234302997346889,0.029016396386187526,0.00882897869770155,-0.02069933821937442,0.0319191315364028,0.02250492211534083,0.012299839857087602,0.02079094480083965,0.030092128820143726,0.03984385487819786,0.013656633884318536,0.03086966380208478,0.006009992996041769,0.029648715410897197,5.551115123125783e-17,-1.6653345369377348e-16,0.0,5.551115123125783e-17,0.11032291602285915,0.0,0.02060658115861358,0.03827688902834736,0.04851000966597807,0.03302302855928252,0.036724628074197074,0.0011946980619517156,-0.1190670962515018,-0.0008821750323321775,0.036522945577750154,0.011144644047313523,-0.00106620621906095,0.0,0.0,0.0,-0.14073867179831345,0.05252978787589058,0.0,-0.014998756632380483,0.03286180359864799,0.0,0.0,-0.010331801567141252,0.043779482839090944,0.025555545284599246,0.03773850627271863,0.00035086691101582357,0.022785642646028892
0.04100361320596352,0.03894361412440084,0.045750699744040446,-0.009594494758374705,0.042215760193959784,0.02984541002416341,0.026930642288138185,0.03143680270504651,0.0448005371505209,0.023713026895225697,5.285856799441824e-05,0.010673996614949277,0.028137312996730723,0.005645089391609459,0.00019027111504005267,0.03237949862700579,0.0039251608129163285,0.014894134321412789,0.006378307776526426,0.0,0.03672850177028375,0.018329270802747932,0.054311781061906816,0.04986301271240262,0.018429500151626366,0.015351859001169754,0.025371730937737424,0.016598589218225768,0.0036084744032934823,0.029091532683949983,0.010988136127718151,0.004747459646194441,0.03071237904094032,0.007028510777145003,-0.0017125718323457995,0.015378505611126747,0.00661454546202761,0.015929499423613547,0.03498909963289948,0.019104039748304547,0.02874097396487968,0.02754819532098629,-0.03647495532259648,-0.0001442400639523056,0.010351919125016595,0.01950169564676857,0.008940564477067703,0.024306679450735558,0.0,0.011303534757209077,0.028270134221809795,0.03673429082664087,0.05581895824112182,0.04344750019590016,0.003953585716504948,0.028239763335365764,0.0018852606902378666,0.0402897777499816,0.0,0.042283934529258826,0.029427229778103026,0.0032639570724435907,0.020413508184979334,0.0059076805735845395,0.03661935053723725,0.03014529026641838,0.03438077581540455,0.033537637332304804,-0.0012772740124780135,0.023746683467156693,0.025106668454705938,0.03095838809773177,0.032514141067030655,0.03687195733684967,0.025556274284045055,0.0397344384166195
-0.02019827596097945,0.04305528968062311,0.02130442149003925,0.00046731173031655526,0.051582395272494475,0.03964762460136828,0.03549540590837735,0.04849261644347169,0.0525525883186691,0.005525424814105284,0.030520285355092658,0.019510365177167477,0.044997133107839926,0.045158530937911445,0.0026886970625906725,0.025132095518244524,0.020023641893628652,0.04266153717139032,0.016014439675730574,0.03672850177028375,0.0,0.026176099753694837,0.049118871152674326,-0.012795900885231803,0.027716228377923924,0.006652142598079613,0.023032644944551872,0.027007457277520464,0.04466465854264756,0.03167145738513294,0.030295160058669557,0.025636367526927106,0.060014627845961066,0.016151942396904817,0.005352206546262617,0.04115572184727867,-0.012122584358306154,-0.002594558316621365,-0.0035422581480295534,-0.01970927851622395,-0.004569524696174443,-0.015440038294184666,0.004750439368587767,0.0,-0.0007340491674615035,0.0022714703148676296,0.011943189035656498,0.10235543868908159,0.0,0.0001657866077008907,0.03376722008091332,0.02349134088880983,0.07035776846469805,0.013096387790299535,6.121860393354384e-05,0.0,-0.0048536942314363896,0.023675264514334438,0.0,0.038035895315338075,-0.010569517981790566,0.0,0.05349529876693637,0.0,0.0222331325622922,0.010206002988272178,0.020402487780619816,0.026597552102912037,0.030322271698570658,0.022351647211525272,0.005459658969531045,0.025315919054295533,0.015970594814216255,0.021064765424751997,0.035010852326914865,0.01663103535154936
0.031029475287638386,0.020994632609948105,0.05836524178680036,0.010603955575399615,0.053397664318481475,0.04264795447259828,0.03662500112086031,0.041782303805390886,0.05638875990997788,0.011762668001049637,0.05373846517108999,0.009729757420607443,0.03809048387495245,0.006201217586459862,0.003032295374615024,0.018211452354660318,0.01821822337256701,0.015388176220058947,0.04645115369336211,0.018329270802747932,0.026176099753694837,0.0,0.02049502394150976,0.06464748924760039,0.014124939530217595,0.015094820641917861,0.026301556289138994,0.03249836453669197,0.04206397175320359,0.04490368011957718,0.012970851494074342,-0.006790467463476391,0.005089160230792367,-0.002478921368999243,-0.009204043496791825,0.017999972833858457,0.01089279040172142,0.0009886178696087988,0.001217634463233086,-0.006101663151958037,0.002806341740180629,-0.00016720675533521412,-0.03712161682547227,0.0,0.012806076180721104,0.005580435376711046,0.0024583571324023334,0.04322822165334361,0.0,-0.0002948644005920098,0.01001144040189167,0.033348274623760776,0.06045572866953147,0.04077439351928014,0.02988068566447244,0.0,0.016802542604883286,0.03172485557890736,0.0,0.025992904723256327,0.0027224120344067626,0.005214565975596941,0.017489260683729857,-1.1102230246251565e-16,0.030442763916775972,0.03301052536311189,0.01182315703006459,0.03185729310624258,0.026392211870143956,0.015927078903315295,0.004630983415895962,0.02206199345933313,0.03939855338355819,0.03740176638542936,0.023191804551599304,0.01761282234564482
0.0184308200361048,0.031132532037682403,0.044550589633106596,0.024086831429838917,0.01878622334501534,0.034045458370460635,0.022077286169635224,0.014966696056017248,0.033337174613675746,0.0024435259343011384,0.003571079325886628,-0.016670001876872786,0.023210298135460328,0.023306360074719645,0.003576118062337319,0.025899386950926417,0.00570286341861731,0.02271386453951818,4.547926502884714e-05,0.054311781061906816,0.049118871152674326,0.02049502394150976,0.0,0.01089176529183633,0.008998802333978873,0.010467501792090494,0.023197187583825385,0.013389028608739029,0.014625752111619816,0.022816993799425422,0.016480420707757626,0.004414317619306107,0.005268435073074784,0.007444407955384147,-0.0007330366298828883,0.0021860412773295756,0.015318445503526679,-0.008588865987023298,0.025542022955299726,0.04048458211143641,0.029903870695569656,0.027488603842185877,0.015256282246723929,0.025644154884429282,0.007002071817521549,0.0016500808142715928,0.006132907450837055,-0.15704465376782628,5.1617739467602064e-05,0.04154889223395375,0.04120523953804589,0.030794385908718858,0.035613909516646336,0.029406596941684682,0.006814838170676518,-0.17871981503196588,-0.014480551237971206,0.017498637599946743,0.02321154179120488,0.0378959687212016,0.02791705625156926,0.013702457303374271,-0.0007923662320287184,-0.15923063321601744,0.0349343662556863,0.02580816790634194,0.01902520917253747,0.026107814170458488,0.03704086320914218,0.016494768491496115,0.010293836229698039,0.03286183805684206,0.023185682747780323,0.03110070905607809,0.018908741554810815,0.029928582153453065
-0.0171942521088308,0.028485722349761766,0.027184268308322213,0.003753924441931067,0.03949515177743729,0.035921818607304534,0.04056957552692908,0.009490851044759996,-0.001752658583974387,-0.008065453018154534,0.03032360039454035,-0.007236548734752657,-0.0331570236984281,0.052388979325711016,0.007356122667510345,0.019760331168334033,0.008840247910269883,0.021543131132384485,0.01771796255353708,0.04986301271240262,-0.012795900885231803,0.06464748924760039,0.01089176529183633,0.0,0.021626651470184666,-0.00463542533321093,0.023556816363329347,-0.00281186859376803,0.042906917880152995,0.019153114872899335,0.026713958796096282,0.002342447791680413,0.04095704921400467,0.007735311783331922,0.002732787559842631,0.009353468017095135,0.014914792390801512,-0.0001332447874617948,0.0009096163096372623,0.14932470065375564,0.03280685661436633,-0.025231957506303693,0.014646723755652291,0.0015631043634775077,0.057722008329587904,0.018860201364423068,0.03612290482431796,-0.00011072170320053365,0.0,0.0,0.02476797212673648,-0.008287276725396864,0.00047006208936067884,0.03395582568034361,0.04689135730768046,0.0005019232190761613,0.032544887697693425,-0.016764836456100718,0.0,0.054561543119309996,0.033977795178845915,0.035809858947139006,0.03446444833451351,0.0,0.010750612238388524,0.13346866223786485,0.026943297837250524,0.03229198758834728,-0.020199570622360608,0.04191964732715475,0.039695600733212544,0.017033060712146497,0.017145650586173122,0.00692209932190907,0.0,0.031366797582407346
0.01792370482300093,0.012208217182902825,0.03376094446872896,0.0,0.02002350524065244,0.02661715689312527,0.019662014125875982,0.01906767801790349,0.020617644313205175,0.008213232787415203,0.06445442139960683,0.021446077338731384,0.02078123198037768,9.055963773668685e-05,0.015936307028697916,0.0241797434257785,-0.01598591430487356,0.019784852617451387,0.027443490912006208,0.018429500151626366,0.027716228377923924,0.014124939530217595,0.008998802333978873,0.021626651470184666,0.0,0.005864543993591986,0.015307326563968882,0.012363048654430275,0.018064545411307364,0.0005625782065982188,0.01982363951772992,0.004031144006839016,0.024220176572145202,0.016716833369461115,0.0019074135618415977,-0.0009087475282433255,-0.0006340669716699554,0.054913794941918226,0.01436995659225987,0.04904209295918183,0.02527797804384324,0.012151108045801384,0.0007510144899419147,0.0,0.02350560263609125,0.017082945502540303,0.0032113630099505075,0.0,0.0,0.0,0.021760809399479608,0.0241127728967499,0.02449740100234432,0.00010923028202231011,0.04772278791697443,0.0,0.05469030647750939,0.012686317317073925,0.0,0.012997890804613332,0.021810198493977306,0.04345719706258788,0.03696331785747309,0.0,0.011938853257427051,0.04814153706363489,-0.0017343956134607819,0.01788471298429206,0.03722556833849888,0.03169323568458382,0.032232777536578994,0.010599281335841482,0.007949727740654222,0.008320032801718502,0.0,0.030602374008844302
-0.0038297396519412774,0.03318513697989317,0.029064861581104717,-0.0013673481806941723,0.036490718495191976,0.0359952309697561,0.02746584055710627,0.033606808210105754,0.020259331706857342,0.03573319064518099,0.02875758450022592,0.03052481267192253,0.027149603721062343,0.02808137523890125,0.008263869639996424,0.006917373451378772,0.01321022398605376,0.007231566521780142,0.04351546462062633,0.015351859001169754,0.006652142598079613,0.015094820641917861,0.010467501792090494,-0.00463542533321093,0.005864543993591986,0.0,0.011391890613941025,0.01807031965625827,0.024928495525352035,0.023362758006585826,0.014774220333413135,-0.004416486241227369,0.02254148253172611,0.006476056148411957,-0.011330756169190437,0.040010457335186045,0.015165275976915416,0.028786874107241622,0.0107809261182516,0.049506354621464355,0.013019794198331991,0.004532273194938208,-0.029627755982361115,0.0,0.05388264881650895,0.026051688912807236,0.014625769560708435,0.0064703908944746535,0.0,-0.0003666069993321641,0.022461299559320913,0.015480721681362497,0.028484398651525966,0.04271848119596061,0.04912603148578071,0.00011218625855963227,0.04510234190516149,0.011527606530511603,0.0,0.01630498086158516,0.02098774184725344,0.033457309523198364,0.032824618265683225,-5.551115123125783e-17,0.01650814615273888,0.010406560603890003,0.009821241807321801,0.02092327196395377,0.027346907590402092,0.0322230507010402,0.025460011748071276,0.010812629610606028,0.0033666495445384137,0.008912999809353339,0.00012002754140955085,0.01819845711263779
0.007627141507252411,0.03290738427994061,0.03269480112030487,0.028890799450094373,0.038498116612789623,0.0367129906805585,0.02715946212170245,0.04075702097747358,0.05112939497418728,0.024547516994139762,0.05419270007946314,0.00428106238127951,0.0306464659251226,0.01672452265268587,-0.008999506504320909,0.029676936415474364,0.023755109214699033,0.019754776882533298,0.05823046130509074,0.025371730937737424,0.023032644944551872,0.026301556289138994,0.023197187583825385,0.023556816363329347,0.015307326563968882,0.011391890613941025,0.0,0.016258505527595835,0.011219157553880588,0.03388725724362357,0.02191649009924579,0.017087554852740106,0.014170141303457673,0.008097117309980029,-0.0013714783788085771,0.0035726405475473566,0.005073036327628955,0.009241402485966388,0.03776294068795749,0.022062869488960746,0.031711936293324694,0.02613662714479359,0.0273583261250418,0.015714848124220082,-0.021640736797119198,0.01487235714417623,0.003952881762625038,0.04544974484589015,-1.6653345369377348e-16,0.04576293379327667,0.056240458409369753,0.04652545357463478,0.04736240152585658,0.04625461535997222,0.02583907008243913,0.04494680670440043,0.035600030794517123,0.02746897840471063,0.019393790601317407,0.027733314596450176,0.0131931388430378,-4.6796513115288096e-05,0.033686801327167226,0.023106074756592876,0.033107456225191845,0.017588112770575037,0.006059153474954726,0.040060454989429006,0.01228811103421118,0.013052499564810915,0.006491796547656303,0.04522703002160988,0.0304801796933718,0.03453908531723726,0.03048711313794228,0.03655076403482671
