0.0,0.05795945749672543,0.02523531768868348,0.0,-9.494769205420361e-05,0.03457566411553353,0.02128684842012174,0.013950377846709383,0.023712752789625258,0.025759190348226935,0.0005935055817333224,0.029074168581028903,0.0452331390302273,0.015378232611477693,0.030622662604543383,0.05083376650125221,0.027518531217778475,0.039110135347716346,0.0,0.042792628526164334,0.02092014787061508,0.041087288859046056,0.012667954579684337,0.02214467927467273,0.03905090854321175,0.028615953808441563,0.022957364867242647,0.052036473379213355,0.031446250479851445,0.03829897213346495,0.03555070465073684,0.018163624846867288,0.040318332162866566,0.024772057852640916,0.009168649143515895,0.01848629451131134,0.0,0.02099228410927706,0.017283630952233564,0.035711971461751424,0.02449644697613973,0.03279080548160318,0.0,0.0,-0.06839509992045478,0.004617839528261225,0.0374309926945392,0.0,0.0,0.0,0.038214968023397466,0.0,0.02293622485854574,0.0,-0.021007354557153413,0.0,0.010127263540113063,0.02016405441127972,0.0,0.05253843266059749,0.03133918123265628,0.10083278421530584,0.03359731765123186,0.0,0.031505938712088954,-0.013848890248846724,0.03824327372478664,0.02186476843196289,0.055561024178570784,0.03444008717424135,0.03376171354503804,0.024824231305402178,0.00020075123230323122,0.02969237617128373,0.0,0.036206476207070126
0.05795945749672543,0.0,0.013195856278402252,0.0,0.011641753810635369,0.02492183711261592,0.041091327675020384,0.01935861842978387,0.014900378217567956,0.049260775573668536,-0.00042033909138544656,0.024175445314872535,0.03919879404430293,0.0,0.03485517033962604,0.03780308859015069,0.0641716292259929,0.042177283868724824,0.011241225041312697,0.043208140211205004,0.039575525881554274,0.03398184100955648,0.03934671828020997,0.053448560357862274,0.03303953197904447,0.027187435004249638,0.028529396724195133,0.05744198375184728,0.041395108736729025,0.030687497206282888,0.024436537374582012,0.011821678195558516,0.02659890236466461,0.015315739984305798,-0.007366832953174585,-0.020965893936356783,0.00587282293363256,0.0005924314451246637,0.03691197124916701,0.04079330705504719,0.041277842570742906,0.025357489505414887,0.0023157816960386324,0.0,-2.8506623926338737e-05,0.042676697077740855,0.042034842260776584,0.011294187285095458,0.0,-5.551115123125783e-17,0.04178636326400731,0.03618322593147438,0.022721098284402996,0.012623611159071957,0.01795160020681713,0.0,0.026231211535362675,0.04097370742872136,0.0,0.02963722988807377,0.033404122373020484,0.03792531977068303,0.04801006951406911,0.0,0.05024418668102004,0.03875625769938257,0.035938866903944544,0.04362272067916079,0.027919156091632535,0.0428605013100678,0.03929190037268143,0.044885031783696405,0.003296581857557601,0.04360463788116986,-0.008482949292274333,0.03757079539368535
0.02523531768868348,0.013195856278402252,0.0,0.040745251542419425,0.026600441964469035,0.03496619889266622,0.039351661630053825,0.04503000785312483,0.0196119695728994,0.037276659864150186,0.03213348425056484,0.02931531533544418,0.03258716116423305,0.0688207969736509,0.021753927121715422,0.04677089461556044,0.03431627451464464,0.02792837975842344,0.02309318417600903,0.04211777874269412,0.026031227548815483,0.006864254011854476,0.0492118912161289,0.015366828474803862,0.030736367232802486,0.016177887381535028,0.036572835091480016,0.041990020333265377,0.0511259920283334,0.026844750538949413,0.03982016002848837,0.05121526518620417,0.04508161040248959,0.02912191270170511,0.03664382086491341,0.04662905534619538,0.037007131366067925,0.036006896518415765,0.0729999858605711,0.07558901814041835,0.05590205205096754,0.024641277689855134,0.03080561404069354,0.003624445257793374,-0.00016470147326341777,0.0,0.0002331838616814741,0.017490480448310197,0.00012365588662205385,0.09018081990413684,0.05209858728828165,0.0550095658075328,0.06331192053028911,0.05300895289352703,0.019870698302276835,0.13153452474273336,0.005135513955838555,0.052026313735838325,0.04674971662493932,0.028086746368924664,-0.00021684046752823427,0.0,0.0,-0.04583320304324051,0.031617243665860995,-0.0013036950274518122,0.029074888728635506,0.049230033997539,0.0,0.0,0.014912538017860633,0.06091887825936415,0.060588223525278595,0.040965883275813075,0.05987887700070049,0.05788069858045919
0.0,0.0,0.040745251542419425,0.0,0.05274502926992708,0.054733268609776786,0.0950140583514712,-0.004041423425822144,0.050724614126111844,-0.14424158750216895,0.03446768992075944,-0.02494599167840955,0.09440968439947928,-0.027216023182690008,0.006498360345010834,0.0,4.4468349491844084e-05,0.0,0.04447091391518132,0.0255590121353354,-0.00048239845968578443,0.009359706872270168,0.04194999069001759,0.007969003005368291,0.0,-0.0011134630757655417,0.062000227483674564,0.06913733881258671,0.00599625690503669,-8.768215820531555e-05,0.08204829127119656,0.024897964226124836,-0.05709384323243477,0.019744049876681158,-0.11830219525068852,-0.019820891156272114,0.0023389491254210415,0.029811401818016448,-0.0004202968299072962,0.0,0.00034120051566594034,0.0,-0.00049790059816468,0.0,0.0,0.0,0.0,-2.444300096798857e-05,0.0,0.0,-2.4106437949644732e-05,0.0,0.0,5.722421264903188e-05,0.0,5.858314862178249e-05,0.0,-4.3078405416729915e-05,0.0,0.0,0.0,0.0,0.0,0.0,0.0,0.0,0.0,0.016085767158583675,0.0,0.0,0.0,0.0022922296855584223,5.6089735710807e-05,0.00022060804345824803,0.0,0.0
-9.494769205420361e-05,0.011641753810635369,0.026600441964469035,0.05274502926992708,0.0,0.02754845097601588,0.0375372407047892,0.05038044497889188,0.028778262470884552,0.02064341077043441,0.04412814341446608,0.007409480362112586,0.037828276721265874,0.04641392116681603,0.012699237079238312,0.031234564094507367,0.03398714479585252,0.030365551807238822,0.046770026677919796,0.019683755023990723,0.03231236578696822,0.017522059326516126,0.04303668246423231,-0.002525553377382861,0.027824817135539193,0.014309544159350263,0.02583544568042162,0.04978829166921572,0.030835004320846737,0.03445788326295207,-0.0033478398191957304,0.05263093060568613,0.006128547022647868,0.02102860405018203,0.03977815798098033,0.0005527666971733569,-0.06637541421915935,0.016117143017704227,0.09674754320765266,-0.01381846036762674,0.0629756457244155,0.04114888010945744,0.06839257976146645,6.016656771179463e-05,0.016822343797845363,0.0,0.010337526764056859,0.03999742982277121,0.0,0.07960251989460965,0.05427881918558275,0.05688382088217325,0.0651952755825333,0.04641029958108689,-0.0007401322790705489,0.0440557617088525,0.012637304513043013,0.059642425334439975,0.03660772809899365,0.02146313603625538,-0.0002267708185330619,0.0,0.0,0.050968798476676014,0.042496861046419754,0.0,0.034586232155064955,0.0544360883819327,0.0,-0.00025776448102488025,0.03154400092103454,0.061866548173082125,0.0566502467749177,0.03566480654300841,0.03543145207381804,0.04896887344959089
0.03457566411553353,0.02492183711261592,0.03496619889266622,0.054733268609776786,0.02754845097601588,0.0,0.02789578285412392,0.009806625097992183,0.020266654699972353,0.020446593141072944,0.023162530047671437,-0.013184971493577669,0.0291992000836937,0.025016721086987048,0.016808615258706194,0.03660583774707432,0.024911829330075408,0.03214164359952698,0.03914570650190946,0.0189694716706007,0.010184374659811257,0.017217280619226116,0.03276179022871972,0.025471351561953126,0.02259083058609901,0.015044022816728064,0.03091213665254594,0.019142467315264977,0.03044599302791534,0.014787905482321784,0.03207943210581349,0.023418836070680127,0.028520280522737695,0.020499518283269513,0.021921774445257114,0.032115658679412296,0.014842442859251959,-0.01781874791071164,0.04988716625254208,-0.029200029847739506,0.04893276293246662,0.036002737004126595,0.02581267083192429,0.03686986248799795,-0.01693563190040981,0.024234628164829852,0.019674433310438166,0.03334955579997234,0.0,0.035767774295273114,0.02722163445488135,0.026975148073580035,0.016774913328370333,0.02703821537495188,0.03267841434617813,0.05417914400557655,-0.022229819508015336,0.037068577180042195,0.024675786963787916,0.026251096829170595,0.019724709603253177,5.551115123125783e-17,0.009207780079569738,0.01073112423112521,0.03999708805944635,0.046269251303189485,0.01763394422441794,0.02409750540497857,0.0,0.011844716508326414,0.01840242720039259,0.034142872174766525,0.036713500429781276,0.029170441686475757,0.024830034191402617,0.0404844322618233
0.02128684842012174,0.041091327675020384,0.039351661630053825,0.0950140583514712,0.0375372407047892,0.02789578285412392,0.0,0.04710202699648086,0.03406649567996839,0.029116435182532152,0.04670006254446152,0.00899235187293318,0.037967137738991574,0.05827578972862618,0.021048640984960232,0.042887591512848766,0.011640866488893231,0.0491279566707023,0.0371354934255691,0.03175143113745821,0.03875273782986699,0.038988069548152704,0.04546743168018408,0.024981415303183097,0.027892108929538306,0.046280428819098884,0.035958373009452205,0.0501475680367347,0.031526816093710164,0.02277152418584316,0.04184515392759719,0.049239490529902064,0.02491615865762492,0.03404387109904994,0.046299626843175956,0.04345157252277293,-0.03979796622596582,0.04311870760703207,0.08269378494842655,0.008240843776141926,0.06203293235324048,0.04504944097582586,0.05843011942442394,0.0011627580698545525,0.06560311984087136,0.00021556974629383108,0.02987962849325243,0.045418235362768455,0.0,0.06862653160524135,0.04705665864960151,0.049385209101933114,0.042194473209405114,0.04784925934348505,-0.005681132386989141,0.10613919787110859,0.021913656350414312,0.05170132098668079,0.03378208953769185,0.034900295898486255,0.03454457247691389,1.1102230246251565e-16,-0.00021368711937519436,0.04872733911640581,0.040551053890168165,0.027735821447448628,0.014297328631902473,0.04269315879128144,0.01708076566081229,0.021000190367191196,0.029067163201372648,0.05353208062570458,0.05353991624422194,0.03959150445958581,0.03985765980465228,0.04946438311141388
0.013950377846709383,0.01935861842978387,0.04503000785312483,-0.004041423425822144,0.05038044497889188,0.009806625097992183,0.04710202699648086,0.0,0.0394831697846133,0.023245153808946206,0.05086152114392206,0.039385344545289414,0.0424877408784034,0.04093962956996022,0.009682480348441824,0.03544846565288201,0.016730542661769543,0.01768219910984864,0.044227859897144006,0.016540876839046315,0.0258977541447582,0.02038090106469087,0.036888318477464654,0.00606251030552718,0.016547426695972256,0.02241113854499499,0.027472240632303302,0.04716373477951602,0.027590500484169167,0.025765346483258345,0.050704515388948546,0.06492682934448063,0.051637847718451146,0.03687224534188421,0.035708288994049264,0.02858102488799652,-0.09207082689935403,-0.004212396195154455,0.06254540463171765,0.007793081890160647,0.03736124511366734,0.04063282740909313,0.05633653528100502,-5.588938808809285e-06,0.0002933943601636235,0.016088818290830642,0.021326694795994305,0.04089572145663567,0.0,0.08712244135998493,0.03523113694681951,0.0451776377839509,0.05166588851486459,0.050229412585680366,0.002711238824320561,0.07060782682283884,-1.1102230246251565e-16,0.0496239002024399,0.03890058130074714,0.029510727348889876,0.030242451795274072,0.0,1.3514907588774161e-05,0.03862400680053557,0.04952291988535812,0.045518471837722396,0.034044141287592145,0.024605380495658413,-8.82355934841983e-05,0.015363562801766373,0.015497425546333321,0.04604476828437282,0.037318986072253146,0.03106843847170654,0.016831573539407674,0.03775177845496136
0.023712752789625258,0.014900378217567956,0.0196119695728994,0.050724614126111844,0.028778262470884552,0.020266654699972353,0.03406649567996839,0.0394831697846133,0.0,0.028327561878930374,0.019414982380353107,0.019425445747443038,0.03464558270654239,0.06349520977132056,0.027387234802599414,0.018907603679168217,0.03333620025933992,0.015579475974489498,0.011573345433929738,0.007547620230539953,-0.000540478648436149,0.0024264728987697937,0.02675216438557304,0.02282218769490285,-0.01485624240348321,0.0018095526283954388,0.012994012309153369,0.03474221661076682,0.019848230663863486,0.011733121543586189,0.03463782671948484,0.042038951982454054,0.015755643232920558,0.025025272138451404,0.03465793484442986,0.04419443866077982,0.017963845977800652,0.01964147035909697,0.06298907555776428,0.02352800306712488,0.0669198787872255,0.04280162542611621,0.04664375168215262,0.019490148256913087,0.016704156892286104,0.0,0.009106540005967112,0.012847768133748438,0.0031489682882229753,0.07465951173474261,0.05022831769644209,0.04694439618111024,0.0481236079958256,0.03544546116390712,0.03087094885137942,0.06892353978761234,0.003395517469750531,0.04955475210388527,0.003086110973892442,0.03529315390603999,0.018974176458848357,5.551115123125783e-17,0.0,0.017955935683260704,0.04342179042343963,0.01815646483536748,-0.006294416577157902,0.04130251481267344,-0.0014539069363288526,0.007219629746857137,0.013946687895944221,0.052689050963400264,0.05675537461421487,0.030321048370698933,0.04473365369657256,0.05471168285324124
0.025759190348226935,0.049260775573668536,0.037276659864150186,-0.14424158750216895,0.02064341077043441,0.020446593141072944,0.029116435182532152,0.023245153808946206,0.028327561878930374,0.0,0.023744417129908546,0.017443298434071997,0.023506853931123783,-0.11806982422815704,0.022750706623359485,0.039244741928051885,0.03749594869667,0.05593356043562642,0.02885787079928337,0.010142996024816942,0.030039386591156847,0.02528626551374019,0.027369285388663622,0.024417293982335664,0.021515203494969548,0.04777310950024849,0.03235879570981037,0.002004030376962729,0.0417945532521532,0.039368728306588274,0.03448871972056533,-0.005760188640369424,0.011999581609630439,0.016429498708318946,0.02707106570704304,-0.015928714352063278,0.03069290988684048,0.0044569437935030876,-0.014442939911946506,0.03173567323884463,-0.0696513795191101,-0.07026513546307622,-0.01575964257137058,0.0019924477751307457,-0.0642045225876951,0.025542855575028334,0.041898563661276145,0.02503658710473755,-1.1102230246251565e-16,1.6653345369377348e-16,0.04094561462802315,0.01071115544766299,-0.0012336240249622987,0.026416650611904235,0.03531521864626075,0.03203239525024565,0.04712424464317044,0.02516879903428504,0.0,-0.0006076574334744622,0.03329214149863974,0.031416679686580906,0.02226450276114461,-8.84041993726159e-06,0.007639848443923958,0.00011170641044871976,0.014943995034409574,0.04028408647736592,0.03142681996011204,0.01904431895454306,0.035079515622009616,-0.013248229909721798,-0.005078770186782822,-0.11965552779501842,-1.1102230246251565e-16,0.026907180848305345
0.0005935055817333224,-0.00042033909138544656,0.03213348425056484,0.03446768992075944,0.04412814341446608,0.023162530047671437,0.04670006254446152,0.05086152114392206,0.019414982380353107,0.023744417129908546,0.0,0.0075021631963301805,0.052526733776237344,0.06491265124978096,0.0,-6.640115150668979e-06,0.01856319391097283,0.029212324844969828,0.020673517915406003,3.0517097888205225e-05,0.03799878450698735,0.007895522430871105,0.0540030173553635,0.0339418462605936,0.03062363940357915,0.01629654638378225,0.02639043473813274,0.05220876372308059,0.012825653366019818,0.03820264785868954,0.044959281672969253,0.06324443870856428,0.03323307745937881,0.03441238633422766,0.04640634195301091,0.05255350080435134,-0.019504804280020827,0.032993385914235895,0.13204029620462743,0.0017454796996791977,0.0694070024304651,0.003912679750000925,-0.002828078126636435,0.0005231592178845945,0.009080431100058406,0.0,5.551115123125783e-17,0.0557989889182719,-5.3557938010984074e-05,0.05187882162505436,0.04957605973246293,0.037474520221454144,0.046913367583927224,0.05032728419298971,0.006354230237323399,-0.06494712472018171,0.011891815359265034,0.06335020255936563,0.046473783984214145,-0.00030283372342460035,0.0,0.0,0.0,-0.05767491439899919,0.04687903694082679,0.0,0.03323698170574024,0.04407349936921001,0.0,0.0,0.00801861643207652,0.04779395288811927,0.06219600794061492,-0.007525785185961531,0.0005847890851472526,0.05072045159731364
0.029074168581028903,0.024175445314872535,0.02931531533544418,-0.02494599167840955,0.007409480362112586,-0.013184971493577669,0.00899235187293318,0.039385344545289414,0.019425445747443038,0.017443298434071997,0.0075021631963301805,0.0,0.009857122755072834,0.02245374412661738,0.0007041024786775818,0.02542817194695851,0.019343831423248414,0.029924411288341723,0.04664271329549108,-0.007762627936662325,0.03178091929039989,0.020328204879425438,-0.015656247714556537,0.031051967797072255,0.013606711542628602,0.029843745528216503,-0.01868728254462948,0.0037971554431968646,0.011307803848321196,0.025359925498686375,0.018649390791023568,0.004889407609941276,0.02701644478288956,0.0035310577211055127,-0.023095543181140765,0.01271503678095065,-0.007452720145823655,0.013041137884782783,-0.004610097866607155,0.06039271449256006,-0.05181376895944123,-0.03568535840871179,0.008460437957885092,0.0007787621469102779,-0.030164586646968916,-0.028359629767458427,0.025871597241610866,0.015530447092579669,0.0,0.00040338193907329956,-0.0006264606709300846,0.012240110043844732,0.0,0.0035082946964283823,0.047690674476230044,0.010443991161107447,0.07068407566425239,0.02663019756917684,0.0,0.009620124432668686,0.03440610875023964,0.03694402146068493,0.0317814033648271,0.0,0.009752122370307093,6.753530832437349e-05,0.010280709933637222,0.010232927108448142,0.06176893263941852,0.03591030106646914,0.05053389885979298,-0.001222218181249457,-0.038171111987562956,0.0038728953122903476,0.0,0.06949753331447212
0.0452331390302273,0.03919879404430293,0.03258716116423305,0.09440968439947928,0.037828276721265874,0.0291992000836937,0.037967137738991574,0.0424877408784034,0.03464558270654239,0.023506853931123783,0.052526733776237344,0.009857122755072834,0.0,0.05387604227973952,0.028186664747285317,0.04634902666648588,0.021580419317688504,0.05313693685990184,0.04211626061346235,0.034220025895358996,0.03441350807632698,0.03938646270627,0.04127200124265168,0.013708050443450692,0.033486036020041854,0.034156763202423834,0.02359982780492048,0.04264638552329042,0.03119865993207832,0.048472043601717696,0.044317987370713297,0.04334649985944505,0.01871333780790707,0.03002414645877266,0.03350071484332362,0.043536585024691155,0.020533208465668196,0.024097021987198042,0.06755163677795034,-0.04103331275949984,0.05174461620371229,0.05263604386646259,0.048605354814200086,-0.008253599810456591,-0.001913167698067486,0.012603768314203567,0.020842857219919242,0.05064721462466648,0.0,0.05132212348615528,0.041722395455486394,0.04492609127588609,0.032968537313471435,0.0457924148341724,0.007916407363851852,0.0521051474318972,-0.0038296464331485924,0.0471772671255577,0.012104624690416066,0.04413606347184207,0.03430035972311951,0.011383053283554878,0.01644172681038819,0.03531531732019666,0.040987569271974,0.03305469661333765,0.02714197387306666,0.038075525128204446,-0.0236108639372557,0.03679671340215812,0.030061181764256095,0.0451070549818714,0.04597709781105985,0.03728835011378839,0.03955544895269447,0.0466116030425181
0.015378232611477693,0.0,0.0688207969736509,-0.027216023182690008,0.04641392116681603,0.025016721086987048,0.05827578972862618,0.04093962956996022,0.06349520977132056,-0.11806982422815704,0.06491265124978096,0.02245374412661738,0.05387604227973952,0.0,0.005124470067560227,0.0,0.0,0.0,0.06314731036197785,0.001673699648411131,0.06341064234603466,0.0015535616623449933,0.06379880844621261,0.027943530950838624,5.22832425165487e-05,0.009531134531548524,0.05090294319622263,0.06306005375642482,0.013061788524637186,0.00024687741913287375,0.038339601563966375,0.02671893425040922,-0.004384903226576586,0.02659355672169078,-0.038821237330563974,0.04700594021764712,0.018558182391986172,0.065273648894421,0.022234768862411713,0.0,0.001870020040801501,0.0,0.023834807837679328,0.0,0.0,0.0,0.0,0.03916755195378019,0.0,0.022284804853544504,0.030574115617765796,0.031231294589436742,-0.027799399910175215,0.0448756219169687,0.0,0.034923611139408006,0.0008367807788862702,0.0290831940898566,0.0026003244424359084,-5.551115123125783e-17,0.0,0.0,0.0,0.03321430425433303,-0.0013100968971790916,0.0,0.0,0.04671867194916257,-0.00019486189762496497,0.0,0.0,0.03334570133111292,0.045819344612386625,0.0026670513814013863,0.0,-5.551115123125783e-17
0.030622662604543383,0.03485517033962604,0.021753927121715422,0.006498360345010834,0.012699237079238312,0.016808615258706194,0.021048640984960232,0.009682480348441824,0.027387234802599414,0.022750706623359485,0.0,0.0007041024786775818,0.028186664747285317,0.005124470067560227,0.0,0.04359292710852386,0.014562831529801756,0.041064509325135556,0.0,0.02792728024547625,0.036210558473254606,-0.0015090653278284627,0.004273507106747676,0.015226797933475922,0.043702293948501225,0.0241639874601271,0.03468469994165291,0.027367534096020607,0.02408637478793263,0.02247527321503312,0.02955845284119779,0.01599406598056885,0.022048283861190843,0.02308910010202292,0.010691986845765944,0.0172664138234222,-0.019346639596824755,-0.002763462283863871,0.045154544510344785,0.05036956931946773,0.03538247372128661,0.028545263788315345,0.017544318709017015,1.6658929977375614e-05,-0.00830166670671606,0.012640988299429168,0.03577655231147092,0.02365829234598682,0.0,0.0,0.03868830002359763,0.03720277278252199,0.02357619443433001,0.02520993625660506,0.0001461904296487515,0.0,0.009418470458175232,0.04271172039334287,0.0,0.04396521151350641,0.046707527983810726,0.0005757806243322228,0.04126745252443714,0.0,0.06491015261394162,0.027487564711858037,0.0470154315128718,0.04630248975791196,0.01310659637980316,0.043173827713389124,0.036997410508570416,0.05583953428610766,0.03948742475064754,0.051531014384395446,0.04320492217919558,0.04399337550169291
0.05083376650125221,0.03780308859015069,0.04677089461556044,0.0,0.031234564094507367,0.03660583774707432,0.042887591512848766,0.03544846565288201,0.018907603679168217,0.039244741928051885,-6.640115150668979e-06,0.02542817194695851,0.04634902666648588,0.0,0.04359292710852386,0.0,0.034980362153120614,0.04927450284670015,0.0015239669197403272,0.05213072209540892,0.04607606784976481,0.05813665772960808,0.046909105660663586,0.04597898426658703,0.016429156924310295,0.04716856668681746,0.03487054496603553,0.05512280112808787,0.05078632268183586,0.05038790704215895,0.02536357129696154,0.018696251024236332,0.035484654975725116,0.013489911655723441,-0.01089255218947488,0.016966274490968936,0.0033439397128978143,-0.004170362520172499,0.04433608239435649,0.055076308829088594,0.05098254746573283,0.028370366281501636,0.015574163017845088,0.0,0.0,0.05373965114528534,0.05696137846665589,0.0,0.0,0.0,0.033162639943207506,0.01946503033183561,0.017530097007495526,0.0,0.04064337817618335,0.0,0.03459236760894169,0.016028353591382827,0.0,0.04313408088295351,0.04750020130009053,0.03328049426000945,0.044983487343668194,0.0,0.0372091867009382,0.045034581463968604,0.0532892538704961,0.04836654067091889,0.052886639794708756,0.04646016724168611,0.050693299944633174,0.044765527088359514,0.04805871089821118,0.040192306856128346,0.00023687640624392436,0.04068572556699962
0.027518531217778475,0.0641716292259929,0.03431627451464464,4.4468349491844084e-05,0.03398714479585252,0.024911829330075408,0.011640866488893231,0.016730542661769543,0.03333620025933992,0.03749594869667,0.01856319391097283,0.019343831423248414,0.021580419317688504,0.0,0.014562831529801756,0.034980362153120614,0.0,0.02550838962252905,0.029869219091633314,0.033150112674055876,0.01094695619741931,0.027411424145845686,0.025083456788967506,0.02705220230241362,0.023480586866300668,0.023571485660522196,0.03210363776600966,0.016655075453639645,0.02839731149727165,0.027560130727441623,0.031240247057033377,0.014681599213610175,0.01814219350201901,0.011611158745737094,0.005675627651881898,0.021391322142565727,0.008075466266119102,0.01592301214468378,0.004141378091766068,0.04890546141314972,0.028940537431535795,0.03283627721214383,0.0,0.0,0.013256379881040392,0.018410668608794978,0.01834794617603991,0.0,0.0,1.6653345369377348e-16,0.0004369654869679218,7.914491269361834e-05,0.0,0.0,0.04114001430228348,-0.00014046097459574636,0.049099471633678116,0.01123301353886108,0.0,0.0,0.02724554916092997,0.029562209635599856,0.02827864647072198,0.0,0.0002420509951663874,-5.551115123125783e-17,0.029488067408730723,-0.0012474900185089899,0.02060766367933875,0.022812407563650383,0.03343692876027349,0.0,0.01950859589115228,0.010642687204353907,0.0,0.0008058330698352822
0.039110135347716346,0.042177283868724824,0.02792837975842344,0.0,0.030365551807238822,0.03214164359952698,0.0491279566707023,0.01768219910984864,0.015579475974489498,0.05593356043562642,0.029212324844969828,0.029924411288341723,0.05313693685990184,0.0,0.041064509325135556,0.04927450284670015,0.02550838962252905,0.0,0.03847343565688233,0.046689983303362215,0.030034827174420575,0.047946757853928046,0.03171762881744927,0.02055123066738751,0.03046702965332393,0.029909479977595688,0.03610161071616391,0.044469449805878636,0.05483424077844823,0.07791234707101163,0.03162394021177095,0.017416241887139527,0.024258990350072285,0.016343355034191487,0.00829251918136481,0.03112057792438061,0.0,0.017379940001335192,0.03423483311325759,0.04858033652852367,0.03427356311947921,0.025828332686774202,5.551115123125783e-17,0.0,0.039457084278429644,0.054779532508199114,0.0503185246640826,0.0,0.0,0.0,0.040165407108406326,7.432523915568146e-05,0.010223638882278396,0.0,0.04278723317897293,0.0,0.05290538482262863,0.030520866217328302,0.0,0.05602697381037469,0.042869039004298615,0.03562855279264854,0.032719764030142595,0.0,0.020031851787078003,0.034989423503970385,0.04046436100261125,0.040476581522276234,0.027247814240849655,0.029080392826006107,0.040298935433414895,0.041863328895418606,0.04591346549779979,0.02504685528389322,0.0,0.032473634495836734
0.0,0.011241225041312697,0.02309318417600903,0.04447091391518132,0.046770026677919796,0.03914570650190946,0.0371354934255691,0.044227859897144006,0.011573345433929738,0.02885787079928337,0.020673517915406003,0.04664271329549108,0.04211626061346235,0.06314731036197785,0.0,0.0015239669197403272,0.029869219091633314,0.03847343565688233,0.0,0.005167066775581541,0.008111100066623855,0.04262879907967826,0.03638287985337507,0.029580378088195247,0.041783002063544294,0.03535017849917377,0.026654192664319398,0.04457385266805336,0.08605826442996833,0.04228618682363394,0.04059234478714574,0.05549086336374065,0.020087658605614123,0.029532439805421085,0.03966003551745878,0.03539177601107041,0.0030460829704812564,0.049744779718867316,0.10497075335839745,0.026644764420355016,0.05270345086269801,-0.007187072740333145,0.03939832291579998,5.551115123125783e-17,-1.6653345369377348e-16,0.0,5.551115123125783e-17,-0.06392758697557788,0.0,0.07557595115256355,0.052526624354907625,0.06094193392865799,0.04765270161601465,0.042922895012626805,-0.0012111347931114125,0.16979322852737133,-0.0005093104644650626,0.06293566899131331,0.033118035312065364,0.0006952358051954266,0.0,0.0,0.0,0.04690637117770036,0.04870723764294044,0.0,0.004112502934137119,0.05570753287422903,0.0,0.0,-0.0015241180153628964,0.055392078156384694,0.047051999164749114,0.04749219616264633,-0.0016445400056481763,0.0478353288026967
0.042792628526164334,0.043208140211205004,0.04211777874269412,0.0255590121353354,0.019683755023990723,0.0189694716706007,0.03175143113745821,0.016540876839046315,0.007547620230539953,0.010142996024816942,3.0517097888205225e-05,-0.007762627936662325,0.034220025895358996,0.001673699648411131,0.02792728024547625,0.05213072209540892,0.033150112674055876,0.046689983303362215,0.005167066775581541,0.0,0.03623630548364243,0.039622839638002894,0.06221360887880284,0.0322100367075111,0.03647446054755632,0.03336512717265927,0.04181899249205562,0.0424943060223848,0.04313396077032472,0.0519692949938686,0.04759836114970034,0.028219654059488675,0.023544484797078713,0.0332659439421798,0.025589750319482685,0.03839826081930331,0.007403393962720384,-0.00698152146577502,0.05256843937272926,0.06963476236855143,0.031715637606168856,0.034065137172050064,-0.05268235930322929,-0.0006195582409053157,0.021225360882302424,0.06559959027531448,0.04037647483864509,0.028317095935452397,0.0,0.009600761680286007,0.029194844128171527,0.02583021339243413,0.02344831138587139,0.029082303884255645,0.006365502642368015,0.030700327749019152,0.008732616762062939,0.0460376732294574,0.0,0.04848067294442787,0.042728953641258505,0.0036144396348770647,0.046590354348346574,0.006136475172424272,0.052994100491043805,0.045655627098329266,0.045884831654325886,0.046682682328029246,0.0026814617713781796,0.04600992882487204,0.0478881011661631,0.05164781767158788,0.038390493312754626,0.044453393222917637,0.04506349632308465,0.0382083699585225
0.02092014787061508,0.039575525881554274,0.026031227548815483,-0.00048239845968578443,0.03231236578696822,0.010184374659811257,0.03875273782986699,0.0258977541447582,-0.000540478648436149,0.030039386591156847,0.03799878450698735,0.03178091929039989,0.03441350807632698,0.06341064234603466,0.036210558473254606,0.04607606784976481,0.01094695619741931,0.030034827174420575,0.008111100066623855,0.03623630548364243,0.0,0.036151407307131844,0.02767396555390006,0.016906757185234822,0.020688049939932507,0.013141002040072458,0.015040390358955102,0.034979023762497785,0.04311975242221089,0.03288951827807296,0.038955107817022605,0.024405704763151126,0.003972354038904502,0.02544543210120548,0.013354026109264172,-0.023149503295096685,0.008495423432436366,0.026743829353197857,0.020938264967159836,0.019636861217745938,0.02368202618245774,-0.010163553814364734,0.01581183137663056,0.0,0.0008815921495365919,-0.00543116990844783,0.031368694395603136,-0.0004995781933803123,0.0,9.571440028971478e-05,0.016616232798877306,0.015497520583919844,-0.012317136215390823,0.010262683051728339,3.53436386891226e-05,0.0,-0.005789637481196319,0.023159073730765534,0.0,0.03276947249063766,0.033659124381310745,0.0,0.06416015171089962,0.0,0.07058861107877223,0.03845896340863775,0.03294617579593212,0.028760327834796984,0.046114336089893404,0.028154983977707604,0.028915574552256684,0.05552739525838063,0.02498401343358908,0.03882647169339137,0.028580871939385744,-0.006196738229090837
0.041087288859046056,0.03398184100955648,0.006864254011854476,0.009359706872270168,0.017522059326516126,0.017217280619226116,0.038988069548152704,0.02038090106469087,0.0024264728987697937,0.02528626551374019,0.007895522430871105,0.020328204879425438,0.03938646270627,0.0015535616623449933,-0.0015090653278284627,0.05813665772960808,0.027411424145845686,0.047946757853928046,0.04262879907967826,0.039622839638002894,0.036151407307131844,0.0,0.02143679858942643,0.0038154710264695635,0.03571087428360853,0.02971578630730426,0.020259768273183265,0.054673845151142264,0.04573473301312808,0.04432512885824336,0.041918681843240435,0.02235302577749021,0.03223765579056098,0.029936835683085417,0.02480870827010051,0.03132150617349283,0.01371833612136042,-0.02244554550724598,0.03551630915501519,0.03662419957821461,0.032589431311567885,0.02548714258636675,0.020039211091347375,0.0,0.0040214532928788405,0.04566292125982957,0.039216824371074654,0.032722967044612694,0.0,0.000719168881428145,0.028429385061477463,0.026923514323805908,0.01586485906236723,0.04399644599390262,0.04743656911663846,0.0,0.019719719623609244,0.0354343069107107,0.0,0.04627994974457106,0.04125829490699362,0.027924937166939612,0.04249568116808067,-1.1102230246251565e-16,0.05538947909845904,0.037799635011092736,0.04575162416581613,0.042328944834112314,0.002215839109004636,0.04326124383810359,0.04001143927769213,0.04445331276589504,0.027870256394796677,0.0398358054678109,0.014349689868508653,0.03200589207366117
0.012667954579684337,0.03934671828020997,0.0492118912161289,0.04194999069001759,0.04303668246423231,0.03276179022871972,0.04546743168018408,0.036888318477464654,0.02675216438557304,0.027369285388663622,0.0540030173553635,-0.015656247714556537,0.04127200124265168,0.06379880844621261,0.004273507106747676,0.046909105660663586,0.025083456788967506,0.03171762881744927,0.03638287985337507,0.06221360887880284,0.02767396555390006,0.02143679858942643,0.0,0.013558152381333177,0.037755609619785635,0.025898530760488703,0.03907693024988079,0.041081960309262644,0.02709739345652057,0.027965292928939622,0.043216984468366526,0.03480063559818103,0.038315920498957545,0.0350669184956216,0.028396423842374008,0.0320581404117789,-0.025376657109057843,0.008951465469628994,0.04970368871951614,0.012070330408010033,0.0389605202028952,0.027408261603216966,0.0365415539416315,0.04802510631983148,-0.006322922367579309,0.02441895769897262,0.03953266509483372,0.0862620118952615,2.980072423197644e-05,0.07137904872922674,0.038698894080557156,0.037894337660906,0.030495791881251455,0.03834776814961971,0.029837298207965768,0.09804198789114943,0.00823938620505299,0.043404500498297804,0.019449721210378024,0.040395752332137824,0.03471562846789572,0.008205086421890107,0.0354634056789237,0.04939567820637725,0.0543668637281311,0.020863302207484113,0.03896718178942349,0.03230453812107981,0.004624821285624747,0.043643354397912226,0.04007058988011569,0.04062419767697478,0.03846088839012973,0.035946980488326896,0.03269892198633373,0.038594035958280926
0.02214467927467273,0.053448560357862274,0.015366828474803862,0.007969003005368291,-0.002525553377382861,0.025471351561953126,0.024981415303183097,0.00606251030552718,0.02282218769490285,0.024417293982335664,0.0339418462605936,0.031051967797072255,0.013708050443450692,0.027943530950838624,0.015226797933475922,0.04597898426658703,0.02705220230241362,0.02055123066738751,0.029580378088195247,0.0322100367075111,0.016906757185234822,0.0038154710264695635,0.013558152381333177,0.0,0.019820186775225734,0.02091897037519236,0.017023796962561955,-0.005008914791471808,0.04640618889860626,0.07256796373278407,0.024806310002991216,0.041101954083595627,0.048346802048851834,0.0006048604939700164,-0.017874328978266574,0.035689685723775344,0.0006241013902688608,0.034910519739870194,0.030013479899253404,0.026445965155923068,-0.02060936085841164,0.08464016493767579,-0.010457222389955168,0.0017627746198903282,0.023367448459936824,0.035363043241509406,0.0469004541959237,-6.392350725942242e-05,0.0,0.0,0.025037043711678753,-0.00662161056536531,-0.0004062416596505303,-0.0021918870153511127,0.03596344150809183,0.00028977780878430837,0.05992510853134886,0.05618419814830544,0.0,0.026731655132241572,0.029474707524158317,0.013495770866175427,0.013902305390833258,0.0,0.006776063253953468,0.05761629064509505,0.020950606151602436,0.0854918689306432,-0.015459706844913212,0.004882317745725229,0.028363452637046316,0.037797537682712656,-0.01565037835402816,0.014574240579933229,0.0,-0.0016685942975493973
0.03905090854321175,0.03303953197904447,0.030736367232802486,0.0,0.027824817135539193,0.02259083058609901,0.027892108929538306,0.016547426695972256,-0.01485624240348321,0.021515203494969548,0.03062363940357915,0.013606711542628602,0.033486036020041854,5.22832425165487e-05,0.043702293948501225,0.016429156924310295,0.023480586866300668,0.03046702965332393,0.041783002063544294,0.03647446054755632,0.020688049939932507,0.03571087428360853,0.037755609619785635,0.019820186775225734,0.0,0.026159384457691393,0.03342940544834483,0.021089326950839093,0.029168970320254062,0.016854174558909085,0.014408777787578708,0.010603046530323512,0.020730545596744254,0.008410748666529744,-0.0017473499648412716,0.017134729729169074,0.0007926236633664097,0.010768030400963635,0.033926377009741715,0.045253503003335194,0.033609122935535196,0.03282931108591569,0.0011022159514268437,0.0,0.0065200258132015465,0.05296439065644054,0.042019453893778314,0.0,0.0,0.0,0.045054579306134046,0.01703531672818548,0.02844689947695539,6.306245771137142e-05,0.03774928973924663,0.0,0.06009549818392712,0.04430247046669855,0.0,0.03650239474556011,0.0420602322511317,0.0367809310959768,0.03367829724302329,0.0,0.023653568213581888,0.051956029858463926,0.03949887924379397,0.037465477190621266,0.03790207202752205,0.03518687596790282,0.04327017524364796,0.038212332440132,0.02525661286431241,0.01954884685574515,0.0,0.035777812620074845
0.028615953808441563,0.027187435004249638,0.016177887381535028,-0.0011134630757655417,0.014309544159350263,0.015044022816728064,0.046280428819098884,0.02241113854499499,0.0018095526283954388,0.04777310950024849,0.01629654638378225,0.029843745528216503,0.034156763202423834,0.009531134531548524,0.0241639874601271,0.04716856668681746,0.023571485660522196,0.029909479977595688,0.03535017849917377,0.03336512717265927,0.013141002040072458,0.02971578630730426,0.025898530760488703,0.02091897037519236,0.026159384457691393,0.0,0.016291751742244898,0.02711669828468327,0.040747358592863214,0.009026549743486711,0.02616962940140749,0.01672450170865497,0.02403546197475026,0.016594055449102862,-0.00011041260249433638,0.015049490162346801,0.025842000412182653,0.03179235930809665,0.032211377946350706,0.05448495136526438,0.036332588638947005,0.0300124930959233,0.014667666835279314,0.0,0.04849799354571044,0.032460841783494454,0.042100042559203577,0.015049988413320503,0.0,-0.0002116550279283591,0.04680570916626753,0.044872784036043445,0.018620094997329417,0.03750845564294025,0.044024595571548364,6.47690462316497e-05,0.059965491107909885,0.040359223078093975,0.0,0.03037853996888873,0.04012733916430372,0.03594420257815073,0.0355971174911649,-5.551115123125783e-17,0.03966367517564351,0.0363042863542401,0.03820556946738085,0.040766343176446396,0.03598470149941185,0.03634825579798939,0.03774612550961848,0.04681136653009127,0.027767680311514387,0.03470158978033955,6.929609275196924e-05,0.03704846052703692
0.022957364867242647,0.028529396724195133,0.036572835091480016,0.062000227483674564,0.02583544568042162,0.03091213665254594,0.035958373009452205,0.027472240632303302,0.012994012309153369,0.03235879570981037,0.02639043473813274,-0.01868728254462948,0.02359982780492048,0.05090294319622263,0.03468469994165291,0.03487054496603553,0.03210363776600966,0.03610161071616391,0.026654192664319398,0.04181899249205562,0.015040390358955102,0.020259768273183265,0.03907693024988079,0.017023796962561955,0.03342940544834483,0.016291751742244898,0.0,0.03567228305660003,0.02944233845121963,0.018098707200996655,0.03197659821067267,0.019630822841495144,0.003200301717393883,0.028566062811147375,0.01947652879269085,0.034451767616579865,0.033883537457750745,0.02361598554509664,0.04120872490023175,0.0265260739310777,0.03778738193673192,0.028454870444795444,0.0338649768677905,0.00976774307371886,0.009947962514820385,0.016727470286172108,0.03295558595502729,-0.0005146821889814301,-1.6653345369377348e-16,0.06314086767479166,0.03186401397156624,0.033490911550651314,0.025678529771347103,0.03441890461409636,0.027645113089369622,0.040401179554548916,-0.0030734202552067935,0.03767755734128497,0.03135837233366523,0.03943624251785022,0.03340668075073844,-6.036669258346894e-05,0.023722399898903346,0.028602848887985033,0.04547736516015222,0.01605653911394106,0.03411886286548049,0.023655566348798618,0.012244960590292175,0.04439636618872633,0.029385183169529316,0.03679769155414003,0.03596705257540456,0.03193112347247107,0.033343746697178434,0.037813283650090734
