0.0,-0.02406567565548995,0.016903927350594428,0.0,-0.00014486973724381347,-0.013446912552056822,-0.023819917557613923,0.027033243121539097,-0.013271122064962226,-0.007750831384418677,-5.332662388812803e-05,-0.014839081947183141,-0.02595831549853178,-0.009203284637992859,-0.05126343439173214,-0.011512820559290371,-0.020965873727229967,-0.009401899401644598,0.0,-0.014288941405379785,-0.02392062073029183,-0.020547783562327893,0.0158997092652714,-0.012624469149892958,-0.02457876380127022,-0.005729540485190032,0.006183868844041263,-0.04004732164160829,-0.0433322123350145,0.004846288383170749,-0.017073610280966822,0.004414650362971728,-0.005155250419968005,-0.010304851952741667,-0.005524584247045439,-0.036340888090441614,0.0,0.022141086887859207,-0.004630412447844123,0.04650657806010594,-0.009159370248338683,0.017804108082577874,0.0,0.0,-0.0063467484950765485,0.01118950741612873,-0.02116652425484128,0.0,0.0,0.0,-0.01015886473548322,0.0,-0.004464209512859918,0.0,-0.003453215264852705,0.0,0.01294655470344891,-0.004517594263317493,0.0,0.010759825186988314,-0.0031990105377126543,0.004455461848055342,-0.0064312078031312225,0.0,0.022182674666746005,-0.08107218693650975,-0.017961412789821274,0.006874523365629992,0.02399746304216349,0.0062904634600274845,-0.005862354126501768,0.031861102565004906,0.000306303161729804,0.006697783027036108,0.0,-0.046210912645475055
-0.02406567565548995,0.0,0.01815603765811563,0.0,0.010847624212952767,0.019291000715154605,0.007716237676217763,0.026319191703790767,0.01402899620367315,-0.05676278788797251,-0.0004532008187262404,-0.033486657766029104,0.009781593341628314,0.0,0.0032921128952405065,-0.01139852334848479,-0.006633195868230024,-0.013604734944327401,-0.009389190716467322,0.011534101303267874,-0.014546400682337923,-0.0017448628374511221,0.04599091370110153,-0.051557267646712535,-0.02074721438184174,0.004461257249140538,0.025751019604080272,-0.04841010784700245,0.0001716453551557362,-0.004397972323740451,-0.015893115841907557,-0.0053145411474292414,0.004331907943274038,-0.009734543064906287,-0.012296985773367297,-0.03271749297927329,0.004838370067238307,-0.00028899676264870777,-0.0059697105853743215,-0.00038743591425344226,-0.007154873540266338,-0.007109401850551256,-0.01003907355149175,0.0,-4.349497105798905e-05,-0.007068135918660234,-0.022337369221599457,-0.006522599113472527,0.0,-5.551115123125783e-17,-0.016068967485329322,-0.009755692884224287,-0.01649358971987208,-0.01138514124519907,0.014426824180989894,0.0,0.005091475204970053,-0.01740594414484925,0.0,-0.020832927889437525,-0.01614174713457056,-0.0053660082278909615,-0.009912835256544461,0.0,-0.0032043442616931928,-0.027328902692805745,-0.022150823764675698,-0.007386316131800019,-0.005983153636701322,-0.005512241018648001,-0.022593884735971737,-0.015560848197796462,-0.03511301467260669,-0.010890676368370489,0.010744898977058326,-0.0017697024447095866
0.016903927350594428,0.01815603765811563,0.0,0.005042818871987986,0.01212678818651275,0.01857689452471456,-0.0037459301555851088,-0.004749546282330708,-0.008466556458284591,-0.012658647860076755,-0.005130376633530831,0.00467101755070598,-0.008169775628460607,-0.01219387861154908,0.0072938254458719265,-0.012039994390547593,-0.007014465816824744,0.0007966910666211136,-0.014253242535032212,0.008853557842703363,0.008869083855357174,0.007023055381866983,0.001523873396696962,-0.017191280561536182,-0.0011098790180779639,0.0029580870819991834,-0.015913215770327116,-0.011275971827969966,0.005029247688749461,-0.02080306369343282,-0.014543857132025995,-0.011565976703194869,-0.01419384425836695,-0.012462194293542561,-0.014635929827045313,0.0029095541404679515,-0.010242634342964019,-0.027529482486118584,0.011879881042878182,-0.013028170294400454,0.005637130164223403,-0.0035764941347682377,0.0005918261352353404,0.00166504083594754,-1.6503737593098755e-05,0.0,-0.003922523459344185,0.10151806193742485,0.00018867226170565798,0.019970772156577166,0.011708448274275196,0.009345601954737104,0.022161452217641542,0.040775557300455345,-0.012775129141288866,0.09591107991690107,-0.006571134580973692,0.013893270769754107,-0.00420985527715223,0.005535504276715952,-0.000330851870909199,0.0,0.0,0.03647591409517792,0.009692047870622833,0.0007826328955597983,0.022904642132973996,0.029657009096253795,0.0,0.0,0.024102531430131857,0.013684017937573123,0.0050828702282219584,0.01499359874962125,-0.00819242727551206,-0.0015949061669685571
0.0,0.0,0.005042818871987986,0.0,-0.03344364206736333,0.007451700377854642,-0.00034880793184671743,-0.017391738229972364,-0.024874333295154927,0.06711848076283727,-0.0007298104533780547,-0.04093621955683924,-0.023783273014242545,-0.013944479915283303,0.004291980013928831,0.0,0.0002324353207857066,0.0,-0.029025425081674883,-0.004355360100446792,0.00044874627777646836,0.015097962399828635,0.04454783595511935,0.011171869203273455,0.0,-0.0011885005032447604,-0.01061086438706782,-0.023207256236992935,0.004000012166202882,0.02198406906792072,-0.06870833434411877,0.003886448715895885,-0.18621028213810736,-0.00044069991208345316,0.004378928511779567,-0.05326616485155852,-0.03231161245977471,-0.029628378134383793,-0.00064128247876033,0.0,0.0005205985314922223,0.0,0.0003304668714625425,0.0,0.0,0.0,0.0,-3.729475726144127e-05,0.0,0.0,-3.678123455230775e-05,0.0,0.0,8.731182897753209e-05,0.0,8.938527271323826e-05,0.0,-6.572837252372121e-05,0.0,0.0,0.0,0.0,0.0,0.0,0.0,0.0,0.0,0.012798048228127468,0.0,0.0,0.0,0.0071803655247322795,8.558086140592058e-05,0.00033660038067506726,0.0,0.0
-0.00014486973724381347,0.010847624212952767,0.01212678818651275,-0.03344364206736333,0.0,0.0008653122709980643,0.00015734805018657871,-0.014853107185774317,0.005232835869011299,-0.02014097384487562,-0.01893471579673639,0.007087590993324511,0.002252395956773845,0.013117771997373406,0.006927936370887511,-0.0048084491580801525,-0.002969554886054271,-0.007489945990932889,-0.008491956885598395,0.0010527994412297126,0.004412332412828901,-0.005288813342809284,0.0009216846746594731,-0.007060327559484714,-0.008492385179128648,-0.0010734894110898119,0.0009897227561071475,-0.014391172047799494,-0.00856647043696257,-0.0367312704196065,-0.018502310098639785,-0.0034729153757523945,-0.01287458366914096,0.008132408448800199,0.000229471833971151,0.006646141480030732,-0.061502461928953894,0.003799258153597551,-0.04489519858652463,0.0062766689593393155,-0.010864788053381313,-0.01706471425846534,-0.05049370488875515,9.180122935792401e-05,-0.006715477794253966,0.0,-0.011074959434293041,0.018199276584853208,0.0,-0.018764316410409654,-0.008366254351074742,-0.008928827980139942,-0.0017982737988296305,0.0021962876779740848,0.0009426722057422898,-0.0256947522423967,-0.00610337968790714,-0.012394902439664013,-0.0421955811482585,0.013117232816857283,-0.00034600344868518373,0.0,0.0,-0.0208659854478207,-0.016423294169257363,0.0,-0.009672960942882947,-0.0025176571277236715,0.0,0.00012746540785107952,-0.012074990529796159,-0.019242934641286458,-0.01669909508754963,-0.022393048289455153,-0.00227611569954167,-0.005927194795924184
-0.013446912552056822,0.019291000715154605,0.01857689452471456,0.007451700377854642,0.0008653122709980643,0.0,-0.007727658880727961,0.01172793999440147,0.00593099028476296,-0.024159318408285668,0.0033466268484578787,-0.03598397090532929,-0.007617152811725314,0.0347762857152395,0.005157989740354529,0.017498644075585046,-0.0259124937335673,0.01079020086787219,0.016376966415062477,0.006216314646139864,0.023577334778023484,0.01245439777461188,-0.0005539490731604757,-0.027955672281126498,0.004333170564647937,0.007753878846597395,0.0034239092576202057,-0.007906490140831779,0.0014034274530688173,-0.01781204821413135,-0.017296516730092137,-0.013915305049522264,-0.0047557748999607075,-0.009893091142169852,-0.008785795534076046,-0.0037430077654714844,-0.022277614899816445,-0.04200978998810467,0.007503973037547851,-0.0194585428006806,-0.0007638129756420975,0.0047309746581384315,-0.009624637961250515,0.0027235009094288554,-0.006206545920619755,0.0004086139251293086,0.016116923886975887,0.02388571057957045,0.0,0.004270504061049674,-0.005491365900884393,-0.010395969974606456,0.01229625770653453,0.00032507033517403805,0.013570696579491726,-0.0004343662860417652,0.0056392424092676086,-0.004048977171905888,-0.0051811243499458315,-0.005455357064973132,0.019652366591624615,5.551115123125783e-17,0.0117808469743661,0.020285083431251794,0.016492268537612265,0.04869687884260937,0.015088274955593839,-0.004425506920827882,0.0,0.01130313415985651,-0.0013244926201925744,-0.008450194040625192,-0.010211717143122245,0.0004818654707800518,-0.007203273601072646,-0.006214680461082478
-0.023819917557613923,0.007716237676217763,-0.0037459301555851088,-0.00034880793184671743,0.00015734805018657871,-0.007727658880727961,0.0,-0.017864131535244132,0.00520221645608171,-0.023973125157564112,0.0033435872903423425,-0.01916715490103721,0.0007179301039573205,0.013052954048622167,0.003540831913495468,0.0032483423725854776,-0.02085529578228107,-0.005626986900142572,0.009839209705407637,-0.0055391976328207915,0.008375513618730013,-0.0011219564664690096,-0.0075690102911117885,0.011728393126008152,-0.011337504268936982,-0.0070548800848898585,-0.013937532871621638,-0.02811521916917653,-0.006390690066687077,-0.018074331913485064,-0.040775306515051235,-0.0011610762262500574,0.005149359187620273,0.017496440802616753,-0.0050289333955163,-0.015842265861550298,-0.10195744588249683,-0.0049498135940574395,-0.02564797748268144,-0.030217017492992715,0.013570248388600104,-0.039295238556608214,-0.052585505147471734,-0.0002409434182227277,-0.015407799169259051,-0.0003314789790195838,-0.00913640311836722,0.011804603265561542,0.0,-0.007531997509973909,-0.004471119166325477,-0.008761785027404767,-0.007104260917969896,0.006275966925685883,-0.013380943573251702,-0.03943994941424683,0.0021861446495447523,-0.008614362436436318,0.010288479416086072,0.009490446807910391,-0.0035848615143951323,1.1102230246251565e-16,-0.0003260405404967859,-0.002171288983034425,0.001320455678810173,0.020476196330687813,0.016094810585930375,-0.0016884653661991544,-0.014090268387329907,0.004562411538135469,-0.004194952496402116,-0.011450690974241895,-0.013593563145266885,-0.010342636124334725,0.002286752353581334,-0.015161774081532742
0.027033243121539097,0.026319191703790767,-0.004749546282330708,-0.017391738229972364,-0.014853107185774317,0.01172793999440147,-0.017864131535244132,0.0,-0.005656224666169718,0.005957566757868515,-0.05286326012012327,0.022185311337717784,0.001497591425196565,-0.03441560563269308,0.02579077564123511,0.014141244839124878,0.0048591936169224414,-0.003516744491939894,-0.07364094107308389,0.02030410920985176,0.031424648164359636,0.0018512992802846573,0.012223239161213206,0.01626099460837993,0.018838063130373506,0.021151431476065408,0.0014104401853886617,0.0035662812392624477,0.013474177291214584,-0.005025215784645265,0.003951294996730748,-0.031357957659049474,-0.09442353860266112,0.005095609611422747,0.0033879083039869418,-0.05067938532960292,-0.0943512841032772,0.04946269912952145,-0.040755046341413026,0.021220413818018424,-0.0030526443699692707,0.01433596014853511,-0.050794294986217126,-8.527517406597962e-06,-8.507255007378367e-05,0.0011017772253016922,0.001947869581058026,0.01777656777017933,0.0,-0.0180354436856075,-0.01564391545941135,-0.00983772381966308,0.01767003550961732,-0.009906799659353593,-0.00442496198725284,-0.04257343184603718,-1.1102230246251565e-16,-0.004690271976578286,-0.025519391430642246,-0.014378616922468335,0.01964311544759323,0.0,-8.918254803813586e-06,-0.03259008636706656,0.012953187062111515,0.04696800293230896,-0.016389300383607086,-0.004343194115432936,0.0010605407564443503,-0.005816648429502247,-0.008384019882933136,-0.0068111226444816375,-0.010256817897435655,-0.005768295188870731,0.00014229047811559203,0.00533492052084128
-0.013271122064962226,0.01402899620367315,-0.008466556458284591,-0.024874333295154927,0.005232835869011299,0.00593099028476296,0.00520221645608171,-0.005656224666169718,0.0,-0.0009021369887888819,-0.020270703716627536,-0.0032558232653330244,0.019893590837212816,0.0009464561170756114,0.00441372264137968,-0.005336885720153894,0.007534083292668747,0.00010145088107510469,-0.05067295727779797,0.0005887471207910444,-0.012814308626036164,0.004150142861318151,-0.005243272908212859,0.0016756053485285638,0.0076348245971616935,0.016144505172253354,0.006186643251404111,-0.003520107603125877,0.0056501100383158365,-0.027075611770049413,-0.006384357853411682,-0.012880561175196148,-0.004745650540639912,0.0008341153645028965,-0.01216027147795029,0.00577397220682524,-0.019935663583885543,-0.006976032374600649,-0.02793819981654505,-0.02456281758842832,0.009433629814945554,0.0109393061952886,-0.007804224578793095,-0.02767237835911912,-0.0077898521967513235,0.0,-0.00649344475667063,0.04707331373230261,-0.007445120403786976,0.006616971601098864,0.0022906406302547477,-0.006171236020057647,0.016346380890609358,0.009283911255729693,-0.02490976486727431,-0.024549107220969646,-0.012678196230101135,-0.004361764740004603,-0.010422536189655829,0.0026480305759404854,0.001469528410048826,5.551115123125783e-17,0.0,0.004702769813727747,0.012507458968568252,0.016346955455675494,-0.011644792729246622,0.008265823183779886,0.00033566391403666573,-0.0008283416111657393,0.0006742874319065062,-0.010372440070212319,-0.005612888400543414,0.011207756737089347,0.009893800355826765,-0.014761405632550573
-0.007750831384418677,-0.05676278788797251,-0.012658647860076755,0.06711848076283727,-0.02014097384487562,-0.024159318408285668,-0.023973125157564112,0.005957566757868515,-0.0009021369887888819,0.0,0.004579229944840613,-0.04113345704994467,-0.008858994184252122,0.024228226126989605,0.006369645921741995,-0.0059331474108791915,-0.04283974763645115,-0.041318927477134615,-0.006843552201207803,-0.012918560553836334,0.021514140659492254,-0.024349035918285133,-0.006492509829818638,-0.01366567746213404,-0.008631928819962331,-0.08181335975226403,-0.02430285615246136,-0.023592134615669003,-0.03381956814544451,0.005022096893060268,-0.0380056452265784,0.0135475710083795,0.004053061809726255,-0.0065327098855417765,-0.02045925075450139,0.025692286188880198,-0.021420076857372072,-0.02720145534154156,-0.091602400780467,0.09977107749400899,-0.009289508384357603,-0.02164677684278643,0.022309846616851203,0.004107077278504456,0.07943324141524566,-0.0011095674306774161,0.08565892005957215,-0.0028348675682002833,-1.1102230246251565e-16,1.6653345369377348e-16,-1.773255473569435e-06,0.02753554818683246,0.00041671186973246677,-0.004638104583253422,0.03418241515757192,-0.008821779389684703,0.03530756155839826,0.007807931136909696,0.0,0.0007589530893211682,0.0036943129109585082,0.03257791386231845,0.03657093926985183,-1.3488577612852382e-05,-0.0017823808208196068,0.00017043993361010035,0.01171256542447735,0.0015714233080770246,0.03767165568131614,0.035076986941488586,0.0368237068077204,0.007304984102855294,-0.00393637435099331,0.0008604766504584638,-1.1102230246251565e-16,0.06240846242789361
-5.332662388812803e-05,-0.0004532008187262404,-0.005130376633530831,-0.0007298104533780547,-0.01893471579673639,0.0033466268484578787,0.0033435872903423425,-0.05286326012012327,-0.020270703716627536,0.004579229944840613,0.0,0.03811246672204088,0.013772677192823657,0.013163146710770457,0.0,-1.013138620165055e-05,0.01038081488674869,0.014657443372884604,-0.019762872511328383,4.656252149853879e-05,0.00584783571041142,0.008569025459610025,-0.025167301367454653,0.032773662513380375,0.008483151351095453,-0.0030195401043473513,0.01599914903844557,0.007048848193964619,0.022803494788832313,-0.002404042183948185,0.00978030540437319,0.03081550114272691,0.029144202477656922,0.0229075423563585,0.011346995215281375,0.025774883618223943,-0.0725909214657336,-0.0050959423839033735,-0.0227825967950272,0.0036506999858419986,-0.004629154009338277,0.003045731394396345,-0.022319126951255874,0.0007982283380660871,0.0008123325362369704,0.0,5.551115123125783e-17,0.08908244913646662,-8.171788317445916e-05,-0.04544270344217988,-0.002143708557770685,-0.01853985141563963,-0.0031764374931114725,-0.11748967961184908,-0.022506972442893625,-0.04332861467796392,-0.003441330319115199,-0.012104474282631894,0.003201751239834738,-0.0004620590663335644,0.0,0.0,0.0,-0.027882622142541003,-0.008143427791165725,0.0,-0.01974909841194794,0.0017508003347830314,0.0,0.0,-0.004597194558464357,-0.017393441610832783,-0.011109841208697568,-0.009641998830927812,-0.000982403235881113,-0.01585331048468064
-0.014839081947183141,-0.033486657766029104,0.00467101755070598,-0.04093621955683924,0.007087590993324511,-0.03598397090532929,-0.01916715490103721,0.022185311337717784,-0.0032558232653330244,-0.04113345704994467,0.03811246672204088,0.0,0.0038839371558988534,0.003923363240921185,0.01243900685551852,-0.019281016217949698,-0.006801037188997772,0.0032882978193226053,0.005039250791254057,-0.033794781341960234,-0.005881959702439765,-0.05424760230199527,0.013784544211230376,-0.0210007813071022,0.0066543937293949695,-0.01574801605769366,-0.036036274141964086,-0.02482323682881704,-0.04475433106086518,0.0021702894604335166,-0.028275890698132522,-0.03407491113054961,0.033407559762431815,-0.005293545135539035,-0.03246536964145735,-0.033652436327198054,-0.10460713966515817,-0.0073556222788190295,-0.07090798031440373,0.08286662903122294,-0.09591235030747985,-0.055213857871275585,-0.006882888339366844,-0.002390281750528356,-0.054032432523916984,0.027195448319591087,0.007936207301451559,-0.005186623544416458,0.0,-0.00020263957932242782,0.003895719494013794,-0.011501260061891672,0.0,-0.005748095234844319,0.03034635356621118,-0.005589907463766641,0.036481884666163256,-0.009485300848538436,0.0,-0.007675751205673376,0.016530034784654868,0.04038779116742386,0.04200866383346352,0.0,-0.007120406938785739,0.00010304434115204764,-1.5331686591013582e-05,-0.11113396195935227,0.03256061362480811,0.043896886742417984,0.04175513385800378,-0.05751416717419228,-0.01782873061085516,-0.007898818137163366,0.0,0.03450340601326196
-0.02595831549853178,0.009781593341628314,-0.008169775628460607,-0.023783273014242545,0.002252395956773845,-0.007617152811725314,0.0007179301039573205,0.001497591425196565,0.019893590837212816,-0.008858994184252122,0.013772677192823657,0.0038839371558988534,0.0,0.017721562228792898,-0.0052205071981584195,0.006052682459722958,-0.006182607106619775,-0.0028796485574957287,0.005286729109964083,-0.007441341540733115,-0.00027388634944053303,5.9702936104133464e-05,-0.006157819037304335,-0.01635388931216547,-0.008366247567589191,-0.006462630995519303,-0.01436701741898283,0.003447677454212983,-0.007394195714790053,0.014209603084324007,-0.008459096299661517,0.002315486632388064,0.01355370768310965,0.022753265581598237,0.005555689771387207,-0.01334658104566322,-0.07054552409611042,-0.014900518767742787,-0.05591019143084386,-0.017601393885952,0.01592453271856148,0.017955469781339106,-0.01301981941726299,-0.008402780328117476,0.004987952865267986,0.004721252084719019,-0.009085553335165253,0.03249862539054105,0.0,0.0025648078034810062,0.00019528008526958907,0.0032660310912819845,0.008539906194553248,0.0036848655604001523,-0.008062024650175192,-0.021575918102076097,-0.009427141015213247,-0.0077859683056547,0.0007537461954807423,-0.012865856073211057,-0.004218532475239456,-0.001136848553309977,-0.003999950973258171,0.03312313110925347,0.00050583429051132,-0.0005831292316114123,0.004663589227795251,-0.006234034375038444,0.003611335528906745,-0.0050685647563334935,-0.005819517276839048,-0.009869038061428692,-0.015509081275734637,-0.011282406838800108,-0.0156391063632641,-0.011187179297219463
-0.009203284637992859,0.0,-0.01219387861154908,-0.013944479915283303,0.013117771997373406,0.0347762857152395,0.013052954048622167,-0.03441560563269308,0.0009464561170756114,0.024228226126989605,0.013163146710770457,0.003923363240921185,0.017721562228792898,0.0,-0.009812378455324677,0.0,0.0,0.0,-0.015621651713082663,-0.0064629288548921915,0.001428927373749611,0.04486710855726739,0.007883051415211562,-0.05479244063565003,7.977297227301783e-05,-0.009805382319672873,0.040295079613207996,-0.0040631971160456914,0.06881389474336147,-0.0002249434066941558,0.006269439062792204,0.13906825766299818,0.013230124190317494,0.05682792574452067,0.024164264008697756,0.008527128329080758,-0.007012619083973631,-0.015353220006481316,-0.00458268592262151,0.0,-0.0006912584964814394,0.0,-0.015604200945134261,0.0,0.0,0.0,0.0,0.03277217285306111,0.0,0.02890469294137843,-0.01157392265838747,-0.024545580428539604,0.001519441517679132,0.005456591108176423,0.0,-0.023567420015223883,0.030536456954640467,-0.026033787949051257,-0.03806120715779476,-5.551115123125783e-17,0.0,0.0,0.0,0.03322121063497829,0.001021632218201396,0.0,0.0,-0.019793387278019048,-0.0002973173048971822,0.0,0.0,0.024402386225339745,-0.007220318537816295,0.006063821888634302,0.0,-5.551115123125783e-17
-0.05126343439173214,0.0032921128952405065,0.0072938254458719265,0.004291980013928831,0.006927936370887511,0.005157989740354529,0.003540831913495468,0.02579077564123511,0.00441372264137968,0.006369645921741995,0.0,0.01243900685551852,-0.0052205071981584195,-0.009812378455324677,0.0,-0.011080605733854498,0.011753382005599333,-0.0248357295522737,0.0,0.014125368361397661,-0.008019156384725223,-0.010256172522793205,0.017802497703853337,-0.046241420536920486,-0.0005682332439693738,-0.022540995763266736,0.024003389156444843,-0.005532016440278231,-0.0018616863337556078,0.011594179401403504,0.0002174560476260745,0.009382753908048602,0.021533776620458134,0.007661093988014234,0.007357783696589459,-0.0022138204096592284,0.031520663908078894,0.014856059735469163,-0.0031109307814431997,-0.004545611618538392,-0.008917968390018183,-0.01270508770896539,-0.02734758688418437,-0.0005517427527953478,-0.02579270673590711,0.0007175776892594521,-0.01388474869726658,-0.0024618012513136778,0.0,0.0,0.01665698352695344,0.0019012065781133791,-0.024138990196627685,-0.010619467907830193,-4.128852117396553e-05,0.0,-0.005782584123773027,0.008545551082408454,0.0,-0.025086238686953755,-0.0035501710860836866,-0.00047437709335529377,-0.0070763075396588215,0.0,-0.009935792827656054,-0.002537974673989085,-0.019669570900956,-0.019220568476055744,-0.006768482241911289,-0.007271206799111363,-0.022724862090333087,-0.008903315151845559,0.0035186204602246085,-0.0032547076577366663,0.011353717869788282,0.0021727682955318683
-0.011512820559290371,-0.01139852334848479,-0.012039994390547593,0.0,-0.0048084491580801525,0.017498644075585046,0.0032483423725854776,0.014141244839124878,-0.005336885720153894,-0.0059331474108791915,-1.013138620165055e-05,-0.019281016217949698,0.006052682459722958,0.0,-0.011080605733854498,0.0,-0.008625909636809148,-0.012399613296788514,-0.0010223058790957418,0.0064307968064639676,-0.01440242788309437,-0.002552550814849508,0.017092586035895474,-0.027040224089334874,-0.03100589063505721,-0.015997167706045146,0.013107019872796388,-0.00674532443586362,0.0016023834358149247,-0.005244309055578267,-0.0038516998662094792,-0.003452742835172551,0.021666999711450308,0.01060827330953762,0.004452614461122106,-0.012592836722753131,-0.00568391058433132,-0.01950843716217926,0.011188568721242964,0.010795880875855313,0.0149363705856157,0.020095483702107952,-0.0032437803292663103,0.0,0.0,0.009871404168510622,-0.006961866887894463,0.0,0.0,0.0,-0.005515164277285989,-0.00619752057643963,0.028196736090743413,0.0,0.023706609575983584,0.0,0.002007422829915728,-0.027813687635403983,0.0,-0.018366301263095186,0.004892877419021779,0.005151476472555538,0.006476022992971231,0.0,-0.0010067371374182232,-0.012946656562426773,-0.009251819671553807,0.002351522465815381,0.02418267174614569,0.012041897809442759,-0.000595394320050624,0.003065805851979686,0.042295490036670935,0.008348928789809917,-0.000145364941473769,0.014054808440222055
-0.020965873727229967,-0.006633195868230024,-0.007014465816824744,0.0002324353207857066,-0.002969554886054271,-0.0259124937335673,-0.02085529578228107,0.0048591936169224414,0.007534083292668747,-0.04283974763645115,0.01038081488674869,-0.006801037188997772,-0.006182607106619775,0.0,0.011753382005599333,-0.008625909636809148,0.0,-0.06923808780165475,-0.01680130292175608,-0.01085888516785355,-0.005367008224508529,-0.004806363061557406,-0.01730691787997074,-0.006777029588115768,-0.005242809434305051,-0.002107677251951434,-0.018711980175869503,-0.013687691747482578,-0.021513200373166175,-0.02213845993511332,-0.025826724487823305,0.00388232710478692,-0.010876120115644095,-0.01889991056261442,-0.03175287890485978,0.017952581075632135,-0.009232877565197528,-0.005909403844564787,0.01691455130538244,0.07679491428418961,0.01778322764291551,-0.0027641612497404378,0.0,0.0,0.022937769440203815,-0.055207890339254884,0.014615403277575267,0.0,0.0,1.6653345369377348e-16,-0.0004327362709718452,0.0001207580980437939,0.0,0.0,0.0035239510636148608,-0.00021431320806697407,0.004544286820920507,-0.0015651827815649222,0.0,0.0,0.012041386953818733,0.023976084220801774,0.03188544089376949,0.0,-2.976452241848504e-05,-5.551115123125783e-17,0.01286282326430549,-0.0003017332151105112,-0.01371416434635464,0.0219758465981858,0.01647358485973044,0.0,0.008414569296524788,-0.0012087037577291349,0.0,0.008077471264399894
-0.009401899401644598,-0.013604734944327401,0.0007966910666211136,0.0,-0.007489945990932889,0.01079020086787219,-0.005626986900142572,-0.003516744491939894,0.00010145088107510469,-0.041318927477134615,0.014657443372884604,0.0032882978193226053,-0.0028796485574957287,0.0,-0.0248357295522737,-0.012399613296788514,-0.06923808780165475,0.0,-0.0014938885245425193,0.004449206895257407,-0.023456814210698507,-0.00873941911495929,-0.004657485987725973,-0.014279904264545062,-0.020384965488929208,-0.00604320638593403,0.008178998638783963,-0.01109229758471142,0.002309725758399772,-0.017618843361038583,-0.007395235706774694,-0.0064716274931374,-0.020852251635832042,-0.007442500578597133,-0.013680530959844672,0.03443258967638119,0.0,-0.0012905323399484692,0.013025248735888506,0.0436145128348413,0.020864800133793604,-0.004015178092142857,5.551115123125783e-17,0.0,0.010460160488792003,0.009705532482767065,0.007971189945501389,0.0,0.0,0.0,0.010303828212091692,0.00011340431382916849,-0.009272113217196731,0.0,0.016353849455958913,0.0,0.012835915111405527,-0.0018625294655425506,0.0,-0.008952795412184855,0.0021103807753228288,0.019661375104145618,0.014395048686123513,0.0,0.028039326722318736,0.0030164235489545943,-0.016867775431413545,0.029358759665345624,-0.014832019739248081,0.015763467936766806,0.011632897201742876,0.03207198094536029,-0.0016573229945550105,-0.0006546446481358603,0.0,0.010162535207634993
0.0,-0.009389190716467322,-0.014253242535032212,-0.029025425081674883,-0.008491956885598395,0.016376966415062477,0.009839209705407637,-0.07364094107308389,-0.05067295727779797,-0.006843552201207803,-0.019762872511328383,0.005039250791254057,0.005286729109964083,-0.015621651713082663,0.0,-0.0010223058790957418,-0.01680130292175608,-0.0014938885245425193,0.0,0.006466582294284207,0.005282387982748993,0.00021936507423281348,0.014685079387611322,0.009640270484784774,0.00690819563407391,-0.006640000167285776,0.006029862816682385,-0.004334452568724445,-0.013195399339821667,-0.0060077332599321465,-0.010386208937677277,-0.014721685539749119,0.016922033754107946,0.007602007810365519,-0.021344973065273887,-0.007591061417313916,0.0463977852367331,0.005029166415054409,-0.06959734689234243,-0.016249678664470024,-0.0014980788421901092,-0.003540499211150183,-0.053840408306111975,5.551115123125783e-17,-1.6653345369377348e-16,0.0,5.551115123125783e-17,0.08925151443859447,0.0,-0.024372891988015843,-0.024187554102639175,-0.01982586426402111,-0.034538863398730135,-0.01961789629995303,0.0011461433095369955,-0.0878694348390891,-0.0007770981217791739,-0.01947873493451724,-0.031137506819905736,-0.0010038547023289435,0.0,0.0,0.0,0.01971044019217172,-0.006888168037516296,0.0,0.005159772201405677,-0.02514743190972113,0.0,0.0,-0.0065138259267638055,-0.028651448359405585,-0.001183449500092082,0.028989237051723182,0.00040017016129734184,-0.00035825854455495687
-0.014288941405379785,0.011534101303267874,0.008853557842703363,-0.004355360100446792,0.0010527994412297126,0.006216314646139864,-0.0055391976328207915,0.02030410920985176,0.0005887471207910444,-0.012918560553836334,4.656252149853879e-05,-0.033794781341960234,-0.007441341540733115,-0.0064629288548921915,0.014125368361397661,0.0064307968064639676,-0.01085888516785355,0.004449206895257407,0.006466582294284207,0.0,0.04249576067664129,0.004258994853860998,0.0009723470097550702,-0.040826002203473655,-0.0029554783809284113,0.0054047839634076,-0.001421337133020506,-0.01369624908081818,-0.010443925735681814,0.026499102529849383,0.005132474741752657,0.013187662868777705,0.025819412901796346,0.01594318674942491,0.014806917917621731,-0.02933794417578167,-0.00632904706523113,-0.004074267726186076,0.027103708047617747,0.002418328872259623,0.014350728798945278,0.014550905878068177,0.05649486897797035,-0.00010061110275949581,-0.015614135445145838,0.003939853171338881,0.005428546475475138,0.017778405333151115,0.0,-0.017335661193105423,0.01030941563667681,0.009426123779781193,0.00816234473281352,-0.013027177882652563,0.000517929305232423,-0.03156836589810169,-0.01234365802317855,0.006870678364169158,0.0,-0.014110942955396888,0.008318485476351223,-0.005570703360324558,0.010057526463457644,0.006255442314242021,0.01313931880837832,0.030427184512640648,-0.0018136785465860394,0.009461671994249521,-0.0012937481180481103,0.0054382983765852155,0.0017817107584937597,0.010865941168172633,0.008231453688790802,0.011474328708754311,0.02491852974081532,0.024617517710720016
-0.02392062073029183,-0.014546400682337923,0.008869083855357174,0.00044874627777646836,0.004412332412828901,0.023577334778023484,0.008375513618730013,0.031424648164359636,-0.012814308626036164,0.021514140659492254,0.00584783571041142,-0.005881959702439765,-0.00027388634944053303,0.001428927373749611,-0.008019156384725223,-0.01440242788309437,-0.005367008224508529,-0.023456814210698507,0.005282387982748993,0.04249576067664129,0.0,-0.01578892296399792,0.02691458722126583,-0.012187594277510594,-0.016955589876633093,-0.02223230457960168,0.04159485736422608,0.013390807157286355,0.03677970425751376,-0.0021681972669226335,-0.02119130472069547,0.0027627284622132042,0.045990244328025565,-0.017448586719350456,-0.04616649873489209,0.006924041268192849,0.02354705167559107,0.013208068661246186,-0.0041895476161048495,-0.0020534539657242057,-0.023272250845712383,-0.009729448289283626,-0.019420389933726745,0.0,-0.000710994483375138,0.039394662960445526,-0.016822113610274192,-0.0007622487713174753,0.0,0.000146039568950318,0.008073559416988174,0.02383403474492407,0.04776189569112482,0.006158750292007686,5.3926783677993306e-05,0.0,-0.004590843382497378,0.006476909550331145,0.0,-0.04142783715884807,0.0013492824438133266,0.0,-0.006270998107107739,0.0,-0.000652576110993508,0.014018699469646456,-0.02586728603327465,0.005769326287102194,-0.058547502134562,-0.0017744751200557962,-0.019817816996581583,0.004158092689571291,0.00016652937016181646,-0.00501067236690983,0.019237116695834,0.006576381323550817
-0.020547783562327893,-0.0017448628374511221,0.007023055381866983,0.015097962399828635,-0.005288813342809284,0.01245439777461188,-0.0011219564664690096,0.0018512992802846573,0.004150142861318151,-0.024349035918285133,0.008569025459610025,-0.05424760230199527,5.9702936104133464e-05,0.04486710855726739,-0.010256172522793205,-0.002552550814849508,-0.004806363061557406,-0.00873941911495929,0.00021936507423281348,0.004258994853860998,-0.01578892296399792,0.0,0.031674224629268666,-0.02483700821672341,-0.01654732842430867,-0.012510877970790757,0.010375048088309913,-0.027564917233988073,-0.008040264036457911,-0.02808831618637131,-0.0005170358178688828,0.0101483202283158,0.019629459781005387,0.009842782752270185,0.006287955847501525,-0.12470031127328535,-0.005564803550840658,0.02258889668190356,-0.00048761341478686937,0.005935063992398848,-0.011426037835617853,-0.013267416854771952,-0.02613119016631471,0.0,0.013985653757596028,-0.006048986770221254,-0.020634174002256256,-0.008707970948774735,0.0,-0.00030360628581233007,-0.01232362239746504,-0.014802717172670177,-0.012113703908814166,-0.004956178684850765,0.00231119872587926,0.0,-0.020761854859468132,-0.011058541703849956,0.0,-0.018693175397300754,-0.01469251993210935,0.012747225561963227,-0.006092824444500322,-1.1102230246251565e-16,-0.003245226559267511,0.011820363422901936,-0.009997059085617488,-0.014557185742931633,-0.014023841379213697,-0.009199853810043956,-0.024168370413356288,-0.0038038682975758964,0.01594430528304852,-0.007354413160283457,-0.01272190547651958,-0.00870369788394576
0.0158997092652714,0.04599091370110153,0.001523873396696962,0.04454783595511935,0.0009216846746594731,-0.0005539490731604757,-0.0075690102911117885,0.012223239161213206,-0.005243272908212859,-0.006492509829818638,-0.025167301367454653,0.013784544211230376,-0.006157819037304335,0.007883051415211562,0.017802497703853337,0.017092586035895474,-0.01730691787997074,-0.004657485987725973,0.014685079387611322,0.0009723470097550702,0.02691458722126583,0.031674224629268666,0.0,0.0035700030381745074,0.007020636290464566,0.016579230396011946,-0.012342589401588666,0.01026930439841589,0.03077378634897543,0.0205324796458074,0.013844613866680844,0.0247067643203171,0.02265674725328859,0.012521607172265081,0.020576011750245593,0.011220884353871308,0.014587318362287716,-0.005678397748570541,0.00888343498275701,-0.030820779066945303,0.006871796628799998,0.03337167677429864,0.0022972559693197336,-0.0066756060527394245,-0.01962098422666725,-0.014185887100217065,0.017056553977142064,0.03580559014868834,4.546948952377505e-05,0.00746974895089203,0.0018292947660979442,8.968542730425355e-05,0.021667675323473135,0.0035078331388554984,0.003168716656772763,0.01939424084939778,-0.027574975687650993,0.004343803639139221,-0.006639219099422888,-0.013250053882946589,0.007729673118709646,-0.005394536389989879,-0.00504513489129238,0.05185899438468489,0.013403348566188189,0.03878658666415846,-0.00023882734352348445,0.008768090347797686,0.006410068460777352,0.006776446755163645,0.007026102151896585,0.0006370188852510283,-0.0014237371382785913,0.0058033779627958415,0.0008408082023753094,0.006465497343750015
-0.012624469149892958,-0.051557267646712535,-0.017191280561536182,0.011171869203273455,-0.007060327559484714,-0.027955672281126498,0.011728393126008152,0.01626099460837993,0.0016756053485285638,-0.01366567746213404,0.032773662513380375,-0.0210007813071022,-0.01635388931216547,-0.05479244063565003,-0.046241420536920486,-0.027040224089334874,-0.006777029588115768,-0.014279904264545062,0.009640270484784774,-0.040826002203473655,-0.012187594277510594,-0.02483700821672341,0.0035700030381745074,0.0,-0.009768162932607904,-0.010288051246376828,0.014912527941445763,0.007605206365721873,-0.04917151240074441,-0.025725436434690052,-0.01986394850261569,-0.023591795845510133,-0.01084884446843215,-0.017066366153393575,-0.04178900342279562,-0.024411676872432453,-0.08114191170966578,-0.02306497959925341,-0.07413699329290746,0.11417975324602819,0.05568802044678578,-0.1276779646513091,0.003671374455141041,0.0014896404962427279,0.08974316522222403,0.019907704100031398,-0.008855160118999672,0.013585205378853604,0.0,0.0,-0.010552232462832156,-0.001266277637539448,0.00044749145776901145,0.00023999767788179804,0.016354983558196423,-0.03935681445863021,0.02019776363778658,-0.0072751015950910936,0.0,0.005178793586621877,0.01025934031408976,0.02024698970004385,0.022443099438220537,0.0,0.00025380267294966563,-0.0009896273440249126,-0.0021979336348173506,-0.013720920150976035,0.009788628962571433,0.014551273292579214,0.005972956383794026,-0.008149414657828091,-0.05868677066036193,0.013939405425544948,0.0,-0.001338323971595612
-0.02457876380127022,-0.02074721438184174,-0.0011098790180779639,0.0,-0.008492385179128648,0.004333170564647937,-0.011337504268936982,0.018838063130373506,0.0076348245971616935,-0.008631928819962331,0.008483151351095453,0.0066543937293949695,-0.008366247567589191,7.977297227301783e-05,-0.0005682332439693738,-0.03100589063505721,-0.005242809434305051,-0.020384965488929208,0.00690819563407391,-0.0029554783809284113,-0.016955589876633093,-0.01654732842430867,0.007020636290464566,-0.009768162932607904,0.0,-0.005543592613079962,-0.0017112701044457168,-0.01589129930579458,-0.005937585919573274,-0.08306234647170269,-0.01009939010750327,-0.002533054959817871,-0.015362350111874479,-0.0033403620023979563,-0.01590889605551854,0.01929073757916211,-0.0006156867625542461,-0.046337867866288296,0.01256713083742561,0.03127008774827045,0.018699782089352135,0.010494706070659887,0.0006864098845359989,0.0,-0.004124385988646284,0.0072903170262011985,-0.02190580633589262,0.0,0.0,0.0,-0.009614368829995501,-0.0031876052381136777,0.004449764413497759,9.621973405499196e-05,0.015353130509866197,0.0,0.005837158414841781,0.0037483922839847694,0.0,-0.01552554618948282,-0.0076031779228343255,0.020135014754843306,0.011671459237631077,0.0,0.005287742448805699,0.001398888937106768,-0.005165275176295114,-0.007466522006477794,0.012287008682321798,0.008237565222029286,0.00942787042834592,-0.0013803211769090051,-0.0109830269847494,-0.001217733999612891,0.0,0.009261373987326849
-0.005729540485190032,0.004461257249140538,0.0029580870819991834,-0.0011885005032447604,-0.0010734894110898119,0.007753878846597395,-0.0070548800848898585,0.021151431476065408,0.016144505172253354,-0.08181335975226403,-0.0030195401043473513,-0.01574801605769366,-0.006462630995519303,-0.009805382319672873,-0.022540995763266736,-0.015997167706045146,-0.002107677251951434,-0.00604320638593403,-0.006640000167285776,0.0054047839634076,-0.02223230457960168,-0.012510877970790757,0.016579230396011946,-0.010288051246376828,-0.005543592613079962,0.0,0.009266817255807136,-0.031171845773742435,-0.01672288262730437,-0.08798530936812321,-0.018373208785308903,-0.0005767959532306799,-0.009135543752444408,-0.007384687481796548,-0.006829364259773485,-0.028143698116746996,-0.012094819564809955,-0.008414193575214779,0.0014924679012532915,0.026479940293592907,0.002702901449988526,0.008072572935278022,-0.025226394815534847,0.0,0.0008934606387681066,0.0082867351182363,-0.014927537980732986,0.05360513722817267,0.0,-0.0003229400064280741,-0.010500512566937625,-0.009823515546327488,-0.015785522725441148,0.004721922915023435,0.009586607481104514,9.882362073382334e-05,0.00434438256284797,-0.004560272561498213,0.0,-0.026929191720917012,-0.007203470913185905,0.02386100765475213,0.01316788854222406,-5.551115123125783e-17,-0.014065862993849376,-0.010065067299761588,-0.02020267841904838,-0.013618881703468255,-0.00668379262087293,0.00857463677563508,-0.0031457778612745124,-0.01746442623581812,-0.012837969727988896,-0.008606529794830176,0.00010573091911769694,-0.00044605704100125765
