0.0,-0.024346220627440684,-0.08247906325429494,0.0,-0.008847222416024259,-0.04501928969528862,-0.02732235949915751,-0.0025123617559978384,0.01909506934504679,-0.038435859462100985,-0.0004974492845551959,-0.018204815607751,-0.035589492790198185,-0.004815244924484985,-0.010151137248635866,-0.020041969466126908,-0.02592301440878092,-0.024043441640770602,0.0,0.008905241834904876,0.037909563133175395,-0.012183666474534005,-0.023328254243039692,-0.010255785759067715,-0.037609306069456894,-0.008828585816997414,-0.0403221635925054,-0.028240587077334678,-0.0014285995816715746,-0.01904423314390602,-0.022728520676843722,-0.02200995672839423,-0.019884492947480847,-0.020998212445819397,-0.018827307748808697,-0.015446574334728402,0.0,-0.03511140945670643,-0.027306364133647676,-0.03172072653849939,-0.035412557604483696,-0.017766965932589696,0.0,0.0,-0.039149088022602196,0.03355189842463829,-0.024776978049655285,0.0,0.0,0.0,-0.03203653062797096,0.0,-0.02231306671497213,0.0,-0.0216602727744703,0.0,-0.024729651594695035,-0.0377849524023291,0.0,-0.02578766591429943,-0.027640535269938815,-0.030682219531719956,-0.023123240181135485,0.0,-0.04586920836771735,0.01797827615576636,-0.026104129231933337,-0.028244092794056708,0.05903703142403938,-0.017580427299743573,-0.022871585777500814,-0.016090443964251022,-0.0003781987022428712,-0.04897675394233392,0.0,-0.025857175522187303
-0.024346220627440684,0.0,-0.029063902427792,0.0,-0.021287242030179787,-0.020376271518120992,-0.02877825291922026,-0.03876641445502471,-0.009840946485691171,-0.0028912021805453936,0.0006701014363461044,-0.03137196150067956,-0.029202573548123778,0.0,-0.02618149429995087,-0.02019264413750238,-0.02858423783103109,-0.025021789448786635,-0.024073498967704665,-0.018186474288206467,-0.030142035676517964,-0.022806220942109323,-0.04285988820364384,-0.02601753971970916,-0.0257710359906419,-0.016723138894783107,-0.030734677455936665,-0.015110640069020742,-0.02656143137058059,0.004299612069928904,-0.029728832494702817,-0.032480273014477645,-0.03334524260586452,-0.029417513514077454,-0.0315357177308464,-0.1258329956568393,-0.010379639819692699,-0.0003439427333489231,-0.02123041861134317,-0.021261413365489812,-0.03399236050894555,-0.024768184476770705,-0.026234635221105085,0.0,5.370411952460019e-05,-0.010694213190131252,-0.03140622145579919,-0.002345539756639259,0.0,-5.551115123125783e-17,-0.037457169822517344,-0.035002360688495326,-0.033505244514146104,-0.04288572667122642,-0.035526949638369776,0.0,-0.026368217848665276,-0.04140003310270246,0.0,-0.028272768552016936,-0.022352826713533835,-0.02451011779410922,-0.030566720042664086,0.0,-0.014783498616548485,-0.02806576030461927,-0.021187266339010746,-0.030383047497195503,0.009692389398362589,-0.020973191366565946,-0.018776404967355498,-0.03403613983552661,-0.025281433844045242,-0.026605419882728742,-0.003045453370864537,-0.02428308179192895
-0.08247906325429494,-0.029063902427792,0.0,-0.049828715551711755,-0.02240352583776556,-0.031012702206963616,-0.04549254962619409,-0.0292779735114167,-0.004365998760192502,-0.022864664621561948,-0.0751402525488131,-0.01642739908232893,-0.04603153453748904,-0.027365021644755405,-0.038008178441921114,-0.027975781704596636,-0.01744867716444637,-0.03771130145847812,-0.039735089398937745,-0.03264112057816848,-0.04038182673350049,-0.027142496394316262,-0.025774415729630795,-0.014094951648386256,-0.05821532466545137,-0.036698126500431694,-0.03707902615746289,-0.037872542230262374,-0.05213807604610282,-0.038270363367041926,-0.032828511862407206,-0.0363472527722003,0.009117961380970097,-0.021551058389881306,-0.019056607097349687,-0.026896500255979006,-0.028215716187926232,-0.034648146721719175,-0.04087879583256682,-0.0080622415619383,-0.028724467192150105,-0.027036535844903065,-0.020189712417132355,-0.005314191212786423,0.00015830644458481036,0.0,0.005815535148983753,-0.08729996256296646,-0.0002329574534048473,-0.026858818962337105,-0.041992128947005325,-0.03474003740359666,-0.03434527883438715,0.0012868080185446384,-0.014940740878548575,-0.03769987534820557,-0.004418877825727141,-0.03626899568778602,-0.04651526008845969,-0.045433104136005764,0.0004085094894411556,0.0,0.0,-0.10896633214887663,-0.010112971842478169,0.0006619378794795461,-0.03955913228273411,-0.05150992424036638,0.0,0.0,-0.017471457271773683,-0.08608344047125627,-0.04255954528832112,-0.05983895018591523,-0.02272772849028526,-0.018928397257397256
0.0,0.0,-0.049828715551711755,0.0,-0.04604848605956269,-0.051285591750700965,-0.029507890858839092,-0.05487051795454656,-0.05143431676595367,0.007693332985899137,-0.031709611100083024,0.018598818307803633,-0.056621151813780746,-0.05338655191028585,-0.0073940642219878505,0.0,-0.00019030749658333068,0.0,-0.046187824524702825,-0.038480938175032176,0.00014191667403928854,-0.013603407242847199,-0.05476474161883188,-0.0008162920506093463,0.0,0.0017672993557916739,-0.0593033099626229,-0.019669564780594118,-0.011299990808659344,0.00016518592719283465,-0.04430313144946746,-0.02436499442049006,-0.023270787792749548,0.003027882547149696,-0.04163900432545459,-0.03960707687427753,-0.03005172770555234,0.014854633558929797,0.0007918044327996365,0.0,-0.0006427935248463634,0.0,0.00023237093537115117,0.0,0.0,0.0,0.0,4.604859028295438e-05,0.0,0.0,4.541453341821988e-05,0.0,0.0,0.030962642873436586,0.0,-0.00011036580213169556,0.0,8.115614951120786e-05,0.0,0.0,0.0,0.0,0.0,0.0,0.0,0.0,0.0,-0.05565623360082961,0.0,0.0,0.0,-0.0046741821500590475,0.019960086122210674,-0.00041560729059003654,0.0,0.0
-0.008847222416024259,-0.021287242030179787,-0.02240352583776556,-0.04604848605956269,0.0,-0.03921371403781093,-0.03766316825753929,-0.03436509350637512,-0.024251774281413563,-0.027577937696513732,-0.026021861927039314,-0.01673338052651202,-0.03269113035493382,-0.023846109814449623,-0.04653728557409936,-0.018939455363845503,-0.02036933872255392,-0.02308531648349449,-0.016629089673411535,-0.02534080059077315,-0.03694748905946926,-0.038451527490884874,-0.0492743469675081,0.00032570909511975277,-0.004413318257279197,-0.020386540240268758,-0.045230483939454946,-0.035767181691881034,-0.039650703866286,-0.023252991194805006,-0.025836545873139438,-0.03212087393690677,-0.006812350242076826,-0.019478280423936567,-0.00915155285117425,-0.017620242768739025,-0.022764302781197343,-0.023066279083887475,-0.05308486966776982,-0.008432413017038232,-0.04291912658340158,-0.01739472005367848,-0.031818170616077335,-0.000113348832612159,-0.008311365041254015,0.0,-0.013288569319347632,-0.026665125474950147,0.0,-0.05657094771402055,-0.04639097910583617,-0.059124773117231244,-0.035804389807571224,-0.033294075760007424,5.321992803170028e-05,-0.0030821295111542746,-0.0006659580103867135,-0.04676652576745355,-0.012710906549629919,-0.026890083023024203,0.00042721744863888356,0.0,0.0,-0.03322887068650188,-0.017297130549578765,0.0,-0.02141076844925055,-0.04053758949352154,0.0,0.00014853209195331285,-0.016851431653115923,-0.04577068309073545,-0.0387987943834851,-0.045755989796828656,-0.014838334171831113,-0.044087110082093095
-0.04501928969528862,-0.020376271518120992,-0.031012702206963616,-0.051285591750700965,-0.03921371403781093,0.0,-0.04807279277472171,-0.04644910472552499,-0.03419622368021752,-0.01945537703943301,-0.035314911900814816,-0.0161104764837236,-0.046291449099243875,-0.05659731467481094,-0.05542180075202574,-0.04034684318831688,-0.029432413852942763,-0.04966939804591003,-0.022760147021597843,-0.031891200652475415,-0.06319154685196432,-0.03096362531157465,-0.056373562422154355,-0.014593772369976832,-0.03356743018826802,-0.02969665927057874,-0.05177887182196478,-0.031161436544721033,-0.033692415046496504,-0.0329629830237273,-0.040849354683335726,-0.03545134244862369,-0.01930292536154188,-0.027908854691286955,-0.03290901585805056,-0.029952910423920176,-0.02379371517617551,-0.01647969066798327,-0.03886119960597728,-0.02374293311461717,-0.051095865919225825,-0.062344994883263005,-0.036017053174649594,-0.05631000982537665,-0.0037662683869514324,-0.02444519934531808,-0.02532241082403508,-0.025691697566837535,0.0,-0.041380908192981236,-0.04372001871289399,-0.04326121517377479,-0.03809324429824629,-0.03430612988252035,-0.030632404519289336,-0.020370188205803608,-0.006630499243113985,-0.033965809964283056,-0.04202991623462632,-0.03415919464721795,-0.0243413323561098,5.551115123125783e-17,-0.02422722018971407,-0.024585834934800266,-0.027619266787477004,-0.04541894419774728,-0.030522861834638038,-0.045143145374735794,0.0,-0.023927245122665364,-0.02018771952634829,-0.03923025292998006,-0.027398570928562183,-0.039190186988719844,-0.02470009045742344,-0.04375766807714515
-0.02732235949915751,-0.02877825291922026,-0.04549254962619409,-0.029507890858839092,-0.03766316825753929,-0.04807279277472171,0.0,-0.045208961778556656,-0.038299673949061364,-0.02567108711566274,-0.040807895070421374,-0.007035566634511936,-0.029156764039366234,-0.03611737413987898,-0.05736815216497432,-0.04574689758911604,-0.025114801881154114,-0.033871728761505515,-0.04557093565211445,-0.04439095280010141,-0.05927524983693,-0.03786278207027943,-0.05930645379367788,-0.002735192773745454,-0.03262440411297923,-0.02781800185401101,-0.05584659162229272,-0.03888290268663097,-0.04691229533112251,-0.023340076713916802,-0.04090139614758381,-0.027454157560271253,-0.010003171300931646,-0.018107726855312645,-0.02458519199626641,-0.037915274450696757,-0.014691463588465348,-0.021061013114508587,-0.021874566842938925,-0.031670926070156646,-0.02809641334054691,-0.024839739619928525,-0.05162649371931599,-0.0008862373243249677,0.0041877276917121065,2.1340799451152748e-05,-0.010992830769904205,-0.03406606160008052,0.0,-0.045599193667344495,-0.0420562307507919,-0.04689754703542609,-0.04589787036831894,-0.037412346948661135,0.006143431376129327,-0.016247025761809752,0.006641368826210026,-0.03686455101708069,-0.042189174015220154,-0.047589721400636276,-0.036824266696319,1.1102230246251565e-16,0.00040256884257461323,-0.033081485158596435,-0.026425895256046827,-0.03529428618866298,-0.02257211031366796,-0.04844076563831057,-0.008539213746680652,-0.029298831486415933,-0.02246220791352599,-0.04210349350722481,-0.028897334208805026,-0.03269513701911031,-0.028631585769934187,-0.03027145983265178
-0.0025123617559978384,-0.03876641445502471,-0.0292779735114167,-0.05487051795454656,-0.03436509350637512,-0.04644910472552499,-0.045208961778556656,0.0,-0.038883205277340294,-0.03006401323970359,0.0008968647158600906,0.008432252070657231,-0.04601493797461209,-0.04159551546415036,-0.06607015757769236,-0.03716854562051086,-0.018660777036317577,-0.014436837552214976,-0.0094147695861177,-0.03385881310732025,-0.012717917911660548,-0.040155115631089255,-0.03326178667502505,-0.006138254168517099,-0.02582619200065095,-0.02105871720819008,-0.07042334333015526,-0.03244692343054445,-0.0430691023202861,-0.038899510992483455,-0.0434623543693437,-0.03211090429197655,-0.0091804755208732,-0.029150875659368358,-0.036352693773284595,-0.030553663226904892,-0.024790789886263986,-0.040151450723584226,-0.02065100233496242,-0.009547971794843235,-0.03335827398238511,0.035776940636566446,-0.02413166842512232,1.0529098029288253e-05,-0.00020790750064586527,0.003948624290017744,0.0014057232815317122,-0.03327633504998895,0.0,-0.05888158764611445,-0.05410830165042235,-0.056383887962919044,-0.030749775259600376,-0.03939473989839781,-0.00726936798944311,-0.02098237698401345,-1.1102230246251565e-16,-0.03969790758889291,-0.009803714390997142,-0.020129209743924792,-0.021861563530825967,0.0,-6.340999666565317e-06,-0.031260871804312085,-0.004353434223256181,-0.0011883820313978166,-0.014567816869629213,-0.04646681774849998,-0.0006073766697469174,0.010115580998403428,-0.009982153389415327,-0.04827281759355162,-0.021240127230514716,-0.021243550345452777,-0.021994851886086964,-0.009006077617649821
0.01909506934504679,-0.009840946485691171,-0.004365998760192502,-0.05143431676595367,-0.024251774281413563,-0.03419622368021752,-0.038299673949061364,-0.038883205277340294,0.0,-0.023421485574205314,-0.022825205185750208,-0.012216769597795052,-0.0510509670064081,-0.041451024691431804,-0.023103364633951406,-0.02142788788900518,-0.023209505962312138,-0.015531136997858241,-0.009309805835470975,-0.02802186612919577,-0.0308440686709463,-0.021317421547451865,-0.047801035125652314,-0.009539446491898917,-0.007865367354656039,-0.03069825414185362,-0.0360298156927642,-0.0325142619496549,-0.02622156442612078,-0.029550436453090523,-0.029434603747182042,-0.04468098072658555,-0.027777321950251788,-0.02210789760109455,-0.019301557449487694,-0.03891810353243569,-0.030173448137752246,-0.02495550987493933,-0.02860038793270131,-0.015290534704813397,-0.03450734802664318,-0.033090046312779176,-0.03165507180309418,-0.0902428466039491,-0.01846781366780076,0.0,0.011127819562988028,-0.0028272926761311323,-0.0675437696004878,-0.03917725155177604,-0.041324585468397235,-0.041495530796145375,-0.035516791110118295,-0.02496148517863339,-0.012919426882534113,-0.0009992615677800742,-0.010193544757503281,-0.03619306363011682,-0.03479239248919391,-0.039351298588941264,-0.024652901720976672,5.551115123125783e-17,0.0,-0.026779393499903548,-0.03675633456487237,-0.019650818164330563,-0.02826931717975767,-0.03525837846223567,0.00108588727084441,-0.0025826247705556526,-0.011810004893696713,-0.03458471419418385,-0.029804895638078366,-0.054484759190650656,-0.03670446617260159,-0.0381897271774892
-0.038435859462100985,-0.0028912021805453936,-0.022864664621561948,0.007693332985899137,-0.027577937696513732,-0.01945537703943301,-0.02567108711566274,-0.03006401323970359,-0.023421485574205314,0.0,-0.02832841613121967,-0.024483952462913627,-0.024075339944260477,-0.06620682018128526,-0.029158465521464783,-0.015487750847677784,-0.021820071843341893,-0.0016349929714281064,-0.029951328069384164,0.044282926755183416,-0.015003326513128634,-0.023617338296272605,-0.03000528522514556,-0.011707827399057347,-0.046479316074062416,-0.024446451020889326,-0.0298243100418345,-0.023542828934663418,0.0013766382191317539,0.011643197585168963,-0.03320437530955883,-0.008214836900179712,-0.02121060190591123,-0.018928728087520053,-0.030517288402161613,-0.012960713021489934,0.002807601809950655,-0.021157092205358496,0.03576682672425818,-0.040169071946533574,-0.015481671791491292,-0.021008119577248796,-0.013580574396896528,-0.004150652075482486,-0.029103610015879355,-0.009907135828437386,-0.015056329373414334,-0.032992831619805485,-1.1102230246251565e-16,1.6653345369377348e-16,-0.03527127738991315,-0.03370296627222763,0.0008359845300641711,-0.0173655875913023,-0.048376896218621734,-0.017634907277401912,-0.04816030266214516,-0.031876296328669784,0.0,-0.030086177050880958,-0.0272711154819979,-0.040362821203446975,-0.024965392725481317,1.6654619297340467e-05,0.009594376410664573,-0.00021044562954436463,-0.01656588329104458,-0.03254328850910693,-0.033911492689431944,-0.03111795700907083,-0.032925991438221336,-0.022171845408409274,-0.020547214916969925,-0.012930798667020682,-1.1102230246251565e-16,-0.03837529089981234
-0.0004974492845551959,0.0006701014363461044,-0.0751402525488131,-0.031709611100083024,-0.026021861927039314,-0.035314911900814816,-0.040807895070421374,0.0008968647158600906,-0.022825205185750208,-0.02832841613121967,0.0,-0.016389423756767052,-0.03880228134245872,-0.029514323058879688,0.0,1.250942723496351e-05,-0.017692867215068298,-0.032061232253491,-0.03187864990356157,-5.749168602914301e-05,-0.030895087028544377,-0.022298505401239288,-0.022612378527788857,0.011290605119907815,-0.02883205605676853,-0.026647139874964865,-0.06539477728366799,-0.034521695401113994,-0.034449813317359634,-0.025391527786037482,-0.023688532631176373,-0.04321437405045031,-0.004410185699728619,-0.020867562183460475,-0.02314962628935091,-0.017090310417372856,-0.013951860258416326,-0.01961745983662877,-0.03203889725054976,-0.007869803030486955,-0.045320843116999854,-0.010615597256719234,-0.008244286975099935,-0.000985588656170655,-0.005728341345586474,0.0,5.551115123125783e-17,-0.13603107324269242,0.00010089872135837785,0.0058300749391485,-0.03591724458612444,-0.02464841598501144,-0.0048728040476653245,0.01631763326753244,-0.013491946274704902,0.14048755783922617,-0.017496178274964858,-0.027038062135795127,0.005009218986593511,0.0005705136645017261,0.0,0.0,0.0,-0.03281243399936562,-0.012014919626100629,0.0,-0.014680134787098564,-0.014384838141829781,0.0,0.0,-0.002905673734642178,-0.03312892324740996,-0.022633468429358594,-0.02163435062410457,0.00011173306070794142,-0.027309171423733902
-0.018204815607751,-0.03137196150067956,-0.01642739908232893,0.018598818307803633,-0.01673338052651202,-0.0161104764837236,-0.007035566634511936,0.008432252070657231,-0.012216769597795052,-0.024483952462913627,-0.016389423756767052,0.0,-0.007671032230960828,-0.02305865426248327,-0.02927433360638443,-0.015928987729229238,-0.03176735165012495,-0.02341712573178467,-0.02552448641396754,0.006285970965474175,0.009237086960464602,0.009359339681368817,-0.016249356588319053,-0.016027115059875252,-0.0389240759370002,-0.039263938195078896,-0.019027762253314984,-0.015153500042963897,-0.011142906821199228,-0.02132887485894025,-0.016800504319768705,0.005495421087177599,-0.017235613052999976,-0.008861746392570813,-0.0166782664506831,0.03138812788110873,0.020463113902215335,-0.003371705524161883,-0.01819252424956974,-0.03962186077346813,-0.0016333486158837118,-0.0037028389901059833,-0.0149295942359976,-0.01136426827021847,-0.013404071731393963,0.005633521432921118,-0.0420512943107344,-0.0035913692454634383,0.0,-0.00023039232426713685,-0.011213595534506626,-0.037476678515957595,0.0,-0.005744692881562596,-0.047799410367870776,-0.01104403288746958,-0.04228070139931123,-0.022329772666317693,0.0,-0.007581053075542743,-0.029354165120948794,-0.03912477617279431,-0.02326421716506205,0.0,0.05328933140232062,-0.00012723092989641582,-0.025116023107467023,0.023678195889782205,-0.031757569780238526,-0.025915640130947548,-0.028801164053152584,0.014788173562213958,-0.03884046567422217,0.017710149648276496,0.0,-0.0392140672796068
-0.035589492790198185,-0.029202573548123778,-0.04603153453748904,-0.056621151813780746,-0.03269113035493382,-0.046291449099243875,-0.029156764039366234,-0.04601493797461209,-0.0510509670064081,-0.024075339944260477,-0.03880228134245872,-0.007671032230960828,0.0,-0.014069096516790447,-0.05247029374952211,-0.04686105454802442,-0.019531864564161616,-0.03507540410381721,-0.04433278695009629,-0.04500583039659356,-0.05944080464848611,-0.038911645189054656,-0.05628337090562918,-0.011470017189626203,-0.0332863952009978,-0.028196384991759083,-0.05583594350634968,-0.030669456297290287,-0.03660325905635792,-0.02690071564455071,-0.03889734593358468,-0.024542285364087035,0.005246196550395432,-0.014141285834602446,-0.021374887408740495,-0.024927219051394334,-0.016787152022127938,-0.00972471688753157,-0.017070558001406277,0.015131212113532966,-0.0285181726280484,-0.025387679830965182,-0.044142218870516614,-0.0115332791967942,-0.017913658186193504,-0.014064375835016463,-0.01954060018328696,-0.031687631901457514,0.0,-0.054697123355240684,-0.0404283070092743,-0.04365630020094119,-0.05004635715313949,-0.03956909717357726,-0.042383609440575065,-0.02449152735820953,-0.03130094201788214,-0.040054368328245715,-0.032841372623118814,-0.037865076441767065,-0.04157540837781237,0.000563612846289363,-0.03308059196935731,-0.03340704083776569,-0.025506762094415325,-0.047654620101747536,-0.028541176680723035,-0.04551011712856501,-0.0018236770425648086,-0.021362879288921777,-0.019901576307626234,-0.039259184507255795,-0.026754074702930675,-0.03364689776784352,-0.02482452276021274,-0.036879973928169774
-0.004815244924484985,0.0,-0.027365021644755405,-0.05338655191028585,-0.023846109814449623,-0.05659731467481094,-0.03611737413987898,-0.04159551546415036,-0.041451024691431804,-0.06620682018128526,-0.029514323058879688,-0.02305865426248327,-0.014069096516790447,0.0,-0.0017791601967251935,0.0,0.0,0.0,-0.021295244626064413,-0.00024141649627984485,-0.0217879005315903,-0.0024139700614839166,-0.027216644119752553,-0.046501231476055005,-9.849730057415185e-05,-0.026375853384642156,-0.06402311235329566,-0.04215001782714339,-0.047563675713411246,-7.567864697965998e-05,-0.002684371082928405,-0.0185916442375188,-0.02623356454459902,-0.001110231200713463,-0.01981111225966503,-0.008926831985334088,-0.00684138387332589,-0.02261042786885803,0.0004922935367343007,0.0,-0.0012286864860968638,0.0,0.0040456434473445935,0.0,0.0,0.0,0.0,0.0035874497560652863,0.0,-0.005957905053981805,-0.040748134428375715,-0.03768217684531372,0.00836994335831448,-0.007449192979372077,0.0,0.007744200709659699,-0.0004541229162363103,-0.0395893304783978,-0.009759296026873088,-5.551115123125783e-17,0.0,0.0,0.0,-0.020181974330040375,0.00051297726171462,0.0,0.0,-0.02530477473328102,0.0003671036832640917,0.0,0.0,-0.00976292302176679,-0.060170377087390425,-0.020889966599955345,0.0,-5.551115123125783e-17
-0.010151137248635866,-0.02618149429995087,-0.038008178441921114,-0.0073940642219878505,-0.04653728557409936,-0.05542180075202574,-0.05736815216497432,-0.06607015757769236,-0.023103364633951406,-0.029158465521464783,0.0,-0.02927433360638443,-0.05247029374952211,-0.0017791601967251935,0.0,-0.027220599861981554,-0.030988381585354552,-0.01994019374560424,0.0,0.01754999343676583,-0.02868599041705644,0.005863440155241206,-0.04847976578317453,0.00420889147393777,-0.024848016851910182,-0.031577557977856385,-0.03335309990171814,-0.03863286137108801,-0.04038722183058735,-0.027716517503450055,-0.042072626840032934,-0.04538140559444487,-0.04464388679262549,-0.04190025537902431,-0.04352027194532121,-0.015171371103871123,-0.02222002908466647,-0.006471634886630662,-0.028599829394529708,-0.03003957821374542,-0.03838281245601888,-0.03707130033456635,0.026428295494787923,0.00034219862320084005,0.00652525949908761,-0.012350507691590684,-0.03573904911625558,-0.016847822959393466,0.0,0.0,-0.021834202415339676,-0.018420056284520925,-0.05456622209282508,-0.027908949713531805,-0.00010430718566695196,0.0,-0.00302658869026462,-0.01845782943367985,0.0,-0.023758937338899888,-0.027619253449625125,-0.00020902602910621848,-0.04499721428303971,0.0,-0.0185097413654165,-0.0370994589706235,-0.0172951899195542,-0.02829497577569623,-0.01634533660581744,-0.037045490669955605,-0.024271543887459446,-0.02918835046839724,-0.013166258083983085,-0.014929992220057475,-0.006411829753587783,-0.021606659972471576
-0.020041969466126908,-0.02019264413750238,-0.027975781704596636,0.0,-0.018939455363845503,-0.04034684318831688,-0.04574689758911604,-0.03716854562051086,-0.02142788788900518,-0.015487750847677784,1.250942723496351e-05,-0.015928987729229238,-0.04686105454802442,0.0,-0.027220599861981554,0.0,-0.038487428062442375,-0.034981529346366336,-0.0007042355530698652,-0.04201591074440042,-0.018268860557265454,-0.015813376645286203,-0.045674557127470705,-0.025033889828785627,-0.028219600484507945,-0.012740510218758772,-0.04027483273961591,-0.0365957516592984,-0.04438455684249831,-0.03451609462182492,-0.02063753979345645,-0.01994502640327378,-0.0011427347107134112,-0.03287749455721056,-0.02626027888636656,-0.02132778478566849,-0.006561963708458185,0.03399669947544853,-0.014344163905014418,-0.013426823505714891,-0.016336114384691458,-0.01079761619740105,-0.013090240401452291,0.0,0.0,-0.001412655490052983,-0.018391430223960836,0.0,0.0,0.0,-0.03307094422866319,-0.024887106491283173,-0.044430862434883256,0.0,-0.027976717185077882,0.0,-0.06098127368002321,-0.022133672813188288,0.0,-0.019476607015477265,-0.01391107822499138,-0.005475684206225351,-0.01711963015394513,0.0,-0.014372455251506766,-0.01569028694451663,-0.013108818776274178,-0.026180320250623113,0.018218363582393426,-0.010555596351027874,-0.007411642177679867,-0.02132042021167846,-0.016590988423739295,-0.005188648570736254,-0.00011822390213456213,-0.009186331482151033
-0.02592301440878092,-0.02858423783103109,-0.01744867716444637,-0.00019030749658333068,-0.02036933872255392,-0.029432413852942763,-0.025114801881154114,-0.018660777036317577,-0.023209505962312138,-0.021820071843341893,-0.017692867215068298,-0.03176735165012495,-0.019531864564161616,0.0,-0.030988381585354552,-0.038487428062442375,0.0,-0.03813696511835696,-0.028239634944427605,0.00015321759838909932,-0.003533585878839618,-0.015814606962629096,-0.022494316938741488,-0.020055024449257497,-0.04618785010074439,-0.020349095164619746,-0.03387711230241408,-0.01755280270460763,-0.01663390097752765,-0.009370476884122847,-0.007241454543107151,-0.006739970164371001,-0.009506051116034808,-0.017007561135768123,-0.030885693344234078,-0.01791241938938698,0.003284302332712097,-0.00026588366259833185,-0.015028552060201983,-0.03960121295028679,-0.02406577444558794,-0.0004322484225692813,0.0,0.0,-0.06633299516841684,-0.03287958331173718,-0.02605684302747091,0.0,0.0,1.6653345369377348e-16,-0.00011155744515001231,-0.00014910246341426348,0.0,0.0,-0.041882796034037495,0.0002646168479181199,-0.05362450326830942,-0.01856791011250941,0.0,0.0,-0.020319339766231737,-0.030605958730374194,-0.017812832420494973,0.0,-0.00019768740752346137,-5.551115123125783e-17,-0.035712108548750565,0.0013134455534277167,-0.04146547344641621,-0.017485440861602197,-0.021052220177806114,0.0,-0.022078991227703015,-0.019400281296176214,0.0,-0.026569574522313788
-0.024043441640770602,-0.025021789448786635,-0.03771130145847812,0.0,-0.02308531648349449,-0.04966939804591003,-0.033871728761505515,-0.014436837552214976,-0.015531136997858241,-0.0016349929714281064,-0.032061232253491,-0.02341712573178467,-0.03507540410381721,0.0,-0.01994019374560424,-0.034981529346366336,-0.03813696511835696,0.0,-0.028442419272783626,-0.0179160795120179,-0.014086548029295598,-0.014356464848443606,-0.0297082276544966,-0.014876554485809268,-0.03374894331929362,-0.015323579839996049,-0.03290575787477812,-0.021423793826190418,-0.029999474972083717,-0.010819917702926896,-0.004905667513619649,-0.009220473629113324,0.00361414790918152,-0.01277913512711043,-0.01787903215307196,-0.006212271871256003,0.0,0.017867033679030808,-0.005946236650882619,-0.010457530020648864,-0.010592889676383999,-0.014010736039328286,5.551115123125783e-17,0.0,-0.0424526327366328,-0.004658987849099572,-0.017084521287584586,0.0,0.0,0.0,-0.03849795573112674,-0.000140022597470979,-0.03985992967707547,0.0,-0.043311575245603695,0.0,-0.04488253029699102,-0.016090420987120824,0.0,-0.030842524162023988,-0.01841653472542254,-0.03590649422320197,-0.013853958124029231,0.0,-0.01025002922479612,-0.02051153809831391,-0.01800124519568924,-0.03754416621599088,-0.027488545228707084,-0.012382092383807053,-0.016142059944431852,0.012884548814633412,-0.0233387322643257,-0.03125730693188905,0.0,-0.010836673656782814
0.0,-0.024073498967704665,-0.039735089398937745,-0.046187824524702825,-0.016629089673411535,-0.022760147021597843,-0.04557093565211445,-0.0094147695861177,-0.009309805835470975,-0.029951328069384164,-0.03187864990356157,-0.02552448641396754,-0.04433278695009629,-0.021295244626064413,0.0,-0.0007042355530698652,-0.028239634944427605,-0.028442419272783626,0.0,-0.013964691072175184,0.009518388578790782,-0.03334936491016194,-0.02259446644640206,0.01125992708289869,-0.0408804848551077,-0.026941300079187824,-0.053880029472164415,-0.03684380538717691,-0.01998499455439906,-0.014158543488570041,-0.028711570695170052,-0.04022017478702822,-0.0007386029296626573,-0.020639811480853087,-0.016897191072219653,-0.031836087549789505,-0.03656061503092517,-0.0242924681746865,-0.04294299119705297,-0.00940776889167022,-0.022529971108419478,-0.0009905545396553528,-0.02757724828781838,5.551115123125783e-17,-1.6653345369377348e-16,0.0,5.551115123125783e-17,-0.011884560977738656,0.0,-0.046722385656271126,-0.0441730859597661,-0.0451157167301533,-0.03362014551120446,-0.028113536512755943,0.0003436831803931284,-0.02165545227696397,0.0009594987512125952,-0.04436329701376446,-0.02966829270404875,2.662333907155201e-05,0.0,0.0,0.0,-0.01262456357393582,-0.03066686921224232,0.0,-0.007282354919633693,-0.03468537309264874,0.0,0.0,-0.0015895075522395774,-0.04406973736946562,-0.04187566247525998,-0.022335870415452874,0.0012150006489490828,-0.03723529490826222
0.008905241834904876,-0.018186474288206467,-0.03264112057816848,-0.038480938175032176,-0.02534080059077315,-0.031891200652475415,-0.04439095280010141,-0.03385881310732025,-0.02802186612919577,0.044282926755183416,-5.749168602914301e-05,0.006285970965474175,-0.04500583039659356,-0.00024141649627984485,0.01754999343676583,-0.04201591074440042,0.00015321759838909932,-0.0179160795120179,-0.013964691072175184,0.0,-0.02455894433484651,-0.026536704408434197,-0.005769171109286542,0.0068456733358622235,-0.01817056761554159,-0.012665473203263222,-0.020143514188860456,-0.03284973007967834,-0.02149478392962012,-0.01361273597674334,-0.02385037343319213,-0.03253768790696038,-0.023567874824556967,-0.02001916062304049,-0.02466563245757153,-0.02144995128838678,-0.016312975970982968,-0.0067071026058661,-0.008318876170755662,-0.0002755966506857166,-0.019405566062344004,-0.017513370974773346,0.013077973797177511,0.000620440907435571,-0.002989225598563683,-0.022948687038836568,-0.0031129686728313954,-0.014052245033567778,0.0,-0.01095743961971024,-0.02371837634584889,-0.02744003794944927,-0.04281384087745044,-0.025709076464282055,0.0016238609514889757,-0.022361246539309265,-0.00012135821293535187,-0.020223382801481393,0.0,-0.022492215041173047,-0.002738921400907368,-0.0033676143824015736,-0.01627715203630009,-0.00837031240106928,-0.01407216743462053,-0.009988914949722039,-0.01563844746891313,-0.01713250764036317,-0.0015660142140704325,-0.01874737954374711,-0.012632017626219294,-0.013652706310526841,-0.002346420117995407,-0.01308456016327697,-0.00139859657290331,-0.010733654539605564
0.037909563133175395,-0.030142035676517964,-0.04038182673350049,0.00014191667403928854,-0.03694748905946926,-0.06319154685196432,-0.05927524983693,-0.012717917911660548,-0.0308440686709463,-0.015003326513128634,-0.030895087028544377,0.009237086960464602,-0.05944080464848611,-0.0217879005315903,-0.02868599041705644,-0.018268860557265454,-0.003533585878839618,-0.014086548029295598,0.009518388578790782,-0.02455894433484651,0.0,-0.02568713783234161,-0.04453937202157415,0.011631516172586287,-0.042469572982397175,-0.01512476376098626,-0.06332992686658356,-0.030745769755016195,-0.03608216328002989,-0.02219725229516223,-0.033105924482893845,-0.04011630712688441,-0.02020622250310683,-0.03103945250243273,-0.029778320611034192,-0.014684513137791066,-0.042809374172999515,-0.03229857164746386,-0.03157192959593008,-0.060183104428140566,-0.05365223044226525,-0.04559423132153961,-0.028624125459441763,0.0,-0.0003299717441118122,-0.020782572017810752,-0.048594439871082695,0.0009411639581858866,0.0,-0.00018031800632162254,-0.03244430223791578,-0.03386974901723927,-0.017834541319321773,-0.002793508426428226,-6.658448932717054e-05,0.0,0.004389148027796497,-0.020035912013892154,0.0,-0.04698212238740507,-0.03591207673545754,0.0,-0.02380528102143309,0.0,-0.028766873166620854,-0.027779105030644735,-0.034997479090726646,-0.03562244785404367,0.005938347148782497,-0.025684303833334143,-0.032113055098887344,-0.04191814879608585,-0.004768308856865688,-0.02477527275450353,-0.0025435428235105473,-0.035616996776298315
-0.012183666474534005,-0.022806220942109323,-0.027142496394316262,-0.013603407242847199,-0.038451527490884874,-0.03096362531157465,-0.03786278207027943,-0.040155115631089255,-0.021317421547451865,-0.023617338296272605,-0.022298505401239288,0.009359339681368817,-0.038911645189054656,-0.0024139700614839166,0.005863440155241206,-0.015813376645286203,-0.015814606962629096,-0.014356464848443606,-0.03334936491016194,-0.026536704408434197,-0.02568713783234161,0.0,-0.035044286128301294,-0.0055738645763487304,-0.027005233498201386,-0.02264453691090651,-0.03415389968163163,-0.0344719505204944,-0.03771885166922018,-0.03845092015378232,-0.026570029661122596,-0.03496763115727325,-0.025620521155503506,-0.026481025514306145,-0.027142522105229105,-0.012181623306030953,-0.019820830082104945,-0.06827359369961022,-0.01697904059875599,-0.021496979706674413,-0.027380531383018047,-0.026337069115063394,0.03082613630625214,0.0,-0.0027735126230270524,-0.005976779814608257,-0.031213822570861693,-0.009679125857088855,0.0,-0.00044808265514567625,-0.03873574713619432,-0.034378050084509726,-0.02478792284456638,-0.01752212225434807,-0.030311763382989854,0.0,-0.01879416549266627,-0.02353426741554454,0.0,-0.024902915072874343,-0.02039295700058935,-0.018301479057384162,-0.038643385801002905,-1.1102230246251565e-16,-0.0200319155349436,-0.022532472252542568,-0.01876742223603839,-0.03129598572601888,-0.007395789653718732,-0.03480563684704502,-0.017548211735439856,-0.03084458676551749,-0.012881175118475252,-0.009209072788137429,-0.027099218669736247,-0.01903665824351397
-0.023328254243039692,-0.04285988820364384,-0.025774415729630795,-0.05476474161883188,-0.0492743469675081,-0.056373562422154355,-0.05930645379367788,-0.03326178667502505,-0.047801035125652314,-0.03000528522514556,-0.022612378527788857,-0.016249356588319053,-0.05628337090562918,-0.027216644119752553,-0.04847976578317453,-0.045674557127470705,-0.022494316938741488,-0.0297082276544966,-0.02259446644640206,-0.005769171109286542,-0.04453937202157415,-0.035044286128301294,0.0,-0.009274082550891405,-0.0425776144829379,-0.0510834443193105,-0.04039545561193164,-0.04228049820547791,-0.051447633018608385,-0.04749388408541061,-0.059789572240916744,-0.04874242874202456,-0.05347016602753746,-0.04194426177479238,-0.04955023131535441,-0.028676231231384686,-0.03973073190294235,-0.036280083109669015,-0.03409006295061723,0.00452417875832728,-0.04599164390083238,-0.038617173211432654,-0.03694973982421146,-0.015752917697582247,-0.014652122368472908,-0.025690677075942914,-0.024045404335648723,-0.013530246550196634,-5.6142097366651544e-05,-0.03679852121108135,-0.04798387609416943,-0.048991354221533556,-0.06033712942426267,-0.044901220262875574,-0.029359739446827515,0.0016763353134206516,-0.013055424555628081,-0.04130231326397599,-0.02316856017955876,-0.031920391696401096,-0.042938482233505326,-0.011089659310200672,-0.024978968344976038,-0.0035701980444036163,-0.031191786734984905,-0.043506969581521615,-0.034383024875484336,-0.04905377591715515,-0.012161142969724426,-0.03296595383950368,-0.04152143368037736,-0.04773739834272556,-0.029846766716471018,-0.042475708713759885,-0.03328524026663793,-0.03267717726276581
-0.010255785759067715,-0.02601753971970916,-0.014094951648386256,-0.0008162920506093463,0.00032570909511975277,-0.014593772369976832,-0.002735192773745454,-0.006138254168517099,-0.009539446491898917,-0.011707827399057347,0.011290605119907815,-0.016027115059875252,-0.011470017189626203,-0.046501231476055005,0.00420889147393777,-0.025033889828785627,-0.020055024449257497,-0.014876554485809268,0.01125992708289869,0.0068456733358622235,0.011631516172586287,-0.0055738645763487304,-0.009274082550891405,0.0,-0.027991174469005786,-0.017360165443808084,-0.01557181989049694,-0.004069563724371172,-0.011782672997660282,-0.027662255967654648,-0.007429708465798934,0.028084749030318046,-0.015425131681344795,-0.01269129094549648,-0.024326808684450252,0.03287495697333137,0.027179838454127137,-0.008587511334442688,0.03184940334285752,-0.03802382501884283,-0.013219501484933782,0.040364240298049525,-0.0044268941533354145,0.004990153806064712,-0.019723659571277752,-0.010352270184657175,-0.010998682351243905,0.00012042659569788672,0.0,0.0,-0.01894969253299994,0.013139023582309617,7.446861157689444e-05,0.001809270433952792,-0.04174488266259224,-0.000545917402168139,-0.035624824473761696,0.0028242166912215705,0.0,-0.022793767167568313,-0.012957218969384676,-0.04420565235229401,-0.02210470373317186,0.0,-0.007468965741744549,-0.034811749498472544,-0.025333139233080337,-0.04001807986084949,-0.021473654035498613,-0.01975624912482865,-0.029356988280853036,-0.0034742839523677627,0.0063797207058590155,-0.006512687420679064,0.0,-0.018156163280011184
-0.037609306069456894,-0.0257710359906419,-0.05821532466545137,0.0,-0.004413318257279197,-0.03356743018826802,-0.03262440411297923,-0.02582619200065095,-0.007865367354656039,-0.046479316074062416,-0.02883205605676853,-0.0389240759370002,-0.0332863952009978,-9.849730057415185e-05,-0.024848016851910182,-0.028219600484507945,-0.04618785010074439,-0.03374894331929362,-0.0408804848551077,-0.01817056761554159,-0.042469572982397175,-0.027005233498201386,-0.0425776144829379,-0.027991174469005786,0.0,-0.02551954040109511,-0.031468314466884695,-0.0224726926743129,-0.03059510140190519,-0.023391173109419017,-0.016617273340661542,-0.019884802235933752,-0.017823248396254265,-0.02229064913560186,-0.02438896406420199,-0.044212915287202115,-0.0003119186606251323,-0.008769958342001727,-0.012771186076538155,-0.027784749464373593,-0.01849774112838809,-0.01894631081477971,-0.0007566681782648632,0.0,-0.07232168831476238,-0.01439822188024531,-0.021864290307564815,0.0,0.0,0.0,-0.03793814476120666,-0.006850988579631567,-0.033938738290845594,-0.00011880444963152659,-0.044090523302449225,0.0,-0.05021163070662016,-0.018809808409439688,0.0,-0.03243544998097353,-0.023504240991922443,-0.03554928141404479,-0.01638285012468582,0.0,-0.0195399073783592,-0.024198234543792774,-0.020803827926344165,-0.029844649207638907,-0.03810750354342207,-0.014863022161295869,-0.019522842721063194,-0.025532714876544182,-0.02356924656291015,-0.027536635467000692,0.0,-0.012923839709577556
-0.008828585816997414,-0.016723138894783107,-0.036698126500431694,0.0017672993557916739,-0.020386540240268758,-0.02969665927057874,-0.02781800185401101,-0.02105871720819008,-0.03069825414185362,-0.024446451020889326,-0.026647139874964865,-0.039263938195078896,-0.028196384991759083,-0.026375853384642156,-0.031577557977856385,-0.012740510218758772,-0.020349095164619746,-0.015323579839996049,-0.026941300079187824,-0.012665473203263222,-0.01512476376098626,-0.02264453691090651,-0.0510834443193105,-0.017360165443808084,-0.02551954040109511,0.0,-0.04182964695249225,-0.02056471401067894,-0.0310216823628775,-0.042249419880644234,-0.016824515623987846,-0.0284301326200746,-0.026117510206878136,-0.021616844500212007,-0.02636301026926907,-0.005158805785448306,-0.01752242261253595,-0.024476220900201573,-0.01745098531954903,-0.02446012793694541,-0.02490298107625627,-0.021474307742167797,0.019111078064126263,0.0,-0.07191148064567238,0.007324866044671086,-0.02225118501839468,-0.01830288187466106,0.0,0.00039874055051791757,-0.026606042389940576,-0.018258594506708803,-0.02297345712610288,-0.0022655350995454127,-0.048166907571826345,-0.00012201952112261827,-0.05193455009249409,-0.03027259719780956,0.0,-0.031081272815036032,-0.01732673790260375,-0.03816812743906667,-0.015777159317091505,-5.551115123125783e-17,-0.023642467505912257,-0.015880301563454158,-0.022896205260430957,-0.03146997053014311,-0.012661404890827843,-0.012333125277166623,-0.01609411381624276,-0.03323730233807021,-0.02148596663728558,-0.03135400409890138,-0.000130548101989314,-0.011802304512069206
