0.0,0.001507204906281534,0.022059736727633728,0.0,-3.974243307280911e-06,-0.041924318479389155,-0.0013559246460286278,0.022447260058497176,-0.04175815354899398,0.028181046173088475,0.01689374693584622,0.0008300166423245159,-0.01698509486000127,-0.005849056848341472,-0.04150559064881898,0.014589555949218291,0.024530548976758715,0.01826492634289395,0.0,-0.000890729297034154,-0.012422168508612552,-0.017348463025233796,0.007183135343243885,-0.011878593668231519,0.013452864756518246,-0.0036257479244430346,-0.004667820098633646,0.011691473493182558,0.015268817634967236,0.021888428603703713,-0.0027987232530989337,-0.002763876043476221,0.007751269397914595,-0.0071479563603708,-0.007693659517030438,0.018061915121201977,0.0,0.026702719871298575,0.006840706507405647,0.0684481580812395,0.023422860094036546,0.024887081465933714,0.0,0.0,-0.0014872471332532666,-0.01703491567920251,0.04662632659444421,0.0,0.0,0.0,0.01406135985668655,0.0,-0.00895872069181275,0.0,0.03128629396307869,0.0,-0.10930465094662145,0.0022656226453999784,0.0,-0.010607887869236887,0.03714595228035483,0.05801749696924452,0.039315457674308385,0.0,0.03758286979302894,-0.03139859563593839,0.03645526238666791,-0.004850676327432579,-0.056695017011447746,0.02145348581286516,0.012663026033802482,0.03437966361222394,8.40288188291849e-06,0.015698664021678577,0.0,0.044957206241920955
0.001507204906281534,0.0,0.003028927869055731,0.0,-0.00732564074260561,-0.004714311600401144,0.009026039638268868,0.03262320909051997,-0.019416837157459732,0.012801633241928845,3.566864058618391e-05,0.11592914261572246,0.007056864668510743,0.0,-0.007327406394879388,0.00636923306372017,0.006145553400860926,0.0020296333714036052,0.0016239460738944334,-0.016785422935433614,0.008262856764692739,3.626469528217324e-05,0.003878274599937448,0.005637125646241192,-0.0008864995580962765,0.00665122253539574,-0.01037838248238604,0.023742920436537307,-0.012368945355652972,0.014038398309742295,-0.013329937164070993,-0.014569754855169648,0.002693017055918012,-0.013630306639191514,-0.00712365359740913,0.023350425217047055,0.00609359304797108,-0.0003129096559650879,0.008760440351472665,0.0366435684101199,0.02752761425955197,0.02021292982545636,-0.017081797397936527,0.0,-1.1932070900222413e-06,0.03954570436768895,0.04417005288838799,-0.004704711950805407,0.0,-5.551115123125783e-17,0.02220854262527039,0.012559691968484221,0.0076810179202797535,-0.0067901789996066,0.017718952092179607,0.0,0.005098044791661704,0.016153749610011092,0.0,0.02631973663586762,0.026136374224459247,0.052838349017169384,0.04683255830938332,0.0,0.018343923126344974,0.03455726872128112,0.02887318975196107,0.021750814072477476,0.006064147970575362,0.04503417509352586,0.034809317948465535,0.02895170950802428,0.009942060582972256,0.021769226203720904,0.00881371729117486,0.03158103144398505
0.022059736727633728,0.003028927869055731,0.0,0.012217029452456729,0.010689047275432961,0.004690589249031318,0.022044196612582445,0.03158904922585348,-0.027030798365186126,0.013003884867670845,-0.06454771325983172,0.016313911117808,0.026159503976722343,0.008354073846882137,0.012234623777645226,0.03166508605130125,0.008886405127526864,0.02090202336026109,-0.025820700642277844,0.014561279275887129,0.10450367157825591,0.014154620912315286,0.027317327048816065,0.022280005486700005,-0.02096630161931784,-0.02574283030104263,-0.010075115469623419,0.019894039684441034,0.01006209197365171,0.008480596634654725,0.022479305910903247,0.01909859944920117,0.008058499671767139,0.028847960294379804,0.03485774727894159,0.03648626368249053,0.019341090471316325,0.01166073424193037,0.0337773358671315,-0.014336038351679126,-0.014885246821183196,0.010130128770951208,0.04515042518500101,-0.025632719901836798,5.9574948137075534e-05,0.0,-0.004833848703831856,0.050395141894496454,5.1758875771468205e-06,0.028452541868546954,0.019844455461631827,0.021932697077519436,0.04266254486400145,0.049224675609553126,-0.014538471094697969,-0.15469511658731644,-0.002394786726937548,0.02649456050346022,0.038772862284615406,0.009783092576474528,-9.076332011470623e-06,0.0,0.0,0.07007210264819769,0.010634626088404986,0.0007301055308310267,0.0434651629527682,0.040198836320332054,0.0,0.0,0.03072346541850779,0.04200862377910308,0.039531901296587124,0.035918947530160616,0.026946060772134683,0.015448378745188118
0.0,0.0,0.012217029452456729,0.0,-0.04397974908918134,-0.011580575042385077,-0.0014579997618038298,-0.005743583011908027,0.009275775893713922,0.09155473582123924,0.007478402978109422,-0.1701388319942806,-0.010574508931078419,-0.005829874369046972,0.006748023539465353,0.0,4.845451631191322e-05,0.0,0.02202615980865008,-0.0030288923055530326,0.0003152117621972872,0.016188386627209117,-0.01046774716813692,0.004617027402775975,0.0,9.78854827157205e-05,-0.007757069717910625,-0.004271170467726848,-0.024105514757484237,-3.670128497779146e-06,-0.01451992552392567,-0.007668961435587929,-0.07859731626931721,-0.003488547423421695,-0.015047939538005484,0.006742386675579637,-0.003824866728504156,-0.09260874712225067,-1.7592443030012284e-05,0.0,1.4281693809015117e-05,0.0,0.00028777479368813363,0.0,0.0,0.0,0.0,-1.0231152636208662e-06,0.0,0.0,-1.009027682741248e-06,0.0,0.0,2.3952445731834082e-06,0.0,2.4521258104037713e-06,0.0,-1.8031408736129961e-06,0.0,0.0,0.0,0.0,0.0,0.0,0.0,0.0,0.0,0.006453507704259953,0.0,0.0,0.0,0.007630857312588335,-0.02006340678227858,9.234032141980375e-06,0.0,0.0
-3.974243307280911e-06,-0.00732564074260561,0.010689047275432961,-0.04397974908918134,0.0,0.0006853258984549915,-0.002506028442321173,0.018794408558829023,-0.002368294405366844,0.011225586770937046,0.01248123405567364,-0.0006176820953064377,-0.00010746941041661628,-0.019351065391702837,0.019041966471066207,0.029523441230650704,-0.0015205870669115495,0.017557713768354466,-0.001988572830199098,-0.00929881505106439,0.0073740132591828544,-0.011070389947493153,0.01100012301415293,-0.004100133939553829,-0.014128442589954493,-0.009377337754009452,0.003997948900617387,0.009512237030633197,0.008390974014344577,0.021543509535977723,0.02235140296608651,-0.016946560178396686,0.020486595387405826,0.015456991929311104,0.010486588208019731,-0.00720985576009886,-0.07027075033862976,0.009810842655962104,-0.006326492122949612,0.001287969398128197,0.012897232303019535,-0.03580182057358583,0.020049553285780786,2.51840327941677e-06,-0.0053374761544104365,0.0,0.0064822788319011115,0.02899062760076032,0.0,0.01983634337877549,0.01809628243731698,0.01575893172634435,0.008889087866060408,0.01687431183849708,0.0005555759882059363,-0.02866403549582075,0.006609508968332345,0.019625110035269677,0.03423523815066071,0.021716598097007267,-9.491988571030952e-06,0.0,0.0,0.03415307291463521,0.0057230626463723455,0.0,0.009622891208849571,0.023268137786541354,0.0,0.00013663378476841403,-0.0018091372205338851,0.02312817764077335,0.013830850623361313,0.022319422288043345,0.01269395396290951,0.003615345184084906
-0.041924318479389155,-0.004714311600401144,0.004690589249031318,-0.011580575042385077,0.0006853258984549915,0.0,0.011521699217050041,0.026108271347746848,0.012504425635482985,0.007528481998596459,0.0013102184148067186,-0.001417240598049263,-0.004668145953060754,0.0068638098086335475,-0.008044694832038679,0.028682330703194203,0.011210579454619507,0.0070891700925239665,-0.011171196699168773,-0.014004070445480077,-0.003165081100739542,-0.006312301085864502,0.0005751528841224096,0.016436636223883194,-0.010162313909069187,-0.010187069361713985,0.0008169271586276339,-0.016023439342468304,-0.02489215072427986,0.00390086666762568,0.014541556390384291,-0.03340397784113841,0.009317979624131445,0.01658237200685414,0.019077821478039103,0.0015530176735391588,-0.007203911327927859,0.01838951014006579,0.008989211968985111,0.02655972877734708,0.027487764130309178,0.012264922788524424,0.012080593876237056,0.009593328209818675,0.01073703233047879,0.0017865965916900595,0.01024824815900538,0.02860318418706298,0.0,0.01549394679924121,0.02597769181492038,0.02442589422695518,0.023182663400577508,0.020887107428298135,0.01725004204650804,0.04506290787403289,0.006260376407028867,0.024903553603925155,0.02494558886228465,0.02704172206267541,0.005122197730003664,5.551115123125783e-17,0.009242182625387563,0.024450333795429935,0.02683063100597588,0.018842966268404426,0.025542580873491483,0.026808850042801757,0.0,0.017574664476036228,0.015974291958180342,0.032317722194819765,0.025708210836520307,0.02694438599464083,0.02034960562208732,0.027793182919518045
-0.0013559246460286278,0.009026039638268868,0.022044196612582445,-0.0014579997618038298,-0.002506028442321173,0.011521699217050041,0.0,0.018397756441131174,0.01998138275359601,-0.0023210776606938377,0.012091841850939256,-0.01253111433036097,0.001586859444159483,-0.018253572756710357,-0.008534394820611246,0.030915739133303755,0.0014865268140157317,0.022167603438113803,0.028395947403552835,0.009952627622021037,0.031648560603610765,0.009896897928244386,0.012446778562099858,-0.009315015738234345,0.005301714738530916,-0.009086406087053356,0.007498389764594826,0.010387601722854689,0.0170960800665243,-0.00491903392209031,0.0015993512299509183,-0.010777402540399494,-0.007310519222711531,-0.015897268253535823,-0.04704400827480226,0.0070454329254921455,-0.024277242376008146,-0.0068226860214662954,-0.0441166870039576,0.04585827380156454,0.007739316659308049,0.0036304142388743355,0.00902985969620218,-0.0005217801044746229,-0.008916875384632539,-0.00017792919884523917,0.013470377224658159,0.024054109166335547,0.0,0.018775848936470108,0.014517419076788829,0.019163929572538096,0.01659643382057524,0.016723378286784385,-0.005825412341286917,-0.014822156155835153,-0.022690477377751594,0.014803890979527723,0.007206963866912608,0.021535526745781297,-0.012142820594091608,1.1102230246251565e-16,-8.944341727878946e-06,0.024710366453744137,0.030103746010545995,0.01767888261848749,0.01884351500004816,0.021766333673813643,-0.011674408302892403,0.015501152534455498,0.0153040728603126,0.020748836029421236,0.013721977397588181,0.021011518323044154,0.01820375364991811,0.015345570966757593
0.022447260058497176,0.03262320909051997,0.03158904922585348,-0.005743583011908027,0.018794408558829023,0.026108271347746848,0.018397756441131174,0.0,0.00796350406672025,0.005575146622886995,0.038585575894784674,0.024846747762273524,0.00960982006104788,0.037587572387705714,-0.02561024663792061,0.0059620197811593445,0.0009597813846952685,0.03707978136242185,0.034860194915864395,0.003862514099201575,0.009804653307846578,0.011040861886967068,0.002963444835800244,0.019794739555097807,0.06018072864255092,0.015133566773372298,0.0025177404273447057,0.008065880184685237,0.0013070237969500798,-0.0027708507796654347,-0.003808306641255532,-0.020096782340634778,0.0649140552180133,-0.00013513779578017138,-0.011098140160498315,-0.004642756167058282,-0.030602050696026728,0.022588722176113796,-0.0035882946957924156,0.019035596461808635,-0.0017419335332696795,0.008023543370933806,0.036129231724979005,-2.3393725717690828e-07,-0.00013853123013934932,0.003328238768606162,0.016093856333401546,0.020094335935615493,0.0,0.013216666112029263,0.013871960125644733,-0.007218508118440603,0.027112576175868874,0.011593412017545823,-0.0029302380805560913,0.046065862433054106,-1.1102230246251565e-16,0.011235081816156844,0.019227213851136238,0.016638761930206192,0.01426918556921003,0.0,-7.796614283905878e-06,0.03335943944335229,0.01745150444798549,0.025734278548021627,0.023349428358689306,0.02162634879599562,0.00033465074185751176,0.013013679644778897,0.016507322911716915,0.02334722778019882,-0.0010816898763914562,0.010892312929767778,-0.011246639210451992,-0.015375364352197496
-0.04175815354899398,-0.019416837157459732,-0.027030798365186126,0.009275775893713922,-0.002368294405366844,0.012504425635482985,0.01998138275359601,0.00796350406672025,0.0,0.015565719001532363,0.01160520058661374,0.007721651059900525,0.02198494032796161,-0.003929506895285373,0.015145830768436341,0.008303372155219202,0.00803557231327029,0.01351760830787302,-0.028870860374299423,-0.024516132568993376,0.04245247285823689,-0.01669291342231649,0.018881206650809168,0.01638128248380233,-0.010817618943702867,-0.04561413718019869,-0.0014034728977621591,0.027613526284151146,0.012607454748531477,0.026466970498875364,0.028898016881090283,0.012951460181546803,0.048752170805908324,0.02850371090377224,0.03254463154433035,0.016478610324454246,0.016312324940669698,0.01961613063283041,0.0035817449008725966,-0.010537914680249949,-0.02378419404036508,-0.005921008272021799,0.023875528473120633,0.01233511521007441,0.007372845261238992,0.0,0.00708659235637249,0.0042129607075128694,0.006645291743094528,0.02136407763526682,0.016153596576892082,0.006994555626203214,0.025639661939561575,0.0188735264623221,-0.03935706750275808,-0.08757749696595069,-0.009102395992210188,0.011503436982616355,0.02840817872490531,0.021892366859740886,0.0035804861793428677,5.551115123125783e-17,0.0,0.027951098618833936,0.028249521154034007,0.01160161444469121,0.02032561362445806,0.014811238825575224,0.0006621666742243071,-0.00035916401534191733,0.014307345438553554,0.014638991835256743,0.013196124957141286,0.028941568087925418,0.026063842117266423,0.013476913184980677
0.028181046173088475,0.012801633241928845,0.013003884867670845,0.09155473582123924,0.011225586770937046,0.007528481998596459,-0.0023210776606938377,0.005575146622886995,0.015565719001532363,0.0,0.005069787299625483,0.00690767267427872,-0.008251664534213998,0.045283743510370233,-0.014514574357282206,0.024629210826368875,-0.012157704685854698,0.014797033364810308,0.010524891224481081,0.01049130691421113,0.03368869947112468,0.0009788970880826309,0.016462857376639772,0.005204573481323915,-0.033026028685434805,0.009056096663487556,0.004703488989218352,-0.008676499922381287,0.014965745926388885,-0.010119909556531081,-0.009602085745233302,-0.025508475688533983,-0.012331984894964898,-0.02518172214205594,-0.0450998786325949,0.0009888104129690545,0.00821238003249114,-0.013918505618405075,-0.046471376686422705,0.034534890079520986,-0.024962964085356365,-0.034382370627770664,-0.021539067400870637,-0.0053392956722145835,0.04435208681214675,0.0248600221574376,0.024226358504974954,0.0014268386371799613,-1.1102230246251565e-16,1.6653345369377348e-16,0.020577417967580836,-0.0002551624729382196,0.0005991824361675224,0.004404750841786154,0.03632519449196031,-0.0006442816128345852,0.03383007321727127,0.015481084801035216,0.0,0.00045189037467890936,0.012831568681569316,0.055258004175907705,0.044125728309119705,-3.7003511110800247e-07,-0.05201242546476864,4.6757161179522555e-06,-0.0009875813599858896,-0.08540267535581714,0.023665664029563438,0.022669922426072298,0.018404578142959482,-0.024764137309821743,0.021725103622726505,0.009546298593133162,-1.1102230246251565e-16,0.029593455915122968
0.01689374693584622,3.566864058618391e-05,-0.06454771325983172,0.007478402978109422,0.01248123405567364,0.0013102184148067186,0.012091841850939256,0.038585575894784674,0.01160520058661374,0.005069787299625483,0.0,0.006933948389744149,0.025176738110344266,0.010762393597905262,0.0,-2.7793654183705385e-07,0.007553728388718428,0.006628338453129934,-0.031504624504810785,1.2773598748183623e-06,0.008722662094860223,0.011492678029055792,-0.007895932773664127,0.018165045193566154,0.0005295856069048033,0.02341877265793657,-0.040890532928418766,0.018516491803685753,0.013110960251403181,0.024568152039446345,0.01854067410990551,-0.026477778581192435,0.026279982801672652,0.012093445875726305,0.01208748016889677,-0.00290824201364831,0.018294768305723963,0.007382185297139743,0.0197969055653498,0.06123242984770527,0.0301214763786114,0.00480144208145622,0.04643281893078882,0.04594663527632509,-0.007108354164662212,0.0,5.551115123125783e-17,-0.00516124346837421,-2.24178462987501e-06,0.029446702964537663,0.036482689424472414,0.03871110768121083,0.04867561461677422,0.05332688755458581,-0.1186759472736601,-0.06084951911320419,0.008708505267526645,0.030206837380952478,0.06987037725810835,-1.2675767809222638e-05,0.0,0.0,0.0,-0.029560614986982647,-0.013212938560123844,0.0,0.0010753999863323815,0.03522265827710869,0.0,0.0,-0.003861032170448586,0.03486907311501042,0.019368634179816657,0.039748464196654676,-0.0005062270176706685,0.04204431751793314
0.0008300166423245159,0.11592914261572246,0.016313911117808,-0.1701388319942806,-0.0006176820953064377,-0.001417240598049263,-0.01253111433036097,0.024846747762273524,0.007721651059900525,0.00690767267427872,0.006933948389744149,0.0,-0.0034747722291348926,0.0037069438752858064,0.05432764702641513,0.020687401254794402,-0.009968897882396688,0.025705071686533798,0.005796734045790064,0.07013021884552328,0.018183801738924366,0.021519781647345193,0.036226525003815624,-0.0012082712703307963,-0.01277032352890134,0.0035084450921361587,0.0045069598797765065,-0.017184575022322846,-0.008119955867907258,0.0017776659358018088,-0.006644167014774716,-0.017897113098291617,-0.000980529708325295,-0.015166197061390885,-0.022830356706551203,-0.010407734364822618,-0.011198373048257215,0.005774871349316035,-0.03402587629617493,0.03959560097794951,-0.017972603486319794,-0.07553568542749312,0.013415962859458952,0.0056886265415738435,0.06088828913395544,0.012099830189165217,0.007472425486933831,-0.0044923570608645935,0.0,-0.00021471777942777548,-0.010905275201948283,-0.0070373810867411235,0.0,2.0898434945015865e-05,0.034343045427415564,-0.004057097613289706,0.03210872777293411,0.009001222729922764,0.0,-0.00032892968694375746,0.024081577748618133,0.046747619499661275,0.0321690571868426,0.0,0.011598543043229048,2.8268380337093113e-06,0.02305370770841475,-0.01866011705378101,0.012855894587403938,0.00914605598903001,0.004726574777630221,-0.027753760937132443,0.009586938238564602,-0.03440244081619592,0.0,0.02662637299396664
-0.01698509486000127,0.007056864668510743,0.026159503976722343,-0.010574508931078419,-0.00010746941041661628,-0.004668145953060754,0.001586859444159483,0.00960982006104788,0.02198494032796161,-0.008251664534213998,0.025176738110344266,-0.0034747722291348926,0.0,-0.03349672112548713,-0.0034054316663647555,0.02549264251325084,-0.0007091803370443683,0.012702397410449817,0.03335023198205267,0.004674274837742687,0.02789172196909362,0.003270253765844222,0.00903159703428974,-0.0019118135064721264,0.00569364031716052,-0.013902918049964463,-0.0052484257918198884,-0.01647787984118282,0.010440109207828396,-0.023318233963504353,-0.00991782206772801,-0.01055406673877518,0.0038746735758364848,-0.013412571113267435,-0.025451687183356497,0.01623596406292721,0.00265615057577967,0.003915610767342259,-0.020952272278542794,0.028331742530847415,0.032233740485287043,-0.02462537534401099,-0.014985305622535472,-0.009277823777759264,0.01665251317088362,0.004642169834143173,0.01294109381359676,0.009744026852992471,0.0,0.025141318020182823,0.014491101549199081,0.00965783326296299,0.0063970949117059805,0.011849501840968224,0.009152700870171782,-0.006029967325802743,0.02015046931493264,0.013306741551473156,0.03711207899077951,0.020598228081337155,0.006492632532892617,-0.00039679516051205344,0.015427620104635609,0.0177260237763468,0.01666905801200158,0.034400383201696416,0.009487504731121588,0.01528177754578186,0.017449558211036498,0.006947697641488282,0.010690472028665077,0.01819110508739019,0.010948207844081015,0.01845088087326674,0.019314051028377133,0.008959227237708478
-0.005849056848341472,0.0,0.008354073846882137,-0.005829874369046972,-0.019351065391702837,0.0068638098086335475,-0.018253572756710357,0.037587572387705714,-0.003929506895285373,0.045283743510370233,0.010762393597905262,0.0037069438752858064,-0.03349672112548713,0.0,-0.009377755633621754,0.0,0.0,0.0,-0.002722200484016335,-0.005153227585778741,0.01036240998775989,-0.004494566415167323,0.010489629666601996,-0.012695977773364509,2.1884294620910794e-06,0.024841544552808292,0.00820485539696797,-0.007424017170135744,-0.002679220862423781,-0.00015998227798058595,0.014255026209744726,0.08060943068458859,0.013807414964594977,0.014446607594221506,0.0019024757211879573,0.03199317184569295,0.008147915722690219,0.026455811641360127,0.020952177816534745,0.0,-0.0009251511371454191,0.0,0.0640396751011873,0.0,0.0,0.0,0.0,0.03625294736766682,0.0,-0.00289704109454636,0.02595946561042456,0.044643065053245834,0.032728802902978915,0.022505925671951976,0.0,0.04830552829756796,-0.00045582514191838674,0.01552505027097395,0.057237870003660485,-5.551115123125783e-17,0.0,0.0,0.0,0.02012933513976345,0.000800261814615566,0.0,0.0,0.05793024292960258,-8.156370899681242e-06,0.0,0.0,0.027885950497991363,0.019981537927015514,0.006276560904874773,0.0,-5.551115123125783e-17
-0.04150559064881898,-0.007327406394879388,0.012234623777645226,0.006748023539465353,0.019041966471066207,-0.008044694832038679,-0.008534394820611246,-0.02561024663792061,0.015145830768436341,-0.014514574357282206,0.0,0.05432764702641513,-0.0034054316663647555,-0.009377755633621754,0.0,0.015156237250791016,0.0029992559268334773,0.003073655533610442,0.0,-0.03155274497834576,0.008814755020428278,-0.005320951590001788,-0.06181390395753383,-0.05602541432712477,-0.0028813002281207756,0.006469430311458191,-0.01611571277476148,0.005415640513230124,-0.01140487810220897,0.013290394541349948,-0.005144195551058439,0.0006182537911816888,0.019008648318172117,-0.007195557130459551,0.0002315073064133033,0.003485973147844268,0.032337599824457,-0.012567819433718763,0.02251573962225034,0.012273630059622176,0.019901444608056762,0.019246795529954674,-0.017497509375104303,-0.00016269284644387927,-0.010730978104931232,0.024960209609159012,0.042288203752332054,0.001797884247677961,0.0,0.0,0.033922765527746424,0.013598514284187624,0.010965829588045373,0.01851572347190572,-6.871471060621026e-05,0.0,-0.004583154503327691,0.013665926795705718,0.0,0.03987566371940271,0.03808155128654628,-0.0003588943453044502,0.03183365064415,0.0,0.028097170256047133,0.018131074048385376,0.03595419587285298,0.019365791015693357,-0.006864805181952038,0.028201356938876154,0.033258323303592796,0.02347502826190173,0.012878450172588984,0.027238871606744375,0.015637631144338637,0.01510576247099138
0.014589555949218291,0.00636923306372017,0.03166508605130125,0.0,0.029523441230650704,0.028682330703194203,0.030915739133303755,0.0059620197811593445,0.008303372155219202,0.024629210826368875,-2.7793654183705385e-07,0.020687401254794402,0.02549264251325084,0.0,0.015156237250791016,0.0,0.02320938666087291,0.019564926075602618,-0.0008838793179404836,0.014922267872446993,0.01534664199087199,0.015579277682194859,0.013514930020965765,0.01855258799277082,-0.008588274911565774,0.008191491098563597,0.015081357372906723,0.016800912839334214,0.00604311271978214,0.0025722648386709013,-9.048913800990821e-06,-0.0048234593494881906,0.007203591960489086,-0.003223978790641846,-0.0037354213371558753,0.035851026936800534,0.03640223146495769,-0.023726505699086742,-0.00782760731254356,0.03682386568568291,0.027022953906433278,0.03960044581253408,0.014574029311111625,0.0,0.0,0.044560766848990185,0.038586953592249895,0.0,0.0,0.0,0.026061634387245902,0.0042812164906766426,0.027073290786323534,0.0,0.038111152820376026,0.0,0.010401351463069586,0.008815947007407898,0.0,0.03890853003261152,0.026464748780099134,0.030294880816036485,0.03945715254918364,0.0,0.034737839522089975,0.03334988573898123,0.035929080723055895,0.028552204374899193,0.017547418659442704,0.03694268841039455,0.032282346691271946,0.04990809820491521,0.024338071880687318,0.03741257130764042,-0.00013355296017758533,0.03713488002883386
0.024530548976758715,0.006145553400860926,0.008886405127526864,4.845451631191322e-05,-0.0015205870669115495,0.011210579454619507,0.0014865268140157317,0.0009597813846952685,0.00803557231327029,-0.012157704685854698,0.007553728388718428,-0.009968897882396688,-0.0007091803370443683,0.0,0.0029992559268334773,0.02320938666087291,0.0,0.010189549203158399,0.01633155337777442,-0.014934548472815001,0.056903530867822516,-0.011990612647343912,0.05428826959796906,0.037086541124902284,0.0031824118815495517,0.016986632817981462,0.024393443208255483,0.0022342085836947745,-0.020162665132934965,0.013350626373632879,-0.001550256887360657,-0.013497507307750123,0.009725023188815463,-0.012068622883476765,-0.016161776564366126,-0.011103996341135847,0.009557642874005068,-0.00609663923512388,0.026317711298958324,0.04118100507523431,0.03906079574934357,0.02128008256157482,0.0,0.0,0.07533766422444554,0.024594974176444462,0.023702901478923954,0.0,0.0,1.6653345369377348e-16,-0.0002929568676873773,3.3127834154211833e-06,0.0,0.0,0.036973412822429774,-5.879301288425065e-06,0.02150046029893815,0.0034373695371129886,0.0,0.0,0.01387874598366301,0.04472526629871626,0.0410708044014188,0.0,-0.00010284580546299216,-5.551115123125783e-17,0.015534737617426186,0.00040120454514291914,0.035620769491608306,0.0318868362573238,0.029250747449960868,0.0,0.01179424682733654,0.001608784942158381,0.0,0.02346877533485564
0.01826492634289395,0.0020296333714036052,0.02090202336026109,0.0,0.017557713768354466,0.0070891700925239665,0.022167603438113803,0.03707978136242185,0.01351760830787302,0.014797033364810308,0.006628338453129934,0.025705071686533798,0.012702397410449817,0.0,0.003073655533610442,0.019564926075602618,0.010189549203158399,0.0,0.002154428044702339,0.0036013434207256,0.03205488574188331,-0.004184206388630929,0.013904270502399285,0.030843128159050437,-0.023844656442576884,0.007725362577326367,0.008303165191413164,0.009319920640994461,-0.004180938202616613,0.013838433449469834,-0.0021453189763563363,-0.014684617187823823,0.013216033691352491,-0.0024952038667495624,-0.007249502323966928,-0.03276355778401335,0.0,0.007157878084745273,-0.03773061449049259,0.030966237706561872,0.03031669233871831,0.062143274870375964,5.551115123125783e-17,0.0,0.01528461475339088,0.047296232787455095,0.03800673394779114,0.0,0.0,0.0,0.011483714442671544,3.111045438486393e-06,0.01586795509361011,0.0,0.04677648705812548,0.0,0.02754828639345852,0.01753688439336809,0.0,0.042341484013878605,0.028184766045703413,0.041305646829663756,0.03078036406318302,0.0,0.025155745122379836,0.017926480076831175,0.028387221761855264,0.025703850559785524,0.02875619434035065,0.026276131656995994,0.025445108176275988,0.019166598518351008,0.008847912667435065,0.015392341483509209,0.0,0.024474611030310844
0.0,0.0016239460738944334,-0.025820700642277844,0.02202615980865008,-0.001988572830199098,-0.011171196699168773,0.028395947403552835,0.034860194915864395,-0.028870860374299423,0.010524891224481081,-0.031504624504810785,0.005796734045790064,0.03335023198205267,-0.002722200484016335,0.0,-0.0008838793179404836,0.01633155337777442,0.002154428044702339,0.0,0.007101508641556176,0.06043347110256392,0.02162138417925552,0.04893140647673683,0.0016366192441796268,-0.010042292802665387,-0.02275064649830666,-0.03593632332801605,0.023823714097607307,0.06484723387310354,0.017979198061821577,0.0296122758715332,0.0027146251854731074,0.01059245698181227,0.02455755652668462,0.028635395881862202,-0.00434062286473802,0.025103314869001858,0.010298107103887011,0.031091632821152404,-0.01327202886790868,0.021807943883486614,0.0003337860998106068,0.04452437969766565,5.551115123125783e-17,-1.6653345369377348e-16,0.0,5.551115123125783e-17,-0.05499552170547228,0.0,0.005975358968313027,0.026563068853051153,0.016830630454665707,0.024663355560545108,0.019889792740302448,0.0007969067192221679,-0.18891053398235252,-2.131830338253371e-05,0.020199494346982205,0.039513389374577546,-0.0005553830281575522,0.0,0.0,0.0,0.05975173006192436,-0.002454746046991585,0.0,-0.021575670454245244,0.030839997317212098,0.0,0.0,-0.004370726106243117,0.027634030403522747,0.026639467831646613,0.03403458872336729,0.0007547904232354519,-0.011743270591327404
-0.000890729297034154,-0.016785422935433614,0.014561279275887129,-0.0030288923055530326,-0.00929881505106439,-0.014004070445480077,0.009952627622021037,0.003862514099201575,-0.024516132568993376,0.01049130691421113,1.2773598748183623e-06,0.07013021884552328,0.004674274837742687,-0.005153227585778741,-0.03155274497834576,0.014922267872446993,-0.014934548472815001,0.0036013434207256,0.007101508641556176,0.0,0.012141992798104684,-0.019829645497675907,-0.04928748836037433,-0.005210142807483387,-0.006266267576100493,-0.021375708352002476,-0.006686636475029206,0.0009193505360106102,-0.0256702965646029,-0.006599120664444791,-0.006386222944488373,-0.012651489125049598,0.003380969608614559,-0.01543165166943311,-0.009523274688710448,-0.0017877399499148794,0.010815335017704375,-0.04645153195441082,0.011244142664124546,-0.016898847795389083,-0.012140873908033367,0.016241316762487135,-0.020852115645779046,0.00021319607137232355,-0.004017687768624878,0.024788698424089095,0.022809838074592692,0.020347307635545153,0.0,0.0022323630192925825,0.031640327895810616,0.011440422512850712,0.018506839764482863,0.03125868488182554,-0.07544888982525177,0.009903354251962704,-0.00018294261018048097,0.015897076952646194,0.0,0.028186971223952362,0.013986286188322539,-0.004611902723549388,0.026776601683145773,0.008756765429055846,0.02312193407014046,0.010472062240423907,0.02841817285498982,0.02605383307875031,-0.0014122403391315097,0.025979161991467214,0.03124162790630597,0.027164403609660992,0.019563313277525363,0.03305074599718222,0.027910910471360684,0.02403453868354738
-0.012422168508612552,0.008262856764692739,0.10450367157825591,0.0003152117621972872,0.0073740132591828544,-0.003165081100739542,0.031648560603610765,0.009804653307846578,0.04245247285823689,0.03368869947112468,0.008722662094860223,0.018183801738924366,0.02789172196909362,0.01036240998775989,0.008814755020428278,0.01534664199087199,0.056903530867822516,0.03205488574188331,0.06043347110256392,0.012141992798104684,0.0,0.022489338780286805,-0.0002732417780786922,-0.002798817992694602,0.04272692266618405,0.0016815250143183968,-0.0142759122530427,0.024367462776571036,0.02025946292949965,0.008177558131850504,0.015550238905018221,0.007960269724370306,0.01486727203116589,0.010619537479285734,0.018854085789081487,-0.021605666762004594,0.08240856802991603,0.016508765586739194,0.015190349722033702,0.024532224807629233,0.018109190039913237,-0.0039623658590872135,-0.0013115893305041815,0.0,0.0046153697765062285,-0.0689846473135492,0.05414457526190314,-2.0910937891138737e-05,0.0,4.006335557193985e-06,0.01650110768497992,0.0294574667231558,-0.08380318264996162,0.006843401125073312,1.4793852960437448e-06,0.0,0.003764897938573819,0.016424735090909637,0.0,0.022697948880796903,0.038854768979634746,0.0,0.024283785885330145,0.0,0.0004690353034923489,0.03058051533360484,0.028720091879912035,-0.014598124916621269,-0.07657970243804246,0.0015534044398126112,0.034253744210752946,0.005843053794089947,-0.006290840223786398,-0.0021173411533064734,-0.0005996507043428134,-0.011335254111357829
-0.017348463025233796,3.626469528217324e-05,0.014154620912315286,0.016188386627209117,-0.011070389947493153,-0.006312301085864502,0.009896897928244386,0.011040861886967068,-0.01669291342231649,0.0009788970880826309,0.011492678029055792,0.021519781647345193,0.003270253765844222,-0.004494566415167323,-0.005320951590001788,0.015579277682194859,-0.011990612647343912,-0.004184206388630929,0.02162138417925552,-0.019829645497675907,0.022489338780286805,0.0,-0.04094926556942685,-0.012820151717737538,-0.00932688597868836,-0.006248213326125851,-0.012159431470263382,0.009227382367645476,-0.012707616603648664,-0.0039261665519427225,-0.0071139551453082706,-0.019423123408059406,0.0004233794422067172,-0.01806499427816116,-0.01423700146902901,-0.005246078510833474,-0.023602676949749157,-0.011605034284670468,0.0205246219695448,0.020739083386433765,-0.0008377961249665389,0.020915821035727478,-0.018034939490046586,0.0,0.014918064425855915,0.019705469149275456,0.033491779607267014,0.011763818867097708,0.0,-0.0003664834715745857,0.03126015996233372,0.0198017216965492,0.004686027773213253,0.016750571235195466,-0.006595512259305603,0.0,0.010558114778727257,0.026778546418623927,0.0,0.03764296902889297,0.02530015545153186,0.012328786270587644,0.03626911225757934,-1.1102230246251565e-16,0.02633801393858831,0.02249711456602327,0.031814289420219743,0.026318789254721253,-0.008874362363735455,0.033468954727924605,0.03457700796407792,0.026265677995972958,0.011876253796613445,0.03292958980790056,-0.04206855827430728,0.02051417611506623
0.007183135343243885,0.003878274599937448,0.027317327048816065,-0.01046774716813692,0.01100012301415293,0.0005751528841224096,0.012446778562099858,0.002963444835800244,0.018881206650809168,0.016462857376639772,-0.007895932773664127,0.036226525003815624,0.00903159703428974,0.010489629666601996,-0.06181390395753383,0.013514930020965765,0.05428826959796906,0.013904270502399285,0.04893140647673683,-0.04928748836037433,-0.0002732417780786922,-0.04094926556942685,0.0,0.016168451843789566,0.01932893664117641,-0.010639218493104952,-0.004768797089175436,0.007953786033814025,-0.007979603628215093,-0.0025745848044809727,0.0008048583783993868,1.149908855530013e-05,0.020411114566559085,0.005101161859132841,0.010123809383924987,0.008002067689292902,0.011688785135094582,-0.0215230443860554,0.0187987614890629,-0.0018155186100242138,0.017304054619371345,-0.01198574933915375,0.0260037364827318,-0.01857040007781191,-0.0009833435864681772,-0.00939420668501495,0.022260941613620633,-0.062307150397621636,1.2473744886998261e-06,0.015254708520467952,0.03347747155963554,0.02113042853395264,0.036878020610937534,0.02331317867167848,-0.02510744110926222,0.014075488897569766,-0.03881888751290602,0.021850567679449928,0.030434098829206224,0.020542928282579587,0.0238666100639936,0.008812273841836582,0.029159382813106427,0.014067476218537767,0.017903705439007267,-0.0036093837426388053,0.026777440482771864,0.03796334235899479,0.008862380973568229,0.02342814313457159,0.021639288590258487,0.03570651453248286,0.016737551962986208,0.02779691405324175,0.019669755322551774,0.01941799515932019
-0.011878593668231519,0.005637125646241192,0.022280005486700005,0.004617027402775975,-0.004100133939553829,0.016436636223883194,-0.009315015738234345,0.019794739555097807,0.01638128248380233,0.005204573481323915,0.018165045193566154,-0.0012082712703307963,-0.0019118135064721264,-0.012695977773364509,-0.05602541432712477,0.01855258799277082,0.037086541124902284,0.030843128159050437,0.0016366192441796268,-0.005210142807483387,-0.002798817992694602,-0.012820151717737538,0.016168451843789566,0.0,0.01742138047874564,-0.00356964761579065,0.002829294865000498,-0.0198515616996065,0.042982315405289184,0.0019386765417387375,-0.0026562542515053966,-0.016000807612610468,0.0029360556235431545,-0.010560325547420035,-0.010842833764343918,0.02073195865880728,0.00899760504077618,0.007098818636602777,-0.04397558000850421,-0.021305674275462816,-0.0988386910380818,-0.007270975165422966,0.029251943598373686,-0.006439769163955833,-0.027847050330024825,-0.11361433949971664,0.028223470442062693,-2.675658200668174e-06,0.0,0.0,0.014568120278732444,-0.0037231893363173785,0.0002851491529212158,0.0009229568015816092,0.018149954768541476,1.2129283947837077e-05,0.0025648976285098657,-0.010923400294125918,0.0,-0.019785693031113716,0.037852470211807265,0.045753614102111595,0.04706604543784887,0.0,0.0008545574340099171,-0.10682508500501864,0.0015691216950483033,0.013499653676032397,-0.011141601424318803,0.025983739189015642,0.004851065307910518,-0.007963050881500178,0.01213793549225739,-0.0031190817664503157,0.0,0.0744394594563883
0.013452864756518246,-0.0008864995580962765,-0.02096630161931784,0.0,-0.014128442589954493,-0.010162313909069187,0.005301714738530916,0.06018072864255092,-0.010817618943702867,-0.033026028685434805,0.0005295856069048033,-0.01277032352890134,0.00569364031716052,2.1884294620910794e-06,-0.0028813002281207756,-0.008588274911565774,0.0031824118815495517,-0.023844656442576884,-0.010042292802665387,-0.006266267576100493,0.04272692266618405,-0.00932688597868836,0.01932893664117641,0.01742138047874564,0.0,-0.008647483982381798,0.010883949201767662,0.016641652484812752,-0.001512730262131834,0.02321450013468379,-0.012411438713014256,-0.013941024080227904,-0.0011417423344917133,-0.010394639294126928,-0.018983441743202267,-0.0726598801112529,-0.00048348463523201213,-0.027473731812272195,-0.025983644932101535,0.03655014425892045,0.0334229913013222,0.020219761192469543,0.00022173256689966836,0.0,0.05892532792977051,0.052332742448594094,0.04437698392062983,0.0,0.0,0.0,0.022442142998426395,0.004688054813783704,0.0293242673434711,2.6396170889064763e-06,0.04293523045824449,0.0,0.023388839018276097,0.010843992911591771,0.0,0.01987191300609814,0.039287629720064166,0.048427713884684864,0.037789426885577404,0.0,0.035876473329220615,0.021253657922467473,0.03289088948216867,0.017893565209952056,0.022098887567638892,0.03281520103440566,0.028815714832527595,0.05689826612013521,0.011626928501070166,0.03206974772511162,0.0,0.04478108967593086
-0.0036257479244430346,0.00665122253539574,-0.02574283030104263,9.78854827157205e-05,-0.009377337754009452,-0.010187069361713985,-0.009086406087053356,0.015133566773372298,-0.04561413718019869,0.009056096663487556,0.02341877265793657,0.0035084450921361587,-0.013902918049964463,0.024841544552808292,0.006469430311458191,0.008191491098563597,0.016986632817981462,0.007725362577326367,-0.02275064649830666,-0.021375708352002476,0.0016815250143183968,-0.006248213326125851,-0.010639218493104952,-0.00356964761579065,-0.008647483982381798,0.0,-0.020608313990501448,0.0014531323389662676,-0.020166889490417783,-0.020902562792513513,0.0023105847908464483,-0.010760729614722575,0.0025336457110405886,-0.0005350581823480027,-0.014384328824183557,-0.010440859086759235,-0.015860548720953327,-0.001859699661751757,-0.004636185709224583,0.04062917877571648,0.031617526783330574,0.0219459221729274,-0.008643126401765233,0.0,0.02890126120119313,0.03895804657581209,0.04129572996496317,0.02328055011123359,0.0,-8.859284095941167e-06,0.028707504496905345,0.03182105472815333,0.007763001786355139,0.04939755961785397,0.040069570334076876,2.7110500836480256e-06,0.018278410794501154,0.02955081975453938,0.0,0.028435471031966197,0.03874751637495144,0.048664511758785334,0.03858481879171671,-5.551115123125783e-17,0.017737173153449692,0.014866529320901933,0.03383733556640822,0.026274654694635857,0.012966162932409264,0.030537814570999633,0.026590518078682845,0.042500426703517225,0.03458096533822669,0.040917337589379876,2.900539516959011e-06,0.03856242423509254
-0.004667820098633646,-0.01037838248238604,-0.010075115469623419,-0.007757069717910625,0.003997948900617387,0.0008169271586276339,0.007498389764594826,0.0025177404273447057,-0.0014034728977621591,0.004703488989218352,-0.040890532928418766,0.0045069598797765065,-0.0052484257918198884,0.00820485539696797,-0.01611571277476148,0.015081357372906723,0.024393443208255483,0.008303165191413164,-0.03593632332801605,-0.006686636475029206,-0.0142759122530427,-0.012159431470263382,-0.004768797089175436,0.002829294865000498,0.010883949201767662,-0.020608313990501448,0.0,-0.0031436110899648595,-0.02096652838654589,-0.003234703149450069,-0.0027907211234260987,-0.011306608752306435,-0.0008145826157201497,-0.0009105554715604369,0.0030724289344591926,0.012594712608069603,0.005926066276598196,-0.016015612220368014,0.005983782761045442,-0.015945614357388893,0.005757540886198065,-0.011587473358364742,-0.010346936817165697,-0.012695825040389574,-0.003665622919073186,0.0191978488071462,0.01828805332968897,0.012631962782776673,-1.6653345369377348e-16,0.011689850968795268,0.02261233234107729,0.01702222001195952,0.004390529883555261,0.00971266058322695,-0.04739259310770311,-0.021683543222481838,-0.006095116824893276,0.02337914546362818,0.03706037687497099,0.022111972859375217,0.023542673212541054,1.2343747563703378e-05,0.02525471095414311,0.02589686145599923,0.02163620610154804,0.00044119255271701796,0.0219517677670647,0.027084548080504645,-0.008259076763376061,0.04151067201083114,0.023570871680570538,0.028592845135872347,0.021406184942456274,0.028492754895475647,0.019565646335197417,0.018476006813348822
