0.0,0.04331625841114056,0.04718467578463775,0.0,-2.6115756533218182e-05,0.045922759235535626,0.03667068178152599,0.028565334425843525,0.03044046154802421,0.07241344363682001,-0.00021623757586419767,0.08110747178136901,0.03445469220438152,0.04227247059610678,0.06279251121747603,0.04540038950620412,0.034871049813715804,0.04021307826422377,0.0,0.04525061875930858,0.04514026675016125,0.04344158048873947,0.031536716629716854,0.07980663413037692,0.05445406456816643,0.05976624434164368,0.03039059881496503,0.036240401449370185,0.044644610765045945,0.056816286835140895,0.041850193659101365,0.039118276226489335,0.02363851027863756,0.031913059572355906,0.03894072068580162,0.05078888453319835,0.0,0.057878752865201666,0.026125798880925477,-0.012258983454700279,0.011088931601250351,0.018082252689454015,0.0,0.0,0.007475555057446792,0.026713371463967073,0.035400108433168764,0.0,0.0,0.0,0.04644282950436135,0.0,0.030346598483616982,0.0,0.05138458040002941,0.0,0.04193183754016344,0.02760522061690024,0.0,0.061975802085448395,0.035087210034530414,0.041205098537335005,0.02664511989054391,0.0,0.03791914593277251,0.07773899174474114,0.04797694416372261,0.01932356799043744,0.11286861214861443,0.027273150359720277,0.045836301029309356,0.025987866802696102,5.521745914127685e-05,0.018607786206925103,0.0,0.04100448919480565
0.04331625841114056,0.0,0.04976768871932996,0.0,0.06150847462817899,0.05638767181662274,0.056346816266230226,0.053492762528709936,0.05447471870405696,0.06773628270886067,-4.11564536499931e-05,0.03617248803154777,0.049032079832956266,0.0,0.05791647692963159,0.04457814122946446,0.05557247950698252,0.05267863708176901,0.024300109541052883,0.052224558996283144,0.030878836907544005,0.07094091627871346,0.05573017824925941,0.06707131966910113,0.07037811082400869,0.08514350696983364,0.06293128313639246,0.043606777596289614,0.056195111352698335,0.04912869087708793,0.044476671170482596,0.03997107298130603,-0.0013344481055342916,0.030589393720381997,0.04483828906888454,0.002404312254723817,0.005896336659900081,-0.00030915178104062857,0.03189925632489038,0.027625482657287093,0.02416570388897521,0.0316393967308477,0.013654871775033994,0.0,-7.840865153485588e-06,0.02446504443628883,0.03180755078090386,0.010730543224991174,0.0,-5.551115123125783e-17,0.03947321671623949,0.029064690940023175,0.017777428269499795,0.01558931726732371,0.013896456350131037,0.0,0.023500339670135484,0.037327024675718135,0.0,0.056389674777325094,0.04271134280552952,0.049581188649873265,0.042140326076832935,0.0,0.06776740313615243,0.03190309854797846,0.05840623481222912,0.04431561141495277,0.03752693054090489,0.03626750595590428,0.04090838089702875,0.06443913790952505,0.055252879922989384,0.03474725353923125,-0.01038228429021748,0.038272982968912295
0.04718467578463775,0.04976768871932996,0.0,0.05554446427713633,0.05050242075917388,0.04997426122913995,0.045563842234264074,0.05507555851919643,0.03867928379357338,0.044781431838335384,0.05469977854406649,0.05287862697951201,0.034910198327714914,0.06716507682086686,0.02867874291852518,0.05027390541594878,0.04504047433894143,0.03637474284362535,0.0402210139210305,0.04588307390933977,0.01804718277289108,0.047784298783844104,0.08904522459660325,0.026591236330126,0.04742650741262838,0.06115807815735841,0.030432881552748092,0.0315327820899694,0.048613506055393496,0.027962832610541166,0.04328320180094336,0.03602737286615054,0.05216730730746533,0.030232781196755876,0.024200998754029535,0.04615523683417261,0.0406186733309139,0.04583507703727158,0.05248959173164458,0.037103296714604106,0.06354798918390703,0.0350174412643901,0.029329754004180475,0.003981639646632451,4.761929803609455e-05,0.0,-0.0035878947245905346,-0.04456024157848176,3.401206452763317e-05,0.06547499553670333,0.05502641794479335,0.05773824613483547,0.025596111238605834,0.010942474863874674,0.017978169802764565,0.13556465714856952,0.005614712811381595,0.05320134189881964,0.05972442828783353,0.03532183406139028,-5.964287002646618e-05,0.0,0.0,-0.0005185280067181441,0.056601103381572204,0.0007383601265484874,0.03628056637704663,0.06545859181641822,0.0,0.0,0.03717839507987025,0.0352711933199128,0.0623211558446265,0.06319503571407076,0.0374441122794521,0.056261342788273216
0.0,0.0,0.05554446427713633,0.0,0.051667181704732834,0.04895966131915819,0.026865448218232835,0.09621727721898315,0.07787053151834905,0.04193413397875961,0.05584770672141126,0.026487505445837112,0.047552888406238225,0.0739252899177647,0.006362060023636706,0.0,7.736682075659695e-05,0.0,0.05345260041840816,0.037194861883444674,0.0003361965088362062,0.008119188992982362,0.04093637512434012,0.0044979478448999854,0.0,-0.00010426812437297484,0.05017548664187993,0.02425488858838487,0.007020330571851474,-2.411734131130272e-05,0.03455841438676499,0.016553685946061936,-0.04020115602285573,-0.036837003922789546,0.03590713146321994,0.04634034826576661,0.03298641226770327,0.03509644420442143,-0.00011560438641566861,0.0,9.38486170999342e-05,0.0,0.0002944837889744534,0.0,0.0,0.0,0.0,-6.7231488032892806e-06,0.0,0.0,-6.630575749289047e-06,0.0,0.0,1.5739757049493264e-05,0.0,1.611353802555282e-05,0.0,-1.1848894094779183e-05,0.0,0.0,0.0,0.0,0.0,0.0,0.0,0.0,0.0,0.020944919546974305,0.0,0.0,0.0,0.002444500228369617,1.542771446189084e-05,6.06791574136456e-05,0.0,0.0
-2.6115756533218182e-05,0.06150847462817899,0.05050242075917388,0.051667181704732834,0.0,0.0632175018020315,0.026873978470652204,0.030377150877613224,0.05435182210353151,0.04602213267951433,0.04402981334388395,0.05380702008091581,0.024252457453489362,0.02344366621608096,0.018523505686729003,0.04698748768185379,0.06558795196490952,0.07013760494822291,0.057275968505623664,0.06018786739825999,0.02423780196093389,0.054703019819557885,0.047857522337457215,0.05741537090289539,0.05296184888101024,0.05986841432674317,0.0529994133629601,0.02760145080938592,0.05069594944790118,0.044667223064556894,0.05677731247387546,0.032430349139713766,0.03300303196543086,0.01777407915529955,0.018481527973498946,0.03538986044111575,0.05242225065791528,0.04658286020559682,0.035493864179457046,0.02407584869270951,0.03409431200530788,0.018862537913468702,0.013401110476680633,1.6549064014104164e-05,0.04507790438698561,0.0,0.032642681753954406,0.054210425951310204,0.0,0.04816014703258931,0.056306224241357006,0.054004798664420095,0.039640026274336715,0.054605097793407276,0.0006164075718204653,0.07529247469947398,0.008661604872925055,0.05147034781413562,0.039055527973124005,0.062153109903576864,-6.237425426053322e-05,0.0,0.0,0.05930713013137889,0.06272482870604601,0.0,0.08397825890601573,0.057751493563380496,0.0,0.0001351929882382752,0.060518468829080685,0.06124342522057835,0.06060174267134044,0.06097413484262676,0.027670277952117517,0.05189864854296833
0.045922759235535626,0.05638767181662274,0.04997426122913995,0.04895966131915819,0.0632175018020315,0.0,0.05757312165216544,0.06383611104096698,0.07310636676882531,0.06023477456565207,0.07092044932990627,0.07623298411648777,0.053271520292699215,0.05025355076135973,0.0499253684477457,0.05225305854908202,0.027340959044219737,0.052478542077158685,0.06162858877468863,0.06319976731712112,0.05785318960560615,0.0604900382967995,0.05332035021089815,0.04934721283674165,0.06293232506185403,0.0711533858446668,0.06565255850106283,0.05541120099996516,0.0745541694486973,0.043961232058373156,0.054485242945827406,0.050969985256965,0.050409166302673114,0.043573644689060165,0.04257192501699425,0.03560005826252288,0.05104561954855075,0.061077996101565335,0.06387980448017239,0.053600806087153896,0.0668184339335346,0.05620525191115322,0.03983467359544396,0.05308208742776088,-0.01989077650746751,0.03259026134537374,0.051809437279427384,0.040274909255351266,0.0,0.05834540232956331,0.05134215385296714,0.049395934242187245,0.03450709155927323,0.04717107603259629,0.027369883510851456,0.04649750081013293,0.017633860908121912,0.049349283317405956,0.03996657644330265,0.054081406584843505,0.054884951877442134,5.551115123125783e-17,0.044664558988742,0.04834323199601598,0.06417594006770411,0.05501855125158439,0.062389325771574244,0.04653884609667491,0.0,0.04027311290187313,0.04299388985369085,0.061794243520159164,0.06177791781257158,0.0658693347761865,0.06922194283916194,0.04805216737987705
0.03667068178152599,0.056346816266230226,0.045563842234264074,0.026865448218232835,0.026873978470652204,0.05757312165216544,0.0,0.04137812491903242,0.05257341309064356,0.059820316318891065,0.047702264864028565,0.07722327408122565,0.050963111762454716,0.030960236287324416,0.047424908983263514,0.041551807190228496,0.05529447811928223,0.04950141388498691,0.050846667016812785,0.05582606508903898,0.03087379803466933,0.051125120788480416,0.0435092085234588,0.06483235637978907,0.05671907581432484,0.06112814492330543,0.04806667518077201,0.045092009921381127,0.0537566042009599,0.056323381156428654,0.06416568045930698,0.018783829734440927,0.04210501136364325,0.03758436936455567,0.04092381204396761,0.011292812551239984,0.03134822254399605,0.06396643897027848,0.02475349187717446,0.0312048716341784,0.017845853771155995,0.007329650262400844,-0.020089595126607407,-0.00047764704507546885,0.05887494754220157,-0.00020205931396521937,0.04292118377970633,0.030963150352445123,0.0,0.03711795848478383,0.039161847493050295,0.029765794968972248,0.030008360425242964,0.0365096785640322,0.02800082996191383,0.04409601402460617,0.04302160148088885,0.04394702787071081,0.04236222015855301,0.046424389174236746,0.04004044325456696,1.1102230246251565e-16,0.05357711247899705,0.029318171309380858,0.06120944807373779,0.045017379577313055,0.061035433870875955,0.0334086951605671,0.11713955737631299,0.05361650600916723,0.04848329029410109,0.04436314319215895,0.04776153488851009,0.0442545370159827,0.05551346883467101,0.04067475174053592
0.028565334425843525,0.053492762528709936,0.05507555851919643,0.09621727721898315,0.030377150877613224,0.06383611104096698,0.04137812491903242,0.0,0.04500260166452763,0.0504919783617066,0.055485331247702,0.05566528448217667,0.05039505880433304,0.038165121508834554,0.06475824516784245,0.04905401693498912,0.030507201078291024,0.04186100045489938,0.0676170960530339,0.06119354896111945,0.04970213936162399,0.053419434932935106,0.04094416329552303,0.047009928582570804,0.04178709603517183,0.04227413853822981,0.03788350280394703,0.060046350113842295,0.08055194321092701,0.056859491949484586,0.07061626469071236,0.06089282790510325,0.07703539108177526,0.059008365912275484,0.04738521419262448,0.021972273262698905,0.026079771215520575,0.02014179503976604,0.048529628062563446,0.0018198346601586701,0.04158093811251995,0.046720194062870646,-0.014950318720319322,-1.5372608017094613e-06,-0.00013013027962882617,0.048885508702319724,0.0380725624137615,0.017253194468285882,0.0,0.030251371500136792,0.01936976796409151,0.027976355654203755,-0.03301225643526767,0.02514458742309056,0.01400831800822977,0.030342274881535958,-1.1102230246251565e-16,0.03645234429635713,0.010273558059421872,0.02695275107769729,0.028921699263431078,0.0,-7.972878390771765e-06,0.021993416540190047,0.06116859913674655,0.029112397350423203,0.05111074767769358,0.018078892101867472,0.00044872325695011206,0.037056249493224114,0.05273389512237425,0.028958786847544493,0.05027238852971733,0.028618800971858538,0.07517304535323616,0.04747139393373401
0.03044046154802421,0.05447471870405696,0.03867928379357338,0.07787053151834905,0.05435182210353151,0.07310636676882531,0.05257341309064356,0.04500260166452763,0.0,0.05368455192931976,0.05760828607583074,0.055553069872817606,0.0810930339528198,0.06091296959139564,0.05921512775189086,0.05905215397331681,0.054101069868993046,0.06410400827925117,0.05984389629083303,0.0574240563211445,0.06103951049714684,0.05366479065741636,0.04952131624206407,0.06302762474491796,0.06652368669996311,0.070257502642397,0.06424390221431237,0.04724504137018137,0.06287444534978703,0.04073753151154724,0.05624107342666418,0.04431334541865434,0.04274394063364845,0.045704006783660045,0.048381628112727726,0.04397607472907983,0.05338512463682238,0.057576035144718984,0.03896864084053275,0.050925050941234284,0.06360380182009007,0.05217370230516949,0.03127477231374126,-0.03137764801640058,0.06287453934296094,0.0,0.037423990832784526,0.08778045699043457,0.006448120384336786,0.0653240271379193,0.05935017631170181,0.05588226641957772,0.04128544683246527,0.06353386570929498,0.05438378065719157,0.08981568355634695,0.01372266386511406,0.050043630570470676,0.05260030098498747,0.04370983614668261,0.023986746618762045,5.551115123125783e-17,0.0,0.05832364723410255,0.06629632419503917,0.035963495480038576,0.08343249270230435,0.0588084844578205,0.000610857260551656,0.007125482520759507,0.0822274138927302,0.06423804186630655,0.06366267719065788,0.06598440684175227,0.037958190033058115,0.05464131482603585
0.07241344363682001,0.06773628270886067,0.044781431838335384,0.04193413397875961,0.04602213267951433,0.06023477456565207,0.059820316318891065,0.0504919783617066,0.05368455192931976,0.0,0.05196258973193757,0.07618481228482943,0.06015739954496241,0.0724623325053751,0.04799390820794536,0.058911962613497904,0.06381645950724812,0.06318837989783299,0.06285509596111627,0.03704170759617881,0.05360753664234669,0.04696431739043483,0.043635250459219566,0.06890775813744382,0.06621539434505114,0.08838399461978136,0.04935882838823258,0.06427281476747093,0.05671884934364524,0.026434555871794607,0.06929537645205969,0.05908489557904534,0.03163351681824117,0.028498282157077615,0.03173382469597957,0.003034076478031833,0.05426483566286244,0.03471110453244919,0.06488503873519524,-0.01875652561172947,0.038722469683625915,0.08307265362368438,0.118748463806297,0.0009751514910185666,0.0038893689192948666,0.052605357899487004,0.023659382141918206,0.026569918845242402,-1.1102230246251565e-16,1.6653345369377348e-16,0.03397281481268177,0.012734753918567765,0.0005705074633406415,0.042998858863595446,-0.00016577385433547143,0.04572929338608789,0.010194332176154619,0.008812189080815158,0.0,0.0005001448146719212,0.04290251185722316,0.02560130158512436,0.017624313327575747,-2.4315941730135293e-06,0.016245424745542858,3.072531154113545e-05,0.03044610365253303,0.036914707310741424,0.026297057128510493,0.02691798625275632,0.0346695760198269,0.05341865765077036,0.020080184578638083,0.0515177629875071,-1.1102230246251565e-16,0.011707487898384106
-0.00021623757586419767,-4.11564536499931e-05,0.05469977854406649,0.05584770672141126,0.04402981334388395,0.07092044932990627,0.047702264864028565,0.055485331247702,0.05760828607583074,0.05196258973193757,0.0,0.058816606665515636,0.04580000714006249,0.023383441184626375,0.0,-1.8263912145988215e-06,0.0452275201096497,0.048411862688515495,0.05423767420237885,8.393854356025798e-06,0.05779519288245044,0.011033230461033383,0.06799824667168836,0.05394622619380113,0.04813815309343322,0.056057304817512976,0.04389690579361982,0.04765113395493786,0.05344830534677808,0.053715251436301736,0.052847004317535085,0.035124082975509396,0.05120489170425646,0.03856976820632513,0.040082813618312785,0.012981039795367522,-0.021976633194002837,0.0487667472412856,0.027324210085603262,0.04385745010362907,0.025627740462728255,0.0072418742435701455,0.039219750448101,0.005246650418095911,0.06223751387759252,0.0,5.551115123125783e-17,0.11212401458927468,-1.473133300300411e-05,0.08843256379654973,0.0703464382662472,0.07191143146249623,0.04440006063931612,0.09278370416757364,0.015307901545351388,0.08600959127464236,0.017953917598611868,0.07345847807553496,0.0795223219229304,-8.329567175224817e-05,0.0,0.0,0.0,0.008588341212082129,0.04716511761773001,0.0,0.039405336813045144,0.06468379471892105,0.0,0.0,0.03014954051080254,0.06542587246473985,0.05300835273648913,0.05449931052670304,-0.0005810573883150427,0.03744554145802881
0.08110747178136901,0.03617248803154777,0.05287862697951201,0.026487505445837112,0.05380702008091581,0.07623298411648777,0.07722327408122565,0.05566528448217667,0.055553069872817606,0.07618481228482943,0.058816606665515636,0.0,0.06545037558880412,0.044588721889963545,0.015666479643911713,0.03517092322560267,0.06985064128367369,0.06256276009902417,0.05849061937586675,0.01269329121811974,0.059224735981871,0.07511503054850327,0.05592418287173151,0.07446760842630845,0.064188729112027,0.0439121102622862,0.047369116256028354,0.06692367516284109,0.02586908433319074,0.03277242498454641,0.07015282151090152,0.025472714459986723,0.0012496497588125322,0.025013183295474972,0.03840804554989974,0.009927050334940679,0.07686109576666211,0.021076667422730844,-0.03372734255892429,-0.018215489341058433,0.06365599657317206,0.1314921904640901,0.02108570840479107,0.026556807373182084,0.03387267030976965,0.060440793677054905,0.01928747858048835,0.019370959615533312,0.0,-0.0002128197085959349,0.02225459419464837,0.03896126184380744,0.0,0.00800544596499636,0.015392218321900075,0.014276058501851263,0.03162197361197211,0.04149576416395728,0.0,0.014409287132764903,0.03577356030124523,0.02535310190310719,0.028487734675717302,0.0,0.009067791032191852,1.8575866684522602e-05,0.019023624747492307,0.07963447602355683,0.04885923677455395,0.03732681757380307,0.04828485454866549,0.10554894545424975,0.04149326097026118,0.012701971742848817,0.0,0.02132303166340982
0.03445469220438152,0.049032079832956266,0.034910198327714914,0.047552888406238225,0.024252457453489362,0.053271520292699215,0.050963111762454716,0.05039505880433304,0.0810930339528198,0.06015739954496241,0.04580000714006249,0.06545037558880412,0.0,0.027938186977188195,0.04739340830298633,0.03896679952882398,0.05920561242530431,0.04805705208774086,0.047591064489495516,0.05270001899625609,0.05227344566082531,0.045811334522432356,0.04440584436772821,0.058402843982308994,0.05168445690330231,0.05704605885156022,0.049736620042570734,0.05476749877799342,0.052234994254665656,0.059435204249604856,0.05528283269536849,0.036058802265970025,0.05656970526194588,0.043204215753223085,0.0472581033252269,0.008780253553878792,0.04023201341675442,0.05802955928238529,0.053948797031859064,0.032165781841779595,0.04598532331591032,0.027256041255477648,0.0367845827333636,0.028677727452257162,0.05937075766949279,0.02335041490857548,0.04254645325246137,0.03492881470882936,0.0,0.039849984621456724,0.041808630329722596,0.043457674366095045,0.03091753564005978,0.033366909538968925,0.03834115392451509,0.0450345151923377,0.04428546258632271,0.04754386156223178,0.004873848263517222,0.05543405472899787,0.04407838693417887,0.038833752269207544,0.04110084911439549,0.04899973846978345,0.05697443594600693,0.054124385658547214,0.06104735420489299,0.0413109142647321,0.051916848160667606,0.04106211946989069,0.045609334389111744,0.05097954169283159,0.05483789126504601,0.055118787883338904,0.05811021339806166,0.04073431376563175
0.04227247059610678,0.0,0.06716507682086686,0.0739252899177647,0.02344366621608096,0.05025355076135973,0.030960236287324416,0.038165121508834554,0.06091296959139564,0.0724623325053751,0.023383441184626375,0.044588721889963545,0.027938186977188195,0.0,0.006297250777653751,0.0,0.0,0.0,0.06226637595042661,0.006931062319494363,0.04063866151050993,0.0035618307127917026,0.0520435553065397,0.04406871932877898,1.4380722719864458e-05,0.050887858219028914,0.033315477351423595,0.03806438152208885,0.029169104938683132,-0.00017019082085439896,0.05552656255407867,-0.07606629375988855,0.009181732076053217,0.00527592487848183,-0.012037836102866462,0.010633417346571028,0.01986722260684784,0.08838645440908427,0.006910036879644532,0.0,-0.0008883952633270131,0.0,0.025444487822057105,0.0,0.0,0.0,0.0,0.052541476164776335,0.0,0.07800497756289027,0.049274036790142806,0.05605214821522675,-0.017333686909461854,0.04655787523072519,0.0,0.06803405339844831,-0.00045603126879156797,0.06021192406810366,0.04446826831136441,-5.551115123125783e-17,0.0,0.0,0.0,0.04457621676404533,0.0008350498378651983,0.0,0.0,0.03487670508655061,-5.359757320960723e-05,0.0,0.0,0.06446855038810884,0.043817369297733,0.008109069208879882,0.0,-5.551115123125783e-17
0.06279251121747603,0.05791647692963159,0.02867874291852518,0.006362060023636706,0.018523505686729003,0.0499253684477457,0.047424908983263514,0.06475824516784245,0.05921512775189086,0.04799390820794536,0.0,0.015666479643911713,0.04739340830298633,0.006297250777653751,0.0,0.05710780235602547,0.04672591597348652,0.05114639245557412,0.0,0.07437169328454357,0.058096925483017925,0.04651270569013388,0.01691540093732463,0.06969202135537411,0.0602223240017028,0.05835805197726657,0.03626211863764833,0.04048728134413648,0.05345729690542983,0.04641034162322588,0.048451063026114405,0.039885337636958784,0.04444194690823222,0.0395455375220401,0.04311887147206428,0.0701813879920602,0.07871310115252683,0.02160802939521561,0.047011497777097844,0.05808709273131729,0.04800609495134772,0.05472785167373151,0.11143938548831783,-0.00022383144929305487,-0.001296301557979107,0.052588579144970116,0.04953479838745117,0.02712447016445141,0.0,0.0,0.05472052232272068,0.07714079579136002,0.04646590645332349,0.030491254645182597,-6.440472652452511e-05,0.0,0.013076175364470699,0.05074338548631219,0.0,0.0592948473022501,0.059677077468594075,-0.00037704228404894513,0.05496831517143541,0.0,0.04760375663741112,0.05010851255981352,0.049760744796944145,0.049090483779095084,0.01401437609037498,0.049916514288513125,0.04349724858811033,0.05807850325930619,0.05343327743270054,0.051637497619902606,0.05105660056303779,0.05013141361050205
0.04540038950620412,0.04457814122946446,0.05027390541594878,0.0,0.04698748768185379,0.05225305854908202,0.041551807190228496,0.04905401693498912,0.05905215397331681,0.058911962613497904,-1.8263912145988215e-06,0.03517092322560267,0.03896679952882398,0.0,0.05710780235602547,0.0,0.05982516860505688,0.07003907088810257,-0.0009056328421235826,0.05122897080163019,0.04726791380959855,0.069874144563771,0.04990363300392231,0.04605568505912894,0.0656333393759338,0.061815429375948194,0.05699253402797322,0.028599974548890517,0.032057930830636516,0.016849677633445304,0.05363327717113525,0.04642263290001747,0.03891694014240005,0.04543934915034337,0.059327024971649545,0.042913669789504394,0.004442979267605396,-0.016219936442566807,0.034626009580297656,0.025425369943313625,0.029875095885573466,0.03180031663692823,0.01771181619138129,0.0,0.0,0.024393884016117806,0.04342963113380344,0.0,0.0,0.0,0.032936017196186274,0.03792207526015129,0.02315874403977486,0.0,-0.002276353400995468,0.0,0.030783678586115748,0.029314922857229087,0.0,0.05127177518719739,0.0447745018039335,0.02068164357459512,0.03200239821465356,0.0,0.05961658357978272,0.03866526017332711,0.06131655235226641,0.050354357739816835,0.07358380244385593,0.03225921134368426,0.04703233802803575,0.07817685110909667,0.07633636113197734,0.04125655113198606,-0.00013540919512722294,0.042456345828465414
0.034871049813715804,0.05557247950698252,0.04504047433894143,7.736682075659695e-05,0.06558795196490952,0.027340959044219737,0.05529447811928223,0.030507201078291024,0.054101069868993046,0.06381645950724812,0.0452275201096497,0.06985064128367369,0.05920561242530431,0.0,0.04672591597348652,0.05982516860505688,0.0,0.07712988418593092,0.04109960437458626,0.04648194170087949,0.032526206860837736,0.05595872443992289,0.03789319905500793,0.039343915210838354,0.07255809050464218,0.06751011678595381,0.040073882421022444,0.061573988758704123,0.039012014152103036,0.03707605220560273,0.047247556674009594,0.04872770935034354,0.0502345175602294,0.034667875089834155,0.04093308201006718,0.03667527782882812,0.009388440830211398,0.03639236507976429,0.028018718608997517,-0.0038029768404901354,0.012593081875955925,0.031584707163422376,0.0,0.0,0.011468597022880944,0.017656016859106394,0.0389830103987871,0.0,0.0,1.6653345369377348e-16,-0.0003149229889597427,0.011447772192434091,0.0,0.0,0.006773159393023032,-3.86343736809569e-05,0.013943649510272327,0.03618345867198808,0.0,0.0,0.034586673098241316,0.023118517756624435,0.019259862467947197,0.0,-9.136119264896436e-05,-5.551115123125783e-17,0.03959992245526811,0.0002907389420152562,0.014784034880005625,0.03275147256392957,0.04019436466550752,0.0,0.042473271645278365,0.017496360559766666,0.0,0.026692512560789805
0.04021307826422377,0.05267863708176901,0.03637474284362535,0.0,0.07013760494822291,0.052478542077158685,0.04950141388498691,0.04186100045489938,0.06410400827925117,0.06318837989783299,0.048411862688515495,0.06256276009902417,0.04805705208774086,0.0,0.05114639245557412,0.07003907088810257,0.07712988418593092,0.0,0.05559454326405955,0.04804982239417743,0.04427011099375894,0.055008199369521116,0.04905248940161944,0.04177127981074957,0.06065242867406351,0.06470898375665901,0.05890991115754679,0.044621680937387054,0.03882576259454967,0.03531814559801921,0.04428898401516518,0.046170807959850235,0.05196614693551527,0.03681152718568703,0.034611805166028964,0.031408103501880336,0.0,0.0744892633447804,0.03869433193799321,0.018463655720304395,0.030141711793228554,0.03118455358858402,5.551115123125783e-17,0.0,0.05280015076994471,0.020229228540391386,0.03931555952039911,0.0,0.0,0.0,0.03854672480677429,0.06546839851954828,0.015481562073125843,0.0,0.007134622550600267,0.0,0.010867791959567552,0.05444591601080018,0.0,0.04593052751289772,0.03903727190850653,0.029640522272387948,0.029514520534131283,0.0,0.07866891111203123,0.06195699282431738,0.04756646112259816,0.051372052110679745,0.002599406732681331,0.03774579804412148,0.046262160574408684,0.0465483096055202,0.04750806504553268,0.03171507928583389,0.0,0.04164190256546452
0.0,0.024300109541052883,0.0402210139210305,0.05345260041840816,0.057275968505623664,0.06162858877468863,0.050846667016812785,0.0676170960530339,0.05984389629083303,0.06285509596111627,0.05423767420237885,0.05849061937586675,0.047591064489495516,0.06226637595042661,0.0,-0.0009056328421235826,0.04109960437458626,0.05559454326405955,0.0,0.007001730928849814,0.016514601963554587,0.03816413379501615,0.11593879294507647,0.06635493919118762,0.0472469615979596,0.048552063031126746,0.0362036561408659,0.0453910550745496,0.06171392878643894,0.06519091358996137,0.05720473178799307,0.0509298207654989,0.015920924160503835,0.04375349368551851,0.04658186953309246,0.05009871911437819,0.04568371928460557,0.050359466535197406,0.06770252145213179,0.05344687239976825,0.031974501917796605,-0.002861441003347287,0.03787270158276057,5.551115123125783e-17,-1.6653345369377348e-16,0.0,5.551115123125783e-17,0.15011714303087892,0.0,0.06319549519319712,0.06086781583016165,0.06036341971942227,0.04478657853224366,0.06259324962990409,0.0008517887198270513,0.12597675176630718,-0.0001400879558206003,0.05662578399310103,0.04768973965436202,-0.0006258596717158005,0.0,0.0,0.0,0.07790106635769367,0.042819928453030676,0.0,0.005531853934908237,0.06154127446237723,0.0,0.0,0.020470600828102814,0.06568469614395533,0.06533824027268953,0.1047725857196834,0.0006990623867987322,0.04656010729542326
0.04525061875930858,0.052224558996283144,0.04588307390933977,0.037194861883444674,0.06018786739825999,0.06319976731712112,0.05582606508903898,0.06119354896111945,0.0574240563211445,0.03704170759617881,8.393854356025798e-06,0.01269329121811974,0.05270001899625609,0.006931062319494363,0.07437169328454357,0.05122897080163019,0.04648194170087949,0.04804982239417743,0.007001730928849814,0.0,0.03718909450905322,0.06969924697780933,0.06307720128606936,0.044378957705543176,0.05269390960192866,0.042979806346155947,0.08495369261043068,0.05291098916695264,0.07528988689014571,0.042971327090795486,0.0527423027223603,0.053583520396038864,0.06345519124191079,0.045687788723718425,0.0493401618888375,0.0664163019506987,0.06617151513184705,0.0019366084387191784,0.05628354650541767,0.057399389353654795,0.0531959674939117,0.06180531957579355,0.09106998938482697,0.00016388174979753423,0.0245777575068567,0.03617672515155235,0.04949051350775213,0.03418980089239754,0.0,0.014029092930413545,0.06061790123865424,0.06474422262809876,0.03796888084023514,0.029458437403411863,0.004426175293830548,0.03813642272532075,0.011138080119703353,0.05709661937084004,0.0,0.04921769785642277,0.042886819361655726,0.004205386764243646,0.03315481600220194,0.008363686294431738,0.051703056167153316,0.03662121870619206,0.04711270713556848,0.05333442565470159,-0.0013936194662633739,0.037365016130009365,0.031293809287894214,0.05943135413370487,0.06641333365929186,0.05899913377578442,0.06965310725702678,0.04897227044601532
0.04514026675016125,0.030878836907544005,0.01804718277289108,0.0003361965088362062,0.02423780196093389,0.05785318960560615,0.03087379803466933,0.04970213936162399,0.06103951049714684,0.05360753664234669,0.05779519288245044,0.059224735981871,0.05227344566082531,0.04063866151050993,0.058096925483017925,0.04726791380959855,0.032526206860837736,0.04427011099375894,0.016514601963554587,0.03718909450905322,0.0,0.04506288385784302,0.028698416031809504,0.054211354280045976,0.043552349116048994,0.06052817027742635,0.02818987224095043,0.0540532676357659,0.06280928064337982,0.04906549760848267,0.04353128616279023,0.039042128390751885,0.00963342832968872,0.03569693796094103,0.049381643578777334,0.04610709748583852,0.01632713416290782,0.047121980675104425,0.028769749825797053,-0.0007863821544677463,0.02992217156953586,0.037031419261208676,0.028318024878698056,0.0,-0.000571229543021412,0.07110606636728711,0.026290537693238747,-0.00013741105429021516,0.0,2.6326642813545575e-05,0.06204911146845499,0.02602264334974591,0.009634763787648604,0.013768634551556969,9.721414423458086e-06,0.0,-0.0061693547842499585,0.060127063238822887,0.0,0.04523102822929459,0.04469243340215984,0.0,0.033162790550365084,0.0,0.04636155136819409,-0.0016358495603507328,0.028235026113050232,0.02581430888066255,0.05358223926469924,0.030773537566431586,0.03314651757148718,0.04692722448296188,0.06245803629882418,0.05323451055742584,0.05319110475487754,0.02881207232744981
0.04344158048873947,0.07094091627871346,0.047784298783844104,0.008119188992982362,0.054703019819557885,0.0604900382967995,0.051125120788480416,0.053419434932935106,0.05366479065741636,0.04696431739043483,0.011033230461033383,0.07511503054850327,0.045811334522432356,0.0035618307127917026,0.04651270569013388,0.069874144563771,0.05595872443992289,0.055008199369521116,0.03816413379501615,0.06969924697780933,0.04506288385784302,0.0,-0.01843552743869198,0.061026090204049144,0.06893583668683423,0.048594103556000245,0.06512288707358094,0.03417403366497529,0.056521924390136036,0.022732540354762187,0.053422382544117464,0.043292519320066,0.04590372919312169,0.047065497668739575,0.05034005495529659,0.06991071669727233,0.054129123890362396,-0.028546500318991364,0.04908714944272036,0.05927324812270057,0.04984133902207205,0.05557081160284494,0.025991724098959945,0.0,0.0021093593976939107,0.03417568094994594,0.05011627282274872,0.027823304549815797,0.0,-0.0003566024171755,0.06511188996583728,0.06319440509426105,0.013495826211107065,0.03920669834771784,0.034764218178231165,0.0,0.02968811831234769,0.05791595630805085,0.0,0.05348219432047874,0.05780755499522239,0.042475804019908414,0.044915866690393436,-1.1102230246251565e-16,0.054245683869649175,0.05347497045413374,0.055018624550369655,0.051773626606642864,0.05603353179620374,0.042353492577037744,0.03925450982324341,0.06391609184905284,0.0703295639789211,0.055489534695686515,0.048809233784233796,0.04941086214116608
0.031536716629716854,0.05573017824925941,0.08904522459660325,0.04093637512434012,0.047857522337457215,0.05332035021089815,0.0435092085234588,0.04094416329552303,0.04952131624206407,0.043635250459219566,0.06799824667168836,0.05592418287173151,0.04440584436772821,0.0520435553065397,0.01691540093732463,0.04990363300392231,0.03789319905500793,0.04905248940161944,0.11593879294507647,0.06307720128606936,0.028698416031809504,-0.01843552743869198,0.0,0.04610185565848274,0.055136729178720534,0.04138248224633173,0.037292157968601025,0.048213899905830526,0.05747635509755533,0.03850005160432929,0.05199973089897442,0.04701409605679574,0.05330920158841379,0.04756469731697127,0.042369326209824365,0.03213956403802559,0.05287825388851197,0.038285969091774286,0.05381391724598816,0.05497308093581227,0.0547214633629467,0.05488466302110495,0.02629518404274994,0.04731856457984018,0.005416475642245067,0.04529376466725715,0.04793757712982799,0.06647715938186327,8.19681281044593e-06,0.04855092471964906,0.04414548417465192,0.04223427297232285,0.008013403530634233,0.04586163931109799,0.034509270624586585,0.07893811596285871,0.02062419827789924,0.04839337832258561,0.03362271360185198,0.04172565577234216,0.0452099108198436,0.012359118457522578,0.058589207730994186,0.08745794201579693,0.05213760943686102,0.030135369616392127,0.04706039463908951,0.04193979052408736,0.008677396767825807,0.046719114278848894,0.038777378060620094,0.053425825112456526,0.05791933903794033,0.054426038274828226,0.0642602887555691,0.05363880764779405
0.07980663413037692,0.06707131966910113,0.026591236330126,0.0044979478448999854,0.05741537090289539,0.04934721283674165,0.06483235637978907,0.047009928582570804,0.06302762474491796,0.06890775813744382,0.05394622619380113,0.07446760842630845,0.058402843982308994,0.04406871932877898,0.06969202135537411,0.04605568505912894,0.039343915210838354,0.04177127981074957,0.06635493919118762,0.044378957705543176,0.054211354280045976,0.061026090204049144,0.04610185565848274,0.0,0.05395066798288639,0.07890212088569454,0.05195561433231377,0.05772769060574651,0.05265009273891047,0.047586158944640855,0.056007405013046574,0.10281663566663385,0.020509148475818972,0.02809065211209577,0.03451178204176658,0.00893152819226778,0.06831742578524341,0.027644385201408217,0.05779197624316562,0.0011302785299643348,0.04719803754224616,0.0775410522781213,0.018409641211944938,-0.0006222048705233907,0.04052802389817606,0.01988279467594778,0.05095269892852711,-1.7582425819950842e-05,0.0,0.0,0.01368859074735812,-0.01319386181117077,0.00031066099996113206,0.0008156308108937527,0.018352508149726277,7.97045882757752e-05,0.04758242493570963,0.003676310851199238,0.0,0.022877272212093513,0.039588625587143655,0.02592857763350037,0.02023863495513545,0.0,0.011340482903738347,0.035955043699386124,0.0665591570598923,0.0028261218013573286,-0.0005114369549850672,0.033191565113630195,0.052374486175181145,0.029596397256392126,0.02888648406484412,0.015402788416277402,0.0,0.031092000966133793
0.05445406456816643,0.07037811082400869,0.04742650741262838,0.0,0.05296184888101024,0.06293232506185403,0.05671907581432484,0.04178709603517183,0.06652368669996311,0.06621539434505114,0.04813815309343322,0.064188729112027,0.05168445690330231,1.4380722719864458e-05,0.0602223240017028,0.0656333393759338,0.07255809050464218,0.06065242867406351,0.0472469615979596,0.05269390960192866,0.043552349116048994,0.06893583668683423,0.055136729178720534,0.05395066798288639,0.0,0.08199516940941265,0.06750219924042716,0.045852839675457335,0.05244842525676996,0.02954781292235742,0.05622458725325169,0.06086827818800922,0.041094137430009,0.04633685702942386,0.05430520538322936,0.03890445155922273,-0.0005042599990766616,0.04868421875953571,0.03625066692513512,0.020902417137259655,0.03136783774637836,0.03836433419975688,0.0002947559027550728,0.0,0.026464393189097934,0.03322121608193451,0.04726114758247135,0.0,0.0,0.0,0.03186973146668182,0.020951938529572556,0.04470241113980422,1.7345590570372327e-05,0.01813961200662545,0.0,0.030177232540348597,0.04829787340184932,0.0,0.05885035416030193,0.044039426110415614,0.03245185979878895,0.03254367816176962,0.0,0.055369038590599384,0.047262256606798,0.05061490279626513,0.03713946639950477,0.028735110822959986,0.038230512058443855,0.052708970169613734,0.06482687150916266,0.03540809059943184,0.039465076775229035,0.0,0.04222435657464502
0.05976624434164368,0.08514350696983364,0.06115807815735841,-0.00010426812437297484,0.05986841432674317,0.0711533858446668,0.06112814492330543,0.04227413853822981,0.070257502642397,0.08838399461978136,0.056057304817512976,0.0439121102622862,0.05704605885156022,0.050887858219028914,0.05835805197726657,0.061815429375948194,0.06751011678595381,0.06470898375665901,0.048552063031126746,0.042979806346155947,0.06052817027742635,0.048594103556000245,0.04138248224633173,0.07890212088569454,0.08199516940941265,0.0,0.04995425076501342,0.05564746048216268,0.055564511826795615,0.05568273994810685,0.058065000923517796,0.04308256748079825,0.042581919493527354,0.03778668028533433,0.041504222252979395,0.0693968076148857,0.03543539289417774,0.04395055017571109,0.040441440074894586,0.029097124736618685,0.033243730039397124,0.041775428380404156,0.018228400409527445,0.0,0.02169584514057188,0.04163064738981137,0.04668966213674264,0.025297201335491848,0.0,0.06046800844822786,0.052218444324251934,0.0420786830914025,0.04142625364356184,0.0362224640125699,0.028215362316303505,0.03332653221592491,0.03941276422225615,0.05062431843101933,0.0,0.053692256444808684,0.05312154451205775,0.04446370155421542,0.04228365527617095,-5.551115123125783e-17,0.04929077451732755,0.026719464741538412,0.05429786416772442,0.04159468044921061,0.03094053136260977,0.04845512988525086,0.04992661455208114,0.05610154237385795,0.042283570802482406,0.044701502099640966,1.906017774488955e-05,0.0486847083391197
0.03039059881496503,0.06293128313639246,0.030432881552748092,0.05017548664187993,0.0529994133629601,0.06565255850106283,0.04806667518077201,0.03788350280394703,0.06424390221431237,0.04935882838823258,0.04389690579361982,0.047369116256028354,0.049736620042570734,0.033315477351423595,0.03626211863764833,0.05699253402797322,0.040073882421022444,0.05890991115754679,0.0362036561408659,0.08495369261043068,0.02818987224095043,0.06512288707358094,0.037292157968601025,0.05195561433231377,0.06750219924042716,0.04995425076501342,0.0,0.04727412985460161,0.062498221533517306,0.03930874587888589,0.055987209478880806,0.044498541461201024,0.06273672922446527,0.048291089025918,0.0419535002523852,0.0333977526670714,0.03353842291284209,0.03641720828923739,0.06607368700495286,0.05206564427512145,0.06735496321371592,0.08147880076388347,0.054178839597584294,0.04996802233379238,0.014055497394201422,0.021535856717773083,0.051248822366473545,0.056980264297158856,-1.6653345369377348e-16,0.061187224142216334,0.04819019139128933,0.046480187392495154,0.01984951155380099,0.04610414428195486,0.043860640877284474,0.0581388566107669,0.015494265599179713,0.05392927654993762,0.047953585789339614,0.049098681962291446,0.045321259148819515,4.184354752190256e-06,0.05048363422398788,0.04687228798685705,0.06197927050804608,0.04310864376819756,0.054962808098524885,0.046803686890040885,0.01524249439048514,0.054829703739611935,0.04696372675332816,0.06045998435354605,0.06689987591832536,0.06969791389657215,0.07751332112103293,0.06326133983101245
0.036240401449370185,0.043606777596289614,0.0315327820899694,0.02425488858838487,0.02760145080938592,0.05541120099996516,0.045092009921381127,0.060046350113842295,0.04724504137018137,0.06427281476747093,0.04765113395493786,0.06692367516284109,0.05476749877799342,0.03806438152208885,0.04048728134413648,0.028599974548890517,0.061573988758704123,0.044621680937387054,0.0453910550745496,0.05291098916695264,0.0540532676357659,0.03417403366497529,0.048213899905830526,0.05772769060574651,0.045852839675457335,0.05564746048216268,0.04727412985460161,0.0,0.055359775038453296,0.06658818269841599,0.06734910327288196,0.04011272295848389,0.04448581362123555,0.05279674967126857,0.07055920671373067,0.030278805641578976,0.06927774640723783,0.05439760527688625,0.07079185704372681,0.0050456722963889145,0.07692098554752463,0.038764677253894875,0.04242670538151566,0.020553896778257308,0.04761921871976743,0.00035338765090742186,0.053443170902698955,0.04049918987871581,0.0,0.05622917587100973,0.049837669091450265,0.05030651842239631,0.047979319234958906,0.030982225295997257,0.0137585485852032,0.038393000679244726,0.04545543782894357,0.0512746532693632,0.00410623881361194,0.05965584654423406,0.04001978433525255,0.024316445838340972,0.029613726534579166,0.058254651704901184,0.05367337278658402,0.05859022411615061,0.06304006374204324,0.04753460630525341,0.024385271318183688,0.03820023128263139,0.050356681550896454,0.05907417808302873,0.06155769703856917,0.05837229168727803,0.06534704748885689,0.04653971513687327
