0.0,0.021768618642384996,0.022116683094429657,0.0,0.0001508498717313067,0.03594853892727151,0.010789641414469031,0.008258155672627499,0.01817552854800064,0.005258646991458615,-0.000459005344953467,-0.013555711771902512,0.04167614704557088,0.001525323942969281,0.013407737297101985,0.015073738064320996,0.009827132229211943,0.005330362470116645,0.0,0.007627678638311652,0.04751628854398693,0.02257209410182398,0.018181321032024245,-0.0019305183660557335,0.008921630176355888,0.007938305298621773,0.0012579198016542392,0.036513965251430136,0.015225404212275473,0.016578338782431923,0.02175720876706083,0.0027140069527326616,0.033935219334281896,0.018440251418344378,0.011351215576795803,-0.004161252318378161,0.0,0.02182798813438641,0.014013376711346115,-0.001157207405552585,0.018553646331044726,0.01205875287757957,0.0,0.0,0.01087468240826761,-0.012238824311428809,0.035609275548969255,0.0,0.0,0.0,0.0107511279898857,0.0,-0.0022822891143527424,0.0,0.0215170110915201,0.0,0.05712608102224981,0.015551047121206862,0.0,-0.00856442090714904,0.02763115354209117,0.034320010172304294,0.02893418239067469,0.0,0.010916732156979136,0.015811573541197277,0.024787211215571037,-0.00035596277926053244,-0.06707677362429942,0.010290232333026783,0.012565474544047106,-0.006985910248874683,-0.0003189471696226631,0.02813974792699292,0.0,0.0042032284579673895
0.021768618642384996,0.0,-0.004251833258564541,0.0,0.005310691726101935,0.007065470948182051,0.0041149394801597294,0.023893040810669564,-0.0033846798664095568,-0.009761309652978611,0.0005728666679519767,-0.0022989215350696646,0.016831932911785474,0.0,0.01155926858496209,-0.0007408578377721686,0.03055858090427882,0.007440563803519262,0.010585468341547277,-0.007296470144213585,0.019780165493714752,-0.012027938318912301,0.011518273727039063,0.010026130085770135,0.006663026163116315,-0.001460854201386863,-0.017236416702095525,0.00957061715816121,0.004825831035923656,0.01545829750930211,0.0037812992493066466,-0.010286080871736825,0.011861034047114027,0.0007028570292378356,-0.00558293266219867,-0.029670740889187697,0.007472904633730959,-0.00033918652573777797,0.026158527801393383,0.03609165155926958,0.029187191689587666,0.024656487195783117,0.00213511115934395,0.0,4.5290416962995295e-05,0.020320548083166745,0.04009575158063294,-0.0027071124297967097,0.0,-5.551115123125783e-17,0.018753553469092632,0.000163617716603226,0.024461557439284076,-0.006551422158670439,0.03407329704009554,0.0,0.014683361088169866,0.02622287713364435,0.0,0.025455526921972282,0.037896524123194,0.031204607074409862,0.03900900226173437,0.0,0.027410500960823814,0.02761327420034182,0.01685397801112648,0.01731785391623547,0.0032295851852837676,0.03886118540850747,0.036743408194523985,0.025685790736143188,0.029669621399896928,0.022879325464866707,0.0066916231975886475,0.024450186672993035
0.022116683094429657,-0.004251833258564541,0.0,-0.0112851888065707,0.0065920591158363795,-0.0052513898198151,0.007668903955094564,0.005732091953290497,0.02149828156395195,0.009164001372140573,-0.03385069644530603,0.00040058264543108013,0.005833711867919922,-0.011551022772858022,0.01766385865186637,0.0022507657101604184,0.019236940994569074,0.015508370264851024,-0.004696990102464882,-0.00224739043319111,0.04386275046234128,0.011040661343826308,0.00475374738447415,-0.01405141100617685,-0.01612747047584384,0.025033018638210447,-0.012118970007725105,0.013196354762972595,0.008678326810519943,0.0002729210637365531,0.011449412910944978,0.00038179265273680096,-0.0010709214523026422,0.011209669219288121,0.005122063520643483,-0.007842013605522502,0.004567383720280815,-0.006400711782157675,-0.0008703338975213359,-0.0058410456492534735,-0.020503807855767664,0.022832513921485886,0.03389109254764816,0.006029120664901244,0.0001431746067377393,0.0,-0.005835265573513049,-0.08590833013182259,-0.0001964605377156592,-0.012967167792388046,0.013586725411120937,0.006642605814540792,-0.005306201708869973,-0.05784225056637626,-0.06805568473470058,0.010698000907244432,0.004014710104146169,-0.004537501856510806,0.006911300221384642,0.028128727706605905,0.0003445092345599199,0.0,0.0,-0.05985682549108867,0.007077396334522257,0.0006723854254378492,0.012227847045936047,-0.0208656128753113,0.0,0.0,0.03366641671908893,0.0031618112278550825,-0.01866211969424164,0.01854801076960222,0.018404729920384222,-0.019523231010479813
0.0,0.0,-0.0112851888065707,0.0,0.007641297783429368,-0.005682701568146431,-0.007126890208833114,-0.007653571922964897,-0.00583002043385733,0.07685322324142008,0.015182182532469779,-0.058049480001706844,-0.0023459028537700655,0.029950336794936305,0.009446866168944412,0.0,-0.0001537142290530813,0.0,-0.010370413571938686,0.008790260246439863,0.00016847631577521227,0.017386607814444566,-0.011806266140127475,0.005449688972885558,0.0,0.0015114407804037167,-0.025510399208391765,0.008182891407623183,-0.01492380821476641,0.00013930662275463135,-0.0017948030467693221,-0.01851765515591336,0.048906137221525925,-0.10306617707996499,-0.10944685641727231,-0.013164249508601594,-0.005512908424099433,0.0018062983115006426,0.0006677542287650273,0.0,-0.0005420885216836924,0.0,0.00024086227025738038,0.0,0.0,0.0,0.0,3.883426211875873e-05,0.0,0.0,3.829954150441628e-05,0.0,0.0,-9.091600808069922e-05,0.0,-9.307504231048647e-05,0.0,6.844159969499053e-05,0.0,0.0,0.0,0.0,0.0,0.0,0.0,0.0,0.0,0.0180614198315035,0.0,0.0,0.0,0.008125883735636164,-8.911358722252238e-05,-0.0003504950393063977,0.0,0.0
0.0001508498717313067,0.005310691726101935,0.0065920591158363795,0.007641297783429368,0.0,-0.013326664795854315,0.00025435890294867036,0.02014685810232203,-0.004569431403472601,0.00967915956470794,0.021582149974912757,0.0016082695902219224,-0.0009520636710100838,0.0007154117561116724,0.022667293760040563,0.018454042037027996,0.006624905092869837,0.016939896561913415,0.023954570867467828,-0.02550242541324782,0.01671653288279168,0.017406230243680376,0.008632706074621299,-0.017577783418189608,0.021029566576394265,0.02641377757587343,-0.00796457229085118,-0.006011094789889815,0.0023754657167976423,0.013716020389341221,0.020600366815727744,0.002347706776467229,0.01011044893487334,0.022640199822609064,0.007303803061253,-0.011161906458728332,-0.057164398294347996,-0.006908183144649416,0.051942393101660156,-0.02501751600355928,0.04316986902499498,-0.027642232331228367,0.05145909576524743,-9.559072817350023e-05,-0.003823248279198388,0.0,0.008977655133155626,0.050469433667374,0.0,0.039462004384994365,0.044177178603643785,0.04250448931653095,0.025460883439694937,0.04588125441477531,0.00013021228323295553,0.07750129376536657,0.00621311307002842,0.04102885845076476,0.017623855926717558,0.014256772371856297,0.00036028626023493215,0.0,0.0,0.04839787846283161,0.0033259444842885233,0.0,0.017825402866647244,0.031425023824408815,0.0,0.000146708527422712,0.006945141522544107,0.029106240008130446,0.03644143563628255,0.03079010998960169,0.0150018687512532,0.05023477702052981
0.03594853892727151,0.007065470948182051,-0.0052513898198151,-0.005682701568146431,-0.013326664795854315,0.0,0.0020001864531552505,0.018857715344338666,-0.0050634339976411424,0.0057632538382692,-0.023103511429777568,-0.003110091040886498,0.010481339189185646,-0.019405070394948043,0.008758791882122585,0.016319317790842836,0.017081130858218718,0.02047559021000339,-0.00154244631746564,-0.009602098863884523,0.006636543016270202,0.004295907855311087,0.0035391607998975227,-0.010177593674884022,0.012912015214592787,0.007638265959706125,0.0034175293006503127,0.021351381215620524,-0.03717461697519797,0.01456482374487622,0.01856195138343003,0.009104124234012578,0.01866770996251982,0.017298708249950556,0.008554672844286959,0.01826060909814059,-0.001085242195187075,-0.0051875211634700436,0.03947643484405322,0.058219276720288704,0.03684281813223078,0.028820780726430795,0.03193780477975339,0.01714229164742692,0.011904048840409298,0.007533191209864121,0.03118372335207359,0.03522231637583173,0.0,0.03166246609031431,0.03986613293167618,0.03749592956876957,0.01413205514605681,0.03487447429209556,0.019876848957500526,0.04665707997035784,0.06090326352419606,0.03214070476543951,0.041116347702510825,0.02361823402266089,0.014261803650380656,5.551115123125783e-17,-0.008348727446946258,0.032725124106289805,0.019987618207904068,0.038963365954478524,0.024818510216871925,0.021222892664705784,0.0,0.020019015086314873,0.02691618638908544,0.022272745416793027,0.02734812810686449,0.0302610968421943,0.018729537769789806,0.03545105804470572
0.010789641414469031,0.0041149394801597294,0.007668903955094564,-0.007126890208833114,0.00025435890294867036,0.0020001864531552505,0.0,0.017255573063060525,-0.001968799502329699,0.007231736335459649,0.034049119381996895,-0.012222499820070787,-0.004058853439821208,0.005629000888190794,0.009562492052257787,0.003571392100576498,-0.004746302414020298,0.0031947783975557753,0.025095857496664375,-0.002022111452594011,0.021113908537224613,0.00914596034303361,0.012897423283556864,-0.017597558036846983,0.011360873989310405,0.013302215267359307,-0.0002760794142613321,0.0054454187163971435,0.009125264156073454,-0.002903093047534777,0.018393339048072055,0.02139194795538818,-0.0069589735008993014,0.016592083920440814,0.010141033225200324,0.019589475914451426,-0.01106625618169943,-0.011216258543525925,0.02586510341426934,0.0013854619063176643,0.037310884825682566,0.01596163225050562,0.036754061557373374,0.07370338410263055,-0.008979062129030102,-9.19982244257378e-06,0.01975180607998317,0.027986215677751503,0.0,0.026360528054378718,0.039134821215255466,0.03340152456009693,0.005765083985145469,0.029437500285505958,-0.021041606834393267,0.04869244343053203,-0.03046539922156266,0.032434325547564535,0.043579211118837724,0.036358791576365124,0.003816536838850304,1.1102230246251565e-16,0.00033949929535975754,0.01701205385770177,0.016179452196985966,0.02321869000085197,0.03783961187336099,0.025405031273892487,-0.009019721561820793,0.011312286062506172,0.03759247381767822,0.017904885260190295,0.028064804240593322,0.027549747137824543,0.02544169152224418,0.030400209413157908
0.008258155672627499,0.023893040810669564,0.005732091953290497,-0.007653571922964897,0.02014685810232203,0.018857715344338666,0.017255573063060525,0.0,0.015243017962714767,0.014177529529692368,-0.0011357710852254455,-0.010980703519819224,0.01620924162085008,-0.02662199413430999,0.012997882719501419,0.004983580545626143,0.007809869941931835,0.00873417512319774,0.01538308133270666,-0.013537372112095492,-0.005411848569963296,0.009371170160317244,0.005006770027548624,-0.005440036031400142,0.0024493101963624087,-0.0009258778120356803,0.00035924677396942384,0.01678418925480929,0.014893467549994155,0.013280384433965065,0.010845955417173259,-0.00018570627661396166,-0.0004207118253480302,0.018934013058105825,0.0070240105802270025,-0.0038488099928296604,0.051266294263583034,0.017676992746417486,0.014281084498540042,0.016634792828951195,-0.0014959610317386018,0.01861714876480014,0.03693047738500976,8.87952812955728e-06,-0.0001972747186714252,0.019943451063695272,-0.011749917263050913,0.034434454131206715,0.0,0.04083492369945263,0.031068798186325908,0.017347871786304148,-0.01314557241890224,0.03883216204829576,-0.0016565779813865755,0.040085323967997244,-1.1102230246251565e-16,0.012945300370508173,0.03552239387961248,0.026068235819478258,0.02145826236720444,0.0,-6.564090829552782e-06,0.03058130839987372,0.015899276380979932,-0.027913132544378605,0.0021487096235378034,0.0025315464894334894,-0.00046299917570741256,0.023343258903095965,0.014280091770749015,0.006858941556052711,0.014048868913393742,0.014110219861969697,-0.0024700294337298145,0.021111286413501185
0.01817552854800064,-0.0033846798664095568,0.02149828156395195,-0.00583002043385733,-0.004569431403472601,-0.0050634339976411424,-0.001968799502329699,0.015243017962714767,0.0,0.017164665629033515,-0.001151901924645371,0.003002991506089736,0.029200035036908878,-0.002511506103487715,0.020049474655253863,0.03742617539489851,0.0028426887492775665,0.010481161276398587,-0.008481466589320585,-0.01044845892792573,0.02477867827160679,0.024072750004817567,-0.001961872794472519,0.003958436507741803,0.041601384171521094,0.040126907854491634,0.005413511598235721,0.02414581324781917,0.0034874086777177404,0.007933224303251718,0.01858623787731173,0.004470059772396839,-0.005336027826136569,0.017279637442741858,0.02110844085821406,0.013834328246114858,0.00460499984100915,0.0038869309814562603,0.04012698355190858,-0.012147077664205252,0.029683450889640528,-0.0033510836491339457,0.036594390612062766,0.013695204773991665,-0.001969184457164541,0.0,0.012625296305013745,0.05129677026992807,0.008024008762979484,0.02515813600533534,0.038151557591537655,0.03151860264414552,0.03354787102377521,0.031836589556841766,-0.0694177419441332,0.06141226806404426,0.006384254772599629,0.029452542496915313,0.03767252146439404,0.029026253587684958,0.005900128627680967,5.551115123125783e-17,0.0,0.025457673152450067,0.02090099357705677,0.017260266873912744,0.0010331018402789383,0.020943461820218445,0.001020946784867749,0.00015639545387757803,0.011682440473426536,0.021823472687752643,0.02861160606563473,0.014752650801628908,0.032095294295064414,0.03114397714083461
0.005258646991458615,-0.009761309652978611,0.009164001372140573,0.07685322324142008,0.00967915956470794,0.0057632538382692,0.007231736335459649,0.014177529529692368,0.017164665629033515,0.0,0.03280056481931326,0.016719548010038165,0.004840038473313102,0.041955546522463416,0.019539423206259565,0.005253725221093075,0.018196377903892502,0.0013338873577274368,0.02484403279919095,0.03568012768568729,0.01100756870857944,0.04213198142485902,0.010431401643969107,-0.008613593060237623,0.0032934025691501723,0.017374577737731822,0.01632871483384074,0.003920915475859599,0.008942627594108243,-0.036157798532116814,-0.004739458333610502,-0.017077727496895068,0.014368309844702276,0.014017595855599196,-0.015362991359170741,0.009489051098084011,-0.015819073770652836,-0.009976747736438196,-0.025909394214217008,-0.038892798278437335,-0.05879247417434336,-0.11570537200984626,-0.04966968262484539,-0.07669657092386248,-0.03233328202332353,0.024612269074536064,0.08920069961872695,0.0027862226175787708,-1.1102230246251565e-16,1.6653345369377348e-16,0.031154128374107914,0.013107048343649175,0.0007996916446566527,0.04236715511381606,0.026813870263173945,0.002679050063441657,0.026285228774567626,0.026706786488827072,0.0,0.00011447211006604396,0.05105233241615875,0.04125701778068053,0.046235890316805806,1.4045377878135756e-05,0.019427193719657676,-0.0001774755902243519,0.009198240797759716,0.021579676803294645,0.02324316311917346,0.04521978773944835,0.03853876252196564,0.01745137798285057,-0.04604955832352714,0.011738860616859526,-1.1102230246251565e-16,0.050299786379276124
-0.000459005344953467,0.0005728666679519767,-0.03385069644530603,0.015182182532469779,0.021582149974912757,-0.023103511429777568,0.034049119381996895,-0.0011357710852254455,-0.001151901924645371,0.03280056481931326,0.0,0.020453962512321566,0.034768924665375955,0.006889296000583689,0.0,-0.00339403522995102,0.018621926771560215,0.016995665724030884,0.00509068225396847,-4.848459401657346e-05,0.013909621675203987,0.014705356512219825,-0.025013141561455177,-0.02619588870532441,0.021263293979843112,0.023469773940159477,-0.013999312331052949,0.046478417343756184,0.03437985265161114,0.023835723615158733,0.039210384185530356,0.01264973823783866,-0.013374015480248636,0.0376330732000183,0.03264865005041856,0.010381898867297956,0.07209965610488761,0.018253068080970825,-0.0035575957581800988,0.005046405257556008,-0.014413896499637702,0.0067307184961458155,0.021737480682518073,-0.0008311787175196983,-0.005939845586446335,0.0,5.551115123125783e-17,0.08451874706479784,8.509114760296699e-05,0.0013544915202061136,0.01669764615073377,0.008556822525464802,0.019587269110978855,0.05045540648353203,-0.018076708364991922,0.003042714301123628,0.012425108594134815,0.012754885632424107,0.04365776878011396,0.00048113258307019846,0.0,0.0,0.0,0.08682245011871331,-0.009291865119581022,0.0,0.003499535830235323,0.01294554476951637,0.0,0.0,0.028556808131575462,0.011158633780144478,0.009368216093772752,0.0250933736545913,1.7022942473909897e-05,0.041169704556261955
-0.013555711771902512,-0.0022989215350696646,0.00040058264543108013,-0.058049480001706844,0.0016082695902219224,-0.003110091040886498,-0.012222499820070787,-0.010980703519819224,0.003002991506089736,0.016719548010038165,0.020453962512321566,0.0,-0.005610374855373967,-0.005175322150502981,0.013131399726809156,0.019123797234137485,0.0309788109749769,0.016976490999231098,0.004028418189206129,0.026347707345864058,0.01550181017898733,-0.01920879164917627,-0.024767123360749543,-0.0070924263708880275,0.0164874990684582,-0.006067023269978211,-0.006677759180854892,-0.0198090491862134,-0.003456599886432099,0.01367537402088348,-0.010516735736465777,-0.02394899821604124,0.004414497924658756,-0.02280909007260301,-0.036029630901741994,-0.02197743189355361,-0.032429949662615754,-0.023946343635066897,-0.03484379880759242,-0.07180391062146851,-0.10574844491549565,-0.09243562077768575,-0.008780211276550098,0.01839443834594892,-0.08599232691653053,0.04486337205055985,0.019180958663293612,-0.003729456907611395,0.0,-0.04593563974875109,-0.016242917543549062,-0.0983426082186854,0.0,-0.05753625080370389,0.02982235848566972,-0.033926836531143756,0.046873128874148184,-0.06847068064687528,0.0,-0.0037307921124311583,0.044231498768541044,0.053822812183312196,0.05901292519523432,0.0,-0.006713738220560206,-0.00010729794877206711,0.039284243300751365,-0.005847634624849329,0.033108700481996156,0.052651180981044876,0.05003926373362699,-0.0439302630061254,-0.10527805425991216,-0.04916300047218336,0.0,-0.029330657913032354
0.04167614704557088,0.016831932911785474,0.005833711867919922,-0.0023459028537700655,-0.0009520636710100838,0.010481339189185646,-0.004058853439821208,0.01620924162085008,0.029200035036908878,0.004840038473313102,0.034768924665375955,-0.005610374855373967,0.0,0.020664641355105928,0.021610151490869034,0.004950004328012014,-0.0004125325093390364,0.007431637053592344,0.02599891369070051,4.785008273772151e-05,0.014751573906908233,0.008176733538501124,0.008899900097118718,-0.003054953983872899,0.016400376640234304,0.016231081414654402,0.0016003979393471868,0.004107985805446801,0.01458387272367273,-0.019152941962463366,0.012307054506050186,0.015614567725484307,-0.007604606096889344,0.022594754465195543,0.013231066647848955,0.04288609299916846,0.016594074201139952,-0.009695217981418092,0.05142089796898319,-0.020675696539317057,0.04273332298458299,-0.09733952258134765,0.03175001267228822,0.07733999034437311,0.009067500563646302,0.010015078142009248,0.029884282710455845,0.03412258812960911,0.0,0.031406006589015045,0.033421617765525546,0.031056333884438958,0.013077607942150182,0.03272901130730499,0.029636810355550325,0.0556448934704285,-0.004225639208068455,0.029995153052213563,0.07991734439808601,0.03362124883235246,0.018046725003551034,0.0004164182959299212,0.011354605020389708,0.02878177222990097,0.019620008435267067,0.03195611402645537,0.02884436350530345,0.019181738928811698,0.003116969343902598,0.025320037881466306,0.027429275613474857,0.016253231899944764,0.025715107608806353,0.027165281453431722,0.01599728398616662,0.028781015419555356
0.001525323942969281,0.0,-0.011551022772858022,0.029950336794936305,0.0007154117561116724,-0.019405070394948043,0.005629000888190794,-0.02662199413430999,-0.002511506103487715,0.041955546522463416,0.006889296000583689,-0.005175322150502981,0.020664641355105928,0.0,-0.008900166948095478,0.0,0.0,0.0,-0.0054000194808618285,-0.0037140521069183308,0.011729612459694394,-0.00273284749960534,-0.017770719484281605,-0.0018110022990447394,-8.306595196466704e-05,0.01080464444376944,-0.02006431402436959,0.007197100273537482,0.04025386969484701,-8.859923382498192e-05,0.02978112899968488,-0.07201805009799062,0.01340750174825045,0.02450105871185526,-0.021032737968569193,-0.02249723419861488,-0.01372276539877676,0.03360171099889392,0.013375927285645628,0.0,-0.0011821658939206725,0.0,0.03193358830578319,0.0,0.0,0.0,0.0,0.028717420626242496,0.0,0.006323784495067264,0.027499887685076496,0.0212304743137105,0.01803610238492309,0.0073215433264518515,0.0,0.053105130964250014,-0.000454383803632219,0.019350909712428588,0.05599762717219442,-5.551115123125783e-17,0.0,0.0,0.0,0.025058742277837665,0.000557007215952865,0.0,0.0,-0.027490720395084878,0.000309590382094882,0.0,0.0,0.006061151329649017,0.018815611338156013,0.006510330836072498,0.0,-5.551115123125783e-17
0.013407737297101985,0.01155926858496209,0.01766385865186637,0.009446866168944412,0.022667293760040563,0.008758791882122585,0.009562492052257787,0.012997882719501419,0.020049474655253863,0.019539423206259565,0.0,0.013131399726809156,0.021610151490869034,-0.008900166948095478,0.0,0.014642764312672474,0.014462723475151262,0.023046162057215602,0.0,0.015144879858458915,0.006998113292366714,0.04250491785569532,-0.0016892983069181078,-0.008102721452939998,0.01919267633697913,3.47644919082013e-05,-0.005624849116025621,0.006011164351127862,-0.01401995907257747,-0.00842770296662776,0.014745301809419686,0.00021943048560063572,0.0380575787221234,0.021767001665643104,0.019161597858320834,-0.029449160083436954,0.03180601250261261,0.01865815234210838,0.018013027563645645,0.025046764402539556,0.02693212251925653,0.02317011405069247,0.04683650390452393,0.010581703183092706,-0.013189720237948122,0.007132761809721666,0.030456221057567068,0.017066095871196618,0.0,0.0,0.027843366160570926,0.007851131986767401,0.02088501534596998,0.014639987441300073,-9.88521932828168e-05,0.0,-0.0032651518877143126,0.021837240308475392,0.0,0.035636766163721134,0.027297561495109313,-0.0002319952247602508,0.0180811895183412,0.0,0.03389525900500989,0.016068121762298715,0.04015347757378823,0.015388292326829922,-0.006970650397672362,0.03786888932562943,0.03172120055710226,0.019970758001415623,0.02966364271930011,0.031012190875892964,0.013405314222156572,0.03010306461141643
0.015073738064320996,-0.0007408578377721686,0.0022507657101604184,0.0,0.018454042037027996,0.016319317790842836,0.003571392100576498,0.004983580545626143,0.03742617539489851,0.005253725221093075,-0.00339403522995102,0.019123797234137485,0.004950004328012014,0.0,0.014642764312672474,0.0,0.0018090741276602929,-0.02149446439858993,-0.0007317682089908462,-0.006224093452801616,0.01478515443619599,-0.0068517702970628536,0.015905198705300883,0.007857597114579062,0.007998692796013007,0.014098769633678176,0.013796754589938398,-0.002554086179740178,-0.0014001936068528398,-0.011939452451135035,0.008062374339966483,-0.0060953723126961346,-0.004038706915975021,0.01605079537208398,0.004545126658421272,-0.031489065135715144,0.005263314188951096,-0.00931220272319222,0.027008825545113857,0.034383142831851454,0.029699222755821375,0.024438016612332414,0.01687368350773988,0.0,0.0,0.021022798061611336,0.03857743163051924,0.0,0.0,0.0,0.003258290853741741,0.02798976671639697,0.017987565875757228,0.0,0.020684085601523128,0.0,0.03948302434928391,0.030595211321383597,0.0,0.0221025359669767,0.03446202189714953,0.015830379802408423,0.03851692152238967,0.0,0.023265943630216446,0.018960182196411157,0.019738938471206335,0.006345025491097056,0.009627197699019041,0.030515546141630268,0.034496233464773485,0.01228641956882709,0.04243145749748245,0.03824605748994431,-0.0001205732721837327,0.01760533021852856
0.009827132229211943,0.03055858090427882,0.019236940994569074,-0.0001537142290530813,0.006624905092869837,0.017081130858218718,-0.004746302414020298,0.007809869941931835,0.0028426887492775665,0.018196377903892502,0.018621926771560215,0.0309788109749769,-0.0004125325093390364,0.0,0.014462723475151262,0.0018090741276602929,0.0,-0.01088993475755029,0.015600182963563691,0.0081495389522106,0.01795923433215585,0.012145112194457075,0.010672281402137884,0.00947196195725214,-0.00038266817444659873,0.014782305641521942,0.007564366187437999,0.001584559634579874,0.014222513275557291,0.019456672433328437,0.0049603628496925345,0.023926719920059014,0.0360191603408781,0.025681348918402735,0.03223157032834695,-0.009761054831117832,-0.006973033727161293,0.022156506475333182,0.09538742051751653,0.0008498636579892249,0.026239946804208714,0.0029063521119025437,0.0,0.0,0.0374831620244625,0.02190562760255299,0.042309962177349336,0.0,0.0,1.6653345369377348e-16,0.04593558229601913,-0.00012574291875599997,0.0,0.0,0.024161075909803542,0.00022315992671956275,0.022797307762730534,0.0056293906859876675,0.0,0.0,0.03826602533815604,0.027639134833649437,0.041547245426009516,0.0,-0.0001831517446886921,-5.551115123125783e-17,0.025950241346179903,0.0011736331985918724,0.05304492605115352,0.037961251034224486,0.028146700051316365,0.0,0.011351416872164843,0.011997722979556813,0.0,0.05081416054168736
0.005330362470116645,0.007440563803519262,0.015508370264851024,0.0,0.016939896561913415,0.02047559021000339,0.0031947783975557753,0.00873417512319774,0.010481161276398587,0.0013338873577274368,0.016995665724030884,0.016976490999231098,0.007431637053592344,0.0,0.023046162057215602,-0.02149446439858993,-0.01088993475755029,0.0,0.0133592393543982,0.003175878738496285,0.011639416292662463,0.010730349307831177,0.02125091228631476,0.011180665595852846,-0.0002485431213700706,0.011026824152827741,0.023323526358454305,0.005852816070542943,0.007958519244443574,0.0008942716171621012,0.013680714909164615,0.011787615185970712,0.017495059255844048,0.024148619697481555,0.02449597197873893,0.02267523553932055,0.0,0.03239698267473434,0.03134357795064696,0.02063929191660835,0.0354430886694409,0.02734302028184793,5.551115123125783e-17,0.0,0.019501238917797092,0.028065044110262505,0.041374794875224774,0.0,0.0,0.0,0.002085892458388361,-0.00011808557480952331,0.018569801026319388,0.0,0.024415669638887083,0.0,0.02421813630218239,0.002989614034545618,0.0,0.02514618813364744,0.03445477523020973,0.03900275163953498,0.03219014477693344,0.0,0.034117299029270465,0.022120135335632507,0.02819587207391583,0.05085883779804273,0.03465196478427918,0.029260913609042094,0.021599038179344332,0.02095829387071868,0.005137964238559223,0.029922627907588262,0.0,0.02747031080312401
0.0,0.010585468341547277,-0.004696990102464882,-0.010370413571938686,0.023954570867467828,-0.00154244631746564,0.025095857496664375,0.01538308133270666,-0.008481466589320585,0.02484403279919095,0.00509068225396847,0.004028418189206129,0.02599891369070051,-0.0054000194808618285,0.0,-0.0007317682089908462,0.015600182963563691,0.0133592393543982,0.0,0.007799202422134666,0.017154400413562865,0.022758193248074376,0.0033375053817629174,0.00745166190372093,0.003687658847314812,0.01800562271727857,-0.004372030768720947,0.03492486381973253,0.023995591157152774,0.008322981697681198,0.030440546133580493,0.0008901852541502442,-0.030168127364448682,0.026088677075873035,0.011234234239682284,-0.01789594076018486,0.01084046070285416,0.0003332652629996491,0.009465502157616656,-0.010000015109576266,0.015286138670793092,-0.0012112816666873805,0.024961942770795054,5.551115123125783e-17,-1.6653345369377348e-16,0.0,5.551115123125783e-17,0.11433657466390501,0.0,0.018936447837984094,0.03301784222977411,0.029350384768076387,0.021364699929433018,0.022189769915131663,0.0004131453616096348,0.14057005539012307,0.0008091762587784657,0.020509613759499445,0.015300322482496576,-6.25764228254222e-05,0.0,0.0,0.0,0.04044288006707952,0.0031824066683228125,0.0,0.006086325265814652,0.018197281141497545,0.0,0.0,-0.002015764113626972,0.024464092812644056,0.016682053559251897,0.006836844378122597,0.001144467670501359,0.01386579590969872
0.007627678638311652,-0.007296470144213585,-0.00224739043319111,0.008790260246439863,-0.02550242541324782,-0.009602098863884523,-0.002022111452594011,-0.013537372112095492,-0.01044845892792573,0.03568012768568729,-4.848459401657346e-05,0.026347707345864058,4.785008273772151e-05,-0.0037140521069183308,0.015144879858458915,-0.006224093452801616,0.0081495389522106,0.003175878738496285,0.007799202422134666,0.0,-0.01005890624109923,-0.0020576916579722604,-0.038036898346149206,0.017030290211262566,0.011150553930412255,-0.0051967709628741865,-0.03386885311335963,-0.0010182998676773192,-0.011395237715320028,-0.007263343913960774,-0.008228012142389218,-0.024110387252095244,0.009940189189406368,0.004326806183687082,-0.0005065580840556971,-0.006659584815640329,-0.02599384402969729,-0.02162793951297287,0.024089964883609316,0.04161621218548489,0.019756285195815404,0.018961788709781602,-0.053722585271898105,0.0005580255380238097,-0.003552313176026778,0.038111498217000994,0.023145372978482237,0.007736913331565232,0.0,0.005282626678835334,0.01415915601300105,0.013630746169489616,0.015764108837035384,0.01959259000836483,0.0015281298096720963,0.01430648469608875,-0.013417989023100152,0.016081831423639947,0.0,0.024850501840726458,0.03372156605118304,-0.003558317147888568,0.03309572878536593,0.011505363889209752,0.017620391441125316,0.005409206095643382,0.02735795519131312,0.008132268098620499,-0.0015424464426458395,0.02425337603225841,0.02955719113226718,0.0086640555602287,0.015117885869243841,0.018646388701526573,0.011567132939705571,0.02301996632161063
0.04751628854398693,0.019780165493714752,0.04386275046234128,0.00016847631577521227,0.01671653288279168,0.006636543016270202,0.021113908537224613,-0.005411848569963296,0.02477867827160679,0.01100756870857944,0.013909621675203987,0.01550181017898733,0.014751573906908233,0.011729612459694394,0.006998113292366714,0.01478515443619599,0.01795923433215585,0.011639416292662463,0.017154400413562865,-0.01005890624109923,0.0,0.006222701518100393,0.004620255650719773,0.010470301026404727,0.0037056240892852643,0.015098882164632732,-0.010948245792655298,0.008840717823952626,-0.0011864276879645086,-0.0007724436934296031,0.004478725350771096,-0.003913331466011638,0.03508942488894462,0.015382922886981565,0.015001873940683363,0.04199150029400339,0.022346486853942138,0.023842836159707503,-0.00572465696861213,-0.013561275684994822,0.0025335933736126415,0.02723512216684454,0.002194453229285187,0.0,-0.00036295365760646847,0.0052042722503810035,0.027047285596025095,0.0007937139361771095,0.0,-0.00015206799337813548,0.025730481457715282,0.03451163389541223,-0.016313540445053787,0.00759573504561406,-5.615284845167379e-05,0.0,0.0025571736147539936,0.015358835478881339,0.0,0.01452263832234646,-0.0010210226822133794,0.0,0.02372068409565431,0.0,0.012359205931136097,-0.01840248428086083,0.027781759927937744,-0.002149601575151039,-0.028935812347559098,0.03127040852918289,0.02535987387666966,-0.002260543957406158,0.025568575432176943,0.01627811157842346,0.022871324364956147,0.010687508296042258
0.02257209410182398,-0.012027938318912301,0.011040661343826308,0.017386607814444566,0.017406230243680376,0.004295907855311087,0.00914596034303361,0.009371170160317244,0.024072750004817567,0.04213198142485902,0.014705356512219825,-0.01920879164917627,0.008176733538501124,-0.00273284749960534,0.04250491785569532,-0.0068517702970628536,0.012145112194457075,0.010730349307831177,0.022758193248074376,-0.0020576916579722604,0.006222701518100393,0.0,-0.00014079800382771346,0.03582490012875994,0.0022861693515269232,0.006059295911605089,-0.024729778357998777,0.0021245468731847517,-0.005542986608296774,-0.015485941578461504,0.011986776367895302,-0.01682698311209746,0.008422760722452405,0.00605140418188127,-0.0014026510844175055,0.0038659106227845186,-0.00497058354491714,0.0018882339434769801,0.02100306626326348,0.03338902508824049,0.027775884387108873,0.022381930244216752,0.04644068497958587,0.0,0.009790621891260287,0.025552110718464083,0.020615840361618898,0.012924508954118064,0.0,-0.0004355765587257254,0.016732416729556887,0.02470351059140702,-0.01302099105894211,0.015025857152658528,0.014602605966126059,0.0,0.008164079238324518,0.02872669531356825,0.0,0.026210748195472977,0.021083525582012264,0.017757909113884918,0.029757481107303196,-1.1102230246251565e-16,0.02471161962834989,0.01447304405340466,0.023393259300907576,0.015729982029962897,0.024759379555328753,0.0233143445235362,0.02802753256694468,0.012211819358899423,0.01802890275125979,0.027413598127782213,0.015531282893466503,0.03042649601412256
0.018181321032024245,0.011518273727039063,0.00475374738447415,-0.011806266140127475,0.008632706074621299,0.0035391607998975227,0.012897423283556864,0.005006770027548624,-0.001961872794472519,0.010431401643969107,-0.025013141561455177,-0.024767123360749543,0.008899900097118718,-0.017770719484281605,-0.0016892983069181078,0.015905198705300883,0.010672281402137884,0.02125091228631476,0.0033375053817629174,-0.038036898346149206,0.004620255650719773,-0.00014079800382771346,0.0,0.0010169482728356605,0.007585845079435993,0.005977021665301008,-0.017613134747410775,0.017185162952593702,0.004423605180290335,0.008249425141100497,0.012932524513826538,0.003212034595545754,0.00434946303973438,0.017607149771056818,0.006392744282124163,-0.013653650636208492,0.005591221371882116,-0.009486680977331907,0.02804786317148178,0.03193078448441944,0.019960801546287432,0.005681876218757709,0.021805372486199903,0.03460618942193017,0.06800278220989275,-0.0009324314191646588,0.02388750698010017,-0.021154167229777032,-4.73464423478287e-05,0.02354593754106904,0.028195914986974713,0.0220580757460066,-0.01382576436534616,0.02410802339649032,0.023049997197196748,0.05714126316780366,0.010072662696890777,0.023371246269267676,0.03161591240652284,0.022188113339323634,0.041932007474973665,0.011795346903974102,0.01292514198344008,-0.046784198491517104,0.01470205256540763,0.0016077347559131372,0.015431450840824645,0.005849962565871447,0.010155879555075187,0.027782605346473643,0.024256612182324666,0.008188562485437645,0.01875240932259692,0.022135730291595435,0.012226862434855823,0.019902978376453273
-0.0019305183660557335,0.010026130085770135,-0.01405141100617685,0.005449688972885558,-0.017577783418189608,-0.010177593674884022,-0.017597558036846983,-0.005440036031400142,0.003958436507741803,-0.008613593060237623,-0.02619588870532441,-0.0070924263708880275,-0.003054953983872899,-0.0018110022990447394,-0.008102721452939998,0.007857597114579062,0.00947196195725214,0.011180665595852846,0.00745166190372093,0.017030290211262566,0.010470301026404727,0.03582490012875994,0.0010169482728356605,0.0,0.014143176220932252,0.002479792822437432,-0.003542016935937753,-0.007717272254959717,0.01328082189624541,0.012721439636820653,0.00743059749835534,-0.01208436370742938,0.021610242585547057,-0.0004945702414604347,-0.018981965381840937,-0.03089935427088536,-0.01698659674982661,0.01175775556341252,-0.08799323254050678,-0.12078824563863394,-0.04466095739357989,0.04681052019496784,-0.0036795378427301184,-0.04572011325637115,-0.05124369073941931,-0.04372247819055014,0.008810966747668125,0.00010155963417474156,0.0,0.0,-0.015410648321196374,-0.04454415995460448,0.00010675804204091088,-0.062238802247669534,-0.02183174559764639,0.02819215885934928,0.03223615028773508,-0.066658990693091,0.0,-0.01729229023027795,0.03355527531523339,0.049051705184681604,0.03360552252162019,0.0,0.001514701499924831,-0.0211284749098391,-6.824346190426045e-05,-0.028304317946119817,0.020182848915337726,0.032630673676864064,0.020611031043367423,-0.006210630236449688,-0.05482628014017299,0.005484525779803906,0.0,0.017783428542941182
0.008921630176355888,0.006663026163116315,-0.01612747047584384,0.0,0.021029566576394265,0.012912015214592787,0.011360873989310405,0.0024493101963624087,0.041601384171521094,0.0032934025691501723,0.021263293979843112,0.0164874990684582,0.016400376640234304,-8.306595196466704e-05,0.01919267633697913,0.007998692796013007,-0.00038266817444659873,-0.0002485431213700706,0.003687658847314812,0.011150553930412255,0.0037056240892852643,0.0022861693515269232,0.007585845079435993,0.014143176220932252,0.0,0.00545207269184278,0.00210372245984064,0.014990895948078953,0.010721572583571093,0.030462264386330595,0.0186562820746205,0.008620992173266284,0.023945778039181354,0.026240864706234657,0.028224445425788613,0.016234336693398632,-0.0003382132940626392,0.03791723344989356,0.03042406506466766,0.0316830892790248,0.03808250822139303,0.03692580143192514,-0.0002888817364502527,0.0,0.023275510136103517,0.035297928075335494,0.05026826180612193,0.0,0.0,0.0,0.023171441614259436,0.008402295680729921,0.02930033130103582,-0.0001001916260522373,0.02898018958478943,0.0,0.023444592692620947,0.020660906268255064,0.0,0.03202327600679,0.04123456225151767,0.0361388830233893,0.034899028118750564,0.0,0.026939397289625244,0.028584078595157048,0.03533159497577365,0.021813386349536723,0.053775245949475525,0.03253678940618243,0.03001637494691256,0.03175169122796301,0.032292234294929834,0.03224807684341119,0.0,0.030694141455151647
0.007938305298621773,-0.001460854201386863,0.025033018638210447,0.0015114407804037167,0.02641377757587343,0.007638265959706125,0.013302215267359307,-0.0009258778120356803,0.040126907854491634,0.017374577737731822,0.023469773940159477,-0.006067023269978211,0.016231081414654402,0.01080464444376944,3.47644919082013e-05,0.014098769633678176,0.014782305641521942,0.011026824152827741,0.01800562271727857,-0.0051967709628741865,0.015098882164632732,0.006059295911605089,0.005977021665301008,0.002479792822437432,0.00545207269184278,0.0,-0.0048707475251715815,0.01142089052550993,0.016652505075092305,-7.117602075445983e-05,0.016909972396269957,0.006816162598924702,0.02206948740981285,0.015646646345827575,0.015491586170497396,-0.09582921988717369,-0.004220887882053603,0.022082135869556596,0.02073602910037209,0.018769699286158348,0.02826456570522523,0.016981847223265623,0.004845702365250282,0.0,0.014716818082454841,0.0205396203161477,0.03660906773140926,0.0142741480911453,0.0,0.00033627077313397313,0.02303865137211314,0.0042672271959424135,0.022902038940097125,0.008457562885110181,0.027576489251632252,-0.0001029029995871511,0.02158180743502791,0.007322456419846857,0.0,0.02772746897477807,0.028338167351041332,0.028297553225697047,0.026486324113747073,-5.551115123125783e-17,0.01909485516500914,0.030434437698190875,0.025985892339726924,0.018245397597395963,0.03306063167283502,0.02348751784412234,0.02463870621177494,0.027236536234190256,0.0033497641415918267,0.01900929241608762,-0.00011009542703921404,0.021947624737367222
0.0012579198016542392,-0.017236416702095525,-0.012118970007725105,-0.025510399208391765,-0.00796457229085118,0.0034175293006503127,-0.0002760794142613321,0.00035924677396942384,0.005413511598235721,0.01632871483384074,-0.013999312331052949,-0.006677759180854892,0.0016003979393471868,-0.02006431402436959,-0.005624849116025621,0.013796754589938398,0.007564366187437999,0.023323526358454305,-0.004372030768720947,-0.03386885311335963,-0.010948245792655298,-0.024729778357998777,-0.017613134747410775,-0.003542016935937753,0.00210372245984064,-0.0048707475251715815,0.0,0.013573502822971595,-0.01668026442585202,0.00759309048790191,0.0034945227863591444,-0.011393236558439712,0.0017704019149812344,0.007360358265802558,-0.010763012073538414,0.009090847874268448,-0.005636054184740447,-0.0017842039169780888,0.025735148799184482,0.02198523455200263,0.017373096364611706,0.008459720078042743,0.022798749104630645,0.04082675653783907,0.015067941177110411,0.025234771002269285,0.026011424024075247,0.03842980687630493,-1.6653345369377348e-16,0.02391143473404056,0.03225837924741748,0.03148182531678245,0.008448115574623993,0.02740996833252496,0.014300718950660263,0.036344143281032415,0.07237231044405884,0.0230985905442892,0.016144974654828115,0.019419727820023047,0.03698297889577484,6.939814842621406e-05,0.029421017993224607,0.02474400847122049,0.015709622890154318,0.01330858483043068,0.011719366918029994,0.015877241045534896,-0.004952727158881731,0.0250107701794009,0.029809712409194222,0.011991689776046144,0.020973851635349927,0.021914714076624653,0.01639086635164866,0.022864761245867726
