0.0,-0.008299043068256073,-0.03653243743742196,0.0,0.00025462087356720176,-0.01747451341006473,-0.014095395322102244,-0.02775780498099717,-0.023607417908115713,-0.04155842707505292,-0.000601362111399717,-0.02871405136134786,-0.0076351469919417325,-0.02865801163103121,-0.01897486751412969,-0.025278299455474662,-0.04441561174189834,-0.04576323020236578,0.0,-0.005568488106829195,-0.023812577169033566,-0.018993227879894936,-0.017715498965185705,-0.029685547172714544,-0.021109242057566424,-0.02819435167413986,0.0004198972754284047,-0.019496662285970634,-0.022316132015332668,-0.027386046565990974,-0.025022929226177715,-0.026866610829893,-0.013023888253951954,-0.04155320326596185,-0.037353286034195465,-0.006477163308233946,0.0,-0.040273171676349084,-0.012838027268938457,0.022701445970473133,-0.017342639144292127,-0.03500266652840456,0.0,0.0,-0.030939463603644135,-0.03013457772026601,-0.008540654298372308,0.0,0.0,0.0,-0.023026561322128103,0.0,-0.04291650021312399,0.0,-0.029547034347553403,0.0,-0.05097524390610764,0.00046569580282640466,0.0,-0.0035803901425807694,-0.019278882704790223,-0.03494679647849297,-0.020142428897060582,0.0,-0.02764098641991458,-0.03601333404802859,-0.018235004720284442,-0.021686160350822437,0.00906628808688098,0.0009045813575021544,-0.021780323245417232,0.006812608273178533,-0.0005383538349686967,-0.032612516271098346,0.0,-0.017004068860435984
-0.008299043068256073,0.0,-0.012373608099294275,0.0,-0.01795748330501684,-0.01991050543614109,-0.01997545847507748,-0.021670441391338224,-0.013491263930146102,-0.005718160087497148,0.0009329241271541222,-0.022411601913618184,-0.02126135425604525,0.0,0.0057510779212721075,-0.008656460139584987,-0.016231404415975648,-0.030311402349997296,0.0035119251116620953,-0.012659495223985129,-0.002736637178815282,-0.026370757678708168,0.012698919472235337,-0.010294503629922958,-0.025987462987685117,-0.03250994579280797,0.002535204870093344,-0.021235272134587202,-0.017259518436248233,-0.018512722282326977,0.0008123237724357302,-0.017516801598939702,-0.009669429095895021,-0.011386304246844725,-0.0032883797965453376,0.047703177491961235,-0.009704815334186545,-0.0003567986212484331,-0.02166991875071217,-0.022104134651007634,-0.024444856817532223,-0.020177678712385794,-0.03693792428414999,0.0,7.644610763657411e-05,-0.018645923715562063,-0.01242270870202622,-0.0013682195608769043,0.0,-5.551115123125783e-17,-0.021876864632343895,-0.010294292795982152,-0.03356336805459831,-0.0048852276616747625,-0.02471412676832835,0.0,-0.013331391204995047,-0.020664774954243126,0.0,-0.011058614594070426,-0.019935834900014826,-0.024208983411027563,-0.025102612607369346,0.0,-0.025144992298683166,-0.008975228831717086,-0.01948037819600279,-0.005161587263320777,-0.012268779128760565,-0.01224886622825222,-0.02883569834234706,-0.020599904840415684,-0.0352752715852942,-0.026527512376288642,0.007328115618590647,-0.028401983108149342
-0.03653243743742196,-0.012373608099294275,0.0,0.01189710074568856,-0.007796688398763962,-0.00574496369290034,-0.007872942101699199,0.010163672469872154,-0.004915375451896797,-0.016645318737565584,0.022094813801066093,-0.03883725734287369,-0.014076442390781485,0.007708756759981783,-0.01898573279178989,-0.02617211838056871,-0.01015748200239941,-0.012248825379636175,0.005698986905963821,-0.004669214915186959,-0.03238546580853435,-0.0185453118269579,0.0024656321874674814,-0.017691337591382472,-0.03539519265726404,-0.02627910448580628,0.01664974963994137,-0.010719678275161348,-0.012725485625552091,-0.009054534860367558,-0.007920720778601176,-0.015448609148837056,-0.0065210631425028365,-0.02277805301186725,-0.022290290831027237,-0.013297677726420376,-0.015965182257988264,-0.024045780963582564,-0.004088673477677829,-0.006900347026489062,-0.022184969082679307,-0.027323529606480546,-0.015186173885511411,-0.004196351286623601,0.00019920735282497049,0.0,-0.00650646612774386,-0.034669699614696015,-0.0003316075324459322,-0.0008868668466892604,0.006265275626546107,0.004963496818135904,-0.02830624785905078,-0.035167891001424756,-0.010518139354603218,-0.1038904521738882,-0.003915307295917103,-0.016923941295582057,-0.007172672903277388,-0.029167968595984972,0.0005815002773873479,0.0,0.0,-0.0472695111051144,-0.029225845586762667,0.000633698473077482,-0.024339256757122618,-0.018088037792374334,0.0,0.0,-0.03475665508824616,-0.045204952202742676,-0.010018082511373816,-0.02610705918287004,-0.011611131641624861,-0.024546422493129327
0.0,0.0,0.01189710074568856,0.0,-0.026450651573145578,-0.029203233198262846,-0.019913537358679734,-0.04398406620269285,-0.015242565636884087,0.006520453701826023,-0.018956964672463883,-0.01975623482406552,-0.024478126479865137,-0.03405429047329478,-0.006073662720468498,0.0,-0.00028921801178877216,0.0,-0.03079597424174374,-0.011273014999931608,7.012675132733737e-05,-0.006406091234859246,-0.046780286591993125,0.0016647878522305648,0.0,0.002458877485305655,-0.050385351065613815,-0.03534410540295718,-0.015873664744025573,0.00023513691839693873,-0.0032411673787186013,-0.050341114755651506,0.002093387575288541,-0.07556280978372398,-0.07599075307995795,0.030987713781470916,0.006391296441122685,0.00816791509300091,0.0011271084496455863,0.0,-0.000914996157157344,0.0,0.00020941910939159536,0.0,0.0,0.0,0.0,6.554870502378796e-05,0.0,0.0,6.46461452248337e-05,0.0,0.0,-0.00015345795878418667,0.0,-0.00015710221234138677,0.0,0.00011552320000440819,0.0,0.0,0.0,0.0,0.0,0.0,0.0,0.0,0.0,-0.005155481473965884,0.0,0.0,0.0,-0.003132875634111576,-0.00015041563618767295,-0.0005916037717825229,0.0,0.0
0.00025462087356720176,-0.01795748330501684,-0.007796688398763962,-0.026450651573145578,0.0,0.003918488303813472,-0.010171093299750578,-0.04165523395661147,-0.011912737142614871,-0.02372251536559289,-0.007949746829454707,-0.06117344969639937,-0.027650341140603163,-0.030447584821458706,-0.012971080553036862,-0.029411099897982573,-0.022211451889605882,-0.02527203763830438,-0.0071927634897838155,-0.012338516284512713,-0.024313918169086124,-0.014853536615612895,-0.0012334502559870342,-0.03062116100693013,-0.024583140947024684,-0.015431357398798695,0.0065481217935381975,-0.011462914786460277,-0.016531514256002522,-0.0042838779079775735,-0.010498509433872538,-0.029643464625171867,-0.006969594977276006,-0.02008710949905923,-0.01744940416026919,-0.005184209874133261,-0.0027048718000661776,-0.016334924266341422,-0.02846970254600306,0.0012606541297727203,-0.0139256687288431,0.017960975064524598,-0.013998175855784278,-0.00016134846144127968,-0.0075705331238115625,0.0,-0.004636173056969839,-0.00143520229621108,0.0,0.005843252220047168,-0.0008200960717541506,-0.005094168152726675,-0.0027149435121324172,-0.003128994459346668,-0.00015488812117547823,-0.051848523923124445,-0.02771297522008981,-0.008489392804809981,-0.029965409760488115,-0.011306710717672475,0.0006081304628396955,0.0,0.0,-0.003840366127075223,-0.011821703179780207,0.0,-0.03333760362155325,-0.007688916704137183,0.0,0.0001534611327143054,-0.014787717027425484,0.007669255596867486,-0.015819450798966128,-0.030047119259837107,-0.013709193065705949,-0.012192967938226551
-0.01747451341006473,-0.01991050543614109,-0.00574496369290034,-0.029203233198262846,0.003918488303813472,0.0,-0.015489692728622717,-0.00214628764077307,0.015535524103542142,-0.019515974201588127,-0.0028664228519307833,-0.0439798762144849,-0.007874988247213166,-0.008072943709943547,-0.015778251709826163,-0.0226880309969546,-0.019404968806097267,-0.01870270944744734,0.0025351397091235017,-0.02007968260984888,-0.026594905946718317,-0.016492220702771065,0.031204768780863146,-0.02163829889611668,-0.010734049344232444,-0.006937109968959021,0.02265980161909248,-0.025102423885532188,-0.01920105016605328,-0.015115341198456644,-0.023518370997502314,-0.039526896222599917,-0.0251291963071264,-0.039748561806679794,-0.04709407448551456,-0.03852586305597294,-0.032704710779600854,-0.02365590312803878,-0.03600299495988557,-0.017858993411912216,-0.028066268323916232,-0.03214066914981434,-0.01482713322043222,-0.10348648974677621,-0.0031953086966091115,-0.010785064453274928,-0.02995394213513014,-0.004003933157308737,0.0,-0.004416375045811272,-0.016599153168434966,-0.016018136354370993,-0.03959636327654731,-0.0026688376808601255,-0.01323852740998449,0.006050305934895306,-0.0190678529929017,-0.02902999595781458,-0.02296144754314894,-0.01412093072114079,-0.012869113550624256,5.551115123125783e-17,-0.01903337649173442,-0.006982556761594316,-0.015764994405087163,-0.0414442289990784,-0.006841998814348049,-0.022843542916331283,0.0,-0.010646106370810704,-0.02137078136747489,-0.0056700279313097735,-0.02609120008771304,-0.03741720371384044,-0.046669598463276396,-0.03453545487956072
-0.014095395322102244,-0.01997545847507748,-0.007872942101699199,-0.019913537358679734,-0.010171093299750578,-0.015489692728622717,0.0,-0.013518407006407773,-0.02023203575732513,-0.037494417054941276,-0.008254397527487356,-0.066545714285549,-0.00749673226505615,-0.03521618700990853,-0.015439910167871718,-0.02236746736147288,-0.020154998775221145,-0.022087659520467484,-0.011438242980634283,-0.021386012604197036,-0.017258912609614874,-0.016004312537404863,-0.0035528901793897005,-0.0104765726344479,-0.019256826098006108,-0.007767801082020576,-0.00580434100846311,-0.03127373848363474,-0.029631605885655943,-0.015260287005717854,-0.03991049789752049,-0.03518314100987008,-0.0244275355383205,-0.042320286805131946,-0.03854906662262614,-0.027422211566279442,-0.02102904158490637,-0.04212947777722997,-0.015228258018444962,-0.04458318772099795,-0.017037222131113305,-0.023273411792505083,0.0016770010975031835,-0.0010372188433221408,-0.011532760724240199,0.00010389119328257923,-0.02213850204323564,-0.013003022511382079,0.0,-0.006141086044834654,-0.018431272577345448,-0.02091863746735012,-0.03579623044807462,-0.0013746651143087263,0.0026936848055946205,-0.014194034715606207,0.009033009306720685,-0.02483036739102845,-0.006767492851006585,-0.016341321123793773,-0.02490139597362262,1.1102230246251565e-16,0.0005730439553432998,0.0020556356663883335,-0.022578862776239272,-0.04321774720664717,-0.0016756192779962542,-0.02349818499330203,-0.007240415394866029,-0.013365233785471331,-0.01815019517924643,-0.008728086287247083,-0.02337942172591323,-0.02218554646488513,-0.025001588727655732,-0.021467989143000243
-0.02775780498099717,-0.021670441391338224,0.010163672469872154,-0.04398406620269285,-0.04165523395661147,-0.00214628764077307,-0.013518407006407773,0.0,0.007928087957629726,-0.03186212594519933,-0.018607260692739436,-0.023485948417460267,-0.024089190513259806,-0.04449490737428269,0.022335913924161288,-0.026865560878516603,-0.0494918867778143,-0.0349756638015038,0.009166304679557757,-0.014767738324308055,-0.012159669929356631,-0.02480028855536337,0.00695358481060937,-0.04008748505299442,-0.03176168072639751,-0.03318053401374793,0.0174556213448811,-0.028562191078060628,-0.02478698693857828,-0.03785799290082853,-0.03634253833022422,-0.052382823071964846,-0.014781152529616759,-0.05312193963962125,-0.05477657122900198,-0.02893329729161148,-0.07173525306432682,-0.02107371011453102,-0.04231500443772229,0.015025652042770843,-0.03988922843686038,-0.015661473070174847,-0.0312645631486147,1.4987836471191951e-05,-0.00023664759449759654,-0.017156909314093582,-0.019360768572793563,-0.016036303593456647,0.0,0.01589880572831326,-0.02259434885018774,-0.031194917055270666,-0.09863619369217663,0.002661466230972409,-0.01027271821966419,-0.027705051536533132,-1.1102230246251565e-16,-0.030483804864475328,-0.05364297188216738,0.002723552952356767,-0.02790689189633494,0.0,-5.737990879772781e-06,0.0036784034162027357,-0.012196804156564323,-0.022182342572971414,0.022342608824717558,-0.032493391182035536,-0.0009976247476953248,-0.019945020840048344,-0.023653282594431224,-0.003079841354427071,-0.030619456562131886,-0.016542337249591865,-0.00887105866701815,-0.036042794456273175
-0.023607417908115713,-0.013491263930146102,-0.004915375451896797,-0.015242565636884087,-0.011912737142614871,0.015535524103542142,-0.02023203575732513,0.007928087957629726,0.0,-0.018042522664859728,1.2313381752115937e-05,-0.03488852690244715,-0.032435898852469724,0.0073170385346183475,-0.006878070793960966,-0.022604460847505836,-0.01887868433430917,-0.029711676274463084,-0.011297757782007756,-0.013521554039044259,-0.020172414184786602,-0.009750311465671457,0.0022563329673070953,-0.008970661163111127,-0.0029452551332799226,-0.019199754922784307,0.012685850238050134,-0.02578229307482227,-0.014558135274420292,-0.010580426012495758,-0.013637750979152818,-0.021435950661287895,-0.007758492006799955,-0.027450550766776438,-0.02937589050038969,-0.017044442241207602,-0.023763574693699108,-0.022421543838969993,-0.011375817116479836,-0.01907162890969205,-0.009854013061695532,0.0003136751671803939,-0.01580298286580739,-0.012803686835092865,-0.016516692665984323,0.0,-0.020335322736572015,0.011976629470553002,-0.003887635161438585,0.010927399428200979,0.0020303694465536593,-0.0029149468581916027,-0.019497837229065174,-2.4013504699937904e-05,0.0008104895291698999,-0.01539503881235943,-0.0077407477323785945,-0.012941814725684342,0.003395987900803088,-0.019510811783257087,-0.023518022888725343,5.551115123125783e-17,0.0,-0.00022233482221345469,-0.011646255700949126,-0.02018333602588096,-0.022135653400561173,-0.002436965578764494,0.0012614194755140584,-0.0023303886861525402,-0.014748628397606156,0.008839061428003503,-0.006139226037881529,-0.019854451554350394,-0.0095269943777746,-0.008702168994587867
-0.04155842707505292,-0.005718160087497148,-0.016645318737565584,0.006520453701826023,-0.02372251536559289,-0.019515974201588127,-0.037494417054941276,-0.03186212594519933,-0.018042522664859728,0.0,-0.009012273033469909,-0.06052893900241382,-0.03732646970976583,0.015836877571705155,-0.01981338853055581,-0.030545245266985543,-0.04244230229039636,-0.04278417147241903,-0.019946852443149032,0.004085432886588247,-0.04197769309454408,0.023201550490397016,-0.016811727880808203,-0.015006438854323512,-0.01973272522681796,-0.02612568549790034,-0.01658592915450463,-0.04117399418904194,-0.043774515728861096,-0.04166656083612574,-0.024430020925925888,-0.03865030108770823,-0.01042649094783632,-0.027738111802336818,-0.044596052587836776,-0.022897410512043415,0.00526954893036663,-0.01179974086299912,-0.08341931872796604,0.07374618371521297,-0.019796452808668763,-0.12101850367650141,-0.11644695508059141,0.020187606066804253,0.07948586825939019,-0.024841100251039472,0.011723166851675404,-0.03324185185100215,-1.1102230246251565e-16,1.6653345369377348e-16,-0.025201160732592154,0.02814078857073915,0.0009340831213142664,-0.0027938625660727245,-0.001523142410500944,-0.01600897618847119,-0.004444852081393724,0.03825802528791983,0.0,-0.00011168278413681287,-0.04402448336614456,-0.0050375275793001495,-0.020679767269915772,2.3707321351262856e-05,-0.024117042306099123,-0.00029956266651826047,-0.012733321102980089,-0.019025726285130162,-0.042592195908768615,-0.010186977115131002,-0.017105260737303007,-0.009831831008701164,0.019739658315103215,-0.013895326458899904,-1.1102230246251565e-16,-0.03813316304697695
-0.000601362111399717,0.0009329241271541222,0.022094813801066093,-0.018956964672463883,-0.007949746829454707,-0.0028664228519307833,-0.008254397527487356,-0.018607260692739436,1.2313381752115937e-05,-0.009012273033469909,0.0,-0.023345546214386836,-0.012880493433368945,-0.0036279087166466994,0.0,1.7806772168227347e-05,-0.01871582301831365,-0.02847829952645925,0.005727617782472161,-8.18375882017941e-05,-0.06791163111764137,-0.018010453173868735,-0.004336039435718253,-0.06653049850432674,-0.028606922194126527,-0.02450421737416253,0.009638952670868228,-0.009953597240134227,-0.019279242388663964,-0.011214576364573514,-0.007376406981920602,-0.028299699140997447,-0.005050734146834157,-0.02071807975971801,-0.01457799671649429,0.025373117531770795,-0.018410068555049064,-0.012858482488189216,-0.0436355543584393,0.0014293285772190578,0.008941831423028457,-0.008656113601536397,-0.022477816624785818,-0.0014029541339102836,-0.005156651664846468,0.0,5.551115123125783e-17,-0.03311207776292202,0.00014362612368740146,-0.028485375618103048,-0.0008326886127258959,-0.00569462277268723,-0.01493449102012312,0.033880925423153296,-0.013017151180090891,-0.02891385685834258,-0.01648199043288534,-0.02134269353529966,-0.02358480193511847,0.0008121080727276908,0.0,0.0,0.0,-0.08697183639074602,-0.010096544985834954,0.0,-0.013494132841963213,-0.004562885231554015,0.0,0.0,-0.0025099030927983046,0.012581445063658547,-0.012630627838940811,-0.014892849597691549,0.0003677316971227862,-0.017491828812313204
-0.02871405136134786,-0.022411601913618184,-0.03883725734287369,-0.01975623482406552,-0.06117344969639937,-0.0439798762144849,-0.066545714285549,-0.023485948417460267,-0.03488852690244715,-0.06052893900241382,-0.023345546214386836,0.0,-0.05816634371342688,-0.016860748880827225,0.010116406316723614,-0.028283843833462996,-0.02927704429366812,-0.0297187953333356,-0.031180433943029995,-0.015190283811206018,-0.024201782688185847,0.05136719690235242,-0.03401390595968595,-0.015370870477182441,-0.02890121645414062,-0.01742048721084577,-0.04160168674420023,-0.07572118841356207,-0.07458481736775036,-0.00453860927629629,-0.03279429157036057,-0.026291890976124388,0.004872407304505888,-0.03730701367102496,-0.04980699530778521,-0.028236326805943346,-0.030902753180481635,-0.01189313442865389,-0.041672563731022294,0.07496785717198667,-0.09392695234112064,-0.10590084307173858,-0.02928049243113362,-0.02949161175179138,0.054886276375165355,-0.05553008902323753,0.006534842852504552,-0.003218122396291212,0.0,-0.00023688572448127276,-0.012089261200085688,-0.00041570778619970383,0.0,-0.005633119525678243,-0.015669426592751612,-0.010219974027327383,-0.026558299582544465,-0.022816797234905983,0.0,-0.0016520429285811766,-0.014723396309776704,-0.02599563461164839,-0.026466685559089875,0.0,0.004425717980551636,-0.000181109185806827,-0.004165622860758111,-0.028299005636968244,-0.06747336203054194,-0.023168374331827613,-0.03873235716679507,-0.05390252742156865,-0.03296031261444021,0.01733864619363945,0.0,0.012152171532442135
-0.0076351469919417325,-0.02126135425604525,-0.014076442390781485,-0.024478126479865137,-0.027650341140603163,-0.007874988247213166,-0.00749673226505615,-0.024089190513259806,-0.032435898852469724,-0.03732646970976583,-0.012880493433368945,-0.05816634371342688,0.0,-0.019253315329986975,-0.019929260861456632,-0.021995628035400616,-0.046519862171764514,-0.034892417250369345,-0.015370816742455051,-0.021836564601557085,-0.016643530520370486,-0.014913660516160165,-0.004026546654466223,0.0268995840901865,-0.018254347068772603,-0.008599024003707267,-0.0038604040535118456,-0.03439582543519715,-0.03118765393298567,-0.045711887401849116,-0.03568866236588997,-0.036608545321486996,-0.03303306707062731,-0.040899899992481836,-0.04706537281265999,-0.03713629437652732,-0.03376518070498885,-0.04255923928665284,-0.030174217026678496,0.008518439750979212,-0.02206128542851027,-0.0426073564635312,-0.006617371262185423,-0.14987358400890455,-0.019017407443340628,-0.012946442077901077,-0.013428010967191928,-0.024239106208660655,0.0,-0.02623360316402079,-0.027090270990107856,-0.028629342666694535,-0.045283236815072625,-0.01179977360123674,-0.002818827467181595,-0.02815872414054288,-0.020670191876621724,-0.029670442916200357,-0.00039255119948949924,-0.012976100941166413,-0.027870129136253863,0.0009614753437960921,-0.022552762654669434,-0.013531833466100318,-0.016603220743153457,-0.03631858542624855,-0.009408787512985961,-0.029300779208573657,0.012708925126472148,-0.022180605209701332,-0.018370460511371978,-0.013942501957117326,-0.025280812369560812,-0.03133059182185316,-0.02630036596954133,-0.02543956926885166
-0.02865801163103121,0.0,0.007708756759981783,-0.03405429047329478,-0.030447584821458706,-0.008072943709943547,-0.03521618700990853,-0.04449490737428269,0.0073170385346183475,0.015836877571705155,-0.0036279087166466994,-0.016860748880827225,-0.019253315329986975,0.0,-0.0015455012161720294,0.0,0.0,0.0,0.004771178384010144,0.0004626962380012145,-0.042615357901746254,-0.0015520538178487309,-0.021034506080219895,-0.007289016652953784,-0.00014020777750872737,-0.04071426875151912,-0.004083088728297435,-0.030002694105231598,-0.019128793384239284,-4.0754684516419726e-05,-2.3205867516751244e-05,-0.03956530820255466,-0.011013048922803248,0.0020652844525145264,-0.007750115252162515,-0.022678982535184855,-0.03288952840754569,-0.019114315817591487,-0.00034337644431908787,0.0,-0.0013544302649493023,0.0,-0.026887350257308318,0.0,0.0,0.0,0.0,-0.0004507684009324997,0.0,0.06289280200000852,0.0012046874036090172,0.00826084246244263,-0.01984894127177328,0.007379341102186854,0.0,0.006389222930237304,-0.0004534177453544008,-0.04032211964069432,-0.02340145304483543,-5.551115123125783e-17,0.0,0.0,0.0,-0.016484720878473857,0.0003939656032290184,0.0,0.0,-0.026178648319603537,0.0005225604280087448,0.0,0.0,0.00630923442585013,-0.02380213673340248,-0.020775595289530657,0.0,-5.551115123125783e-17
-0.01897486751412969,0.0057510779212721075,-0.01898573279178989,-0.006073662720468498,-0.012971080553036862,-0.015778251709826163,-0.015439910167871718,0.022335913924161288,-0.006878070793960966,-0.01981338853055581,0.0,0.010116406316723614,-0.019929260861456632,-0.0015455012161720294,0.0,-0.0026260213258109677,-0.01787371261731535,-0.007993889850725633,0.0,-0.011560448699208525,0.00010879788104922739,0.01914349235187557,0.012283628435515115,-0.014531582687050792,-0.002183886588268902,-0.0076795353443446235,0.04610981501298589,-0.01197647018269471,-0.004240617745990272,-0.027210537617796793,-0.010662935129905071,-0.011661346141539464,-0.007304571252708114,-0.022667796165040777,-0.01987885507978121,-0.0023702272686753068,-0.030095935441324217,0.00967668754591211,-0.007776727069758016,-0.00613814610849317,-0.018355336146166024,-0.012686519849601396,-0.02329191660967661,0.0005513570013693236,0.005322326520030896,0.0010211209123023868,-0.0040012662870314575,-0.014557759664346748,0.0,0.0,-0.012908399780931779,-0.018276866182463936,-0.02703110754240623,-0.021996503609400808,-0.00011905186805177825,0.0,-0.002381759453593535,-0.008265967019335962,0.0,0.01898393784655905,-0.015271383271852568,-0.00014694097550665974,-0.017247980508026062,0.0,0.023289572387298896,-0.005729231385280031,0.006573837391210535,0.017075355958877436,-0.0336497454836997,-0.0018682324664955896,-0.01256849274121502,0.015846357621436824,-0.008071046168938667,-0.016708853107020583,-0.00040809409938519225,-0.021216388493918825
-0.025278299455474662,-0.008656460139584987,-0.02617211838056871,0.0,-0.029411099897982573,-0.0226880309969546,-0.02236746736147288,-0.026865560878516603,-0.022604460847505836,-0.030545245266985543,1.7806772168227347e-05,-0.028283843833462996,-0.021995628035400616,0.0,-0.0026260213258109677,0.0,-0.037608086783095906,-0.0465730432439439,-0.0006298156019170498,-0.0340163989349187,-0.021668990162282076,-0.031941225190913025,-0.005658712291820189,-0.03282502465746645,-0.02934887829405669,-0.012761252556585445,-0.005491753090865525,-0.025062017207138965,-0.0384537696224182,-0.012114216017343304,-0.027583534131836784,-0.036283122179120775,-0.029576018201704246,-0.05020413156927561,-0.032776405776407336,-0.03947849516730367,-0.0067674046605379345,0.006217064721078747,-0.028170165302838557,-0.020789579517856482,-0.02766505909545358,-0.034470138817900564,-0.01206208575814044,0.0,0.0,-0.02314021953029416,-0.017172051308902203,0.0,0.0,0.0,-0.02719903885912761,0.001750934973205609,-0.027366975183305997,0.0,-0.009775648456570751,0.0,-0.025265307210578236,-0.02144030618030579,0.0,-0.005904775310931587,-0.026075680349932406,-0.005328537290879176,-0.029860656687101805,0.0,-0.009743921566010894,-0.026260429117630713,-0.02461297874119084,0.0009377374228016766,-0.017024762188835196,-0.018872506499328146,-0.028449826716449023,-0.01073121158504392,-0.024518202214997453,-0.04269655901168745,-0.00011187362467524053,-0.030865375455688515
-0.04441561174189834,-0.016231404415975648,-0.01015748200239941,-0.00028921801178877216,-0.022211451889605882,-0.019404968806097267,-0.020154998775221145,-0.0494918867778143,-0.01887868433430917,-0.04244230229039636,-0.01871582301831365,-0.02927704429366812,-0.046519862171764514,0.0,-0.01787371261731535,-0.037608086783095906,0.0,-0.015431585493030031,-0.012228580442515458,-0.017152212332978256,-0.051367537265825214,-0.02422967645768931,-0.026146017469493965,-0.039907131883553715,-0.031663555046547054,-0.02838572931461869,-0.01717414578320292,-0.03783254471696318,-0.006166723977259481,-0.006383110263519065,-0.03909511389720044,-0.04406451728338778,-0.04385965851702062,-0.05290166387544626,-0.06645535912237471,-0.020249659433969225,0.0038631514299009573,-0.030195362556424188,-0.013781419962116515,0.030912908108664705,-0.042393654761564536,-0.023234742678641895,0.0,0.0,-0.014034283660329994,-0.035801491679217756,-0.006744253849806703,0.0,0.0,1.6653345369377348e-16,-3.641018816569197e-05,-0.00021224261877766937,0.0,0.0,-0.03261982951567444,0.0003766736745241528,-0.026599358133769846,-0.008340428329492111,0.0,0.0,-0.03131290479461368,-0.027325600141320683,-0.02961112985997094,0.0,-0.00023697687241347465,-5.551115123125783e-17,-0.026990214460385187,0.0016913541957064293,-0.06905716026855241,-0.0258692981558854,-0.03104222064223172,0.0,-0.0039265328825739965,-0.01775217869744583,0.0,-0.005975524169834878
-0.04576323020236578,-0.030311402349997296,-0.012248825379636175,0.0,-0.02527203763830438,-0.01870270944744734,-0.022087659520467484,-0.0349756638015038,-0.029711676274463084,-0.04278417147241903,-0.02847829952645925,-0.0297187953333356,-0.034892417250369345,0.0,-0.007993889850725633,-0.0465730432439439,-0.015431585493030031,0.0,-0.03149233554395331,-0.022732166178436652,-0.02447642239492881,-0.03161116965528937,-0.014809283541949159,-0.03855093047803754,-0.02858684768599845,-0.036103522176525404,-0.012034798570241978,-0.025298289229663318,-0.03881680959596634,-0.015019300359856658,-0.03570066209086542,-0.040777818880206596,-0.049307461839950106,-0.05830815359735908,-0.0637083314748419,0.005883460657476691,0.0,-0.027115137719514293,-0.02791070037305815,-0.00012681142672194,-0.03292801303628262,-0.03487077937685812,5.551115123125783e-17,0.0,-0.024750533722974033,-0.05661170485962547,-0.02672283821886018,0.0,0.0,0.0,-0.023641793492499397,-0.00019931771813003207,-0.013954311424215049,0.0,-0.024519277059160127,0.0,-0.04357210798964212,-0.03053433102602382,0.0,-0.013289017578436424,-0.03433486503531086,-0.03297835327383791,-0.02842295886788715,0.0,-0.008501658843532045,-0.06744871585618917,-0.030844499149983495,0.010763274489917096,-0.05408805516301152,-0.027181319279358462,-0.029293165842695368,-0.00035658989938092134,-0.015061770043433453,-0.010498849123576737,0.0,-0.039045352581217774
0.0,0.0035119251116620953,0.005698986905963821,-0.03079597424174374,-0.0071927634897838155,0.0025351397091235017,-0.011438242980634283,0.009166304679557757,-0.011297757782007756,-0.019946852443149032,0.005727617782472161,-0.031180433943029995,-0.015370816742455051,0.004771178384010144,0.0,-0.0006298156019170498,-0.012228580442515458,-0.03149233554395331,0.0,0.005525997615280609,-0.00978704810198383,-0.014162432194733177,-0.02751492196314631,-0.01833907029247095,-0.030377047953376368,-0.009458838029820116,0.00643024422892674,-0.012877652838359399,-0.014194984022902979,0.0038392217553498975,-0.009108493124022288,-0.02538023745846285,-0.008041914263059224,-0.0198158362051285,-0.015517521588590377,-0.017731228265062904,-0.035021187776819784,-0.022467395915374833,-0.033394453042176975,-0.007806944956141981,-0.012301780746752589,-0.000393935671539114,-0.026112412414642683,5.551115123125783e-17,-1.6653345369377348e-16,0.0,5.551115123125783e-17,-0.0835237898709314,0.0,-0.015156059918445652,-0.0025735609696428963,-0.003058185027110638,-0.017618056241407776,-0.003852420788512889,0.0001559289677977027,-0.14595744969693344,0.001365815983237595,-0.006911851267951685,-0.0262479437147361,0.0002677276459813749,0.0,0.0,0.0,-9.299266174067622e-05,-0.01921894045610567,0.0,-0.007045022412049129,-0.014447574437011057,0.0,0.0,-0.0004373487278950816,0.008335067201393431,-0.007223759451310041,-0.029483339578440404,0.001405649194654357,-0.02067244789877165
-0.005568488106829195,-0.012659495223985129,-0.004669214915186959,-0.011273014999931608,-0.012338516284512713,-0.02007968260984888,-0.021386012604197036,-0.014767738324308055,-0.013521554039044259,0.004085432886588247,-8.18375882017941e-05,-0.015190283811206018,-0.021836564601557085,0.0004626962380012145,-0.011560448699208525,-0.0340163989349187,-0.017152212332978256,-0.022732166178436652,0.005525997615280609,0.0,0.0075340071197801395,-0.018813062619486287,-0.01336619807571865,0.015832938230520066,-0.012050392531263499,0.006905746470397933,0.011753740847033844,-0.047964310424128465,-0.03835004640138878,-0.08763644378435581,-0.013636799431657687,-0.02671476367780612,-0.02425560682476774,-0.03964459395920822,-0.03977069564793806,-0.03367287340653358,-0.03592587016352189,-0.018317188086975023,-0.006344195764777294,-0.0132792649075123,-0.010162662535678046,-0.018759160049023227,0.009117800825502786,-0.10289080606999845,-0.002056605754616081,-0.014625962944094184,-0.010002372788228853,-0.011491294412112885,0.0,-0.0014527465108085669,-0.0029064002852663418,-0.018741673053337682,-0.020506155308728513,-0.006243903298083442,0.0018826193843206607,-0.020207026805892814,0.0007522255451269944,-0.012976637150122206,0.0,0.01681278179349449,-0.022372908713247153,-0.002852150471728765,-0.019275984308683825,-0.007025567993144521,0.01377959400312967,-0.010012722500827853,0.01425918551405142,0.010045860903796167,-0.0016297172001983884,-0.006802290242707787,-0.010317556366574276,0.011212091899723942,-0.00366197844691718,-0.012556858582680963,-0.00923804249980864,-0.0029943062532553077
-0.023812577169033566,-0.002736637178815282,-0.03238546580853435,7.012675132733737e-05,-0.024313918169086124,-0.026594905946718317,-0.017258912609614874,-0.012159669929356631,-0.020172414184786602,-0.04197769309454408,-0.06791163111764137,-0.024201782688185847,-0.016643530520370486,-0.042615357901746254,0.00010879788104922739,-0.021668990162282076,-0.051367537265825214,-0.02447642239492881,-0.00978704810198383,0.0075340071197801395,0.0,-0.010663402142415457,-0.003408739415488693,-0.037244324559741804,-0.020546332427569702,-0.020357885349596483,0.022010476733066164,-0.028771147876909597,-0.023148261586937113,-0.024004397454290893,-0.041583573019217,-0.03286067875236087,-0.018767955745382314,-0.0665503544690983,-0.03740376246778493,-0.04930353309935198,-0.09866798273650662,-0.034433348474012915,-0.026659958233855974,-0.02593648824857736,-0.01023370095728282,-0.02607030673625016,-0.022407898001761184,0.0,-0.00024082261159646956,0.001442735089525804,-0.007779262731060832,0.0013397169879720838,0.0,-0.00025667695219855347,-0.028914660317822916,-0.02584658534358214,-0.041266016252013205,-0.014032033245705067,-9.478090476289225e-05,0.0,0.0007153206939464751,-0.008527155073650095,0.0,0.007819592301313072,-0.03110589553370463,0.0,-0.018431434560125526,0.0,-0.005354888483113107,-0.0133054144459811,-0.0018760689634786387,0.002489380728474877,-0.036052582564288005,-0.021396947274100686,-0.01388426332952064,0.012988931306968099,-0.01124596968507019,-0.060973639881824415,-0.02555452293928029,-0.037009041277716204
-0.018993227879894936,-0.026370757678708168,-0.0185453118269579,-0.006406091234859246,-0.014853536615612895,-0.016492220702771065,-0.016004312537404863,-0.02480028855536337,-0.009750311465671457,0.023201550490397016,-0.018010453173868735,0.05136719690235242,-0.014913660516160165,-0.0015520538178487309,0.01914349235187557,-0.031941225190913025,-0.02422967645768931,-0.03161116965528937,-0.014162432194733177,-0.018813062619486287,-0.010663402142415457,0.0,0.032877359130108474,-0.050646262721593394,-0.014464024804430209,-0.0018552908799225887,0.015714841013623637,-0.011818122319695645,-0.014800501453001935,-0.020150420257939727,-0.017879988457012108,-0.027037936762370263,-0.033589687309551475,-0.028481748811395147,-0.025667140836803437,-0.006758479273235363,-0.031529885741155894,0.008470322073034053,-0.027824535711286014,-0.03015634967399794,-0.03576459627816342,-0.02204257892664957,-0.0603566408522066,0.0,-0.0073381206015848965,7.752032624902538e-05,-0.018674333472036453,-0.006571782116092939,0.0,-0.00048188626230033504,-0.030816173000024594,-0.012044342420605203,-0.013381522862414674,-0.03662203223518268,-0.008830721247480577,0.0,-0.016762840446300165,-0.020677321984913066,0.0,0.003251652962219298,-0.023252826482049904,-0.006747790388169639,-0.023079653172588532,-1.1102230246251565e-16,0.0074950682032669524,-0.009156673324079101,-0.008429890635248238,0.005276100705083608,-0.0011522603746260685,-0.008144031231630489,-0.02321672965862609,0.0009676619828355437,-0.02974301390819034,-0.036867762702667506,-0.028105655536005414,-0.04122286668669689
-0.017715498965185705,0.012698919472235337,0.0024656321874674814,-0.046780286591993125,-0.0012334502559870342,0.031204768780863146,-0.0035528901793897005,0.00695358481060937,0.0022563329673070953,-0.016811727880808203,-0.004336039435718253,-0.03401390595968595,-0.004026546654466223,-0.021034506080219895,0.012283628435515115,-0.005658712291820189,-0.026146017469493965,-0.014809283541949159,-0.02751492196314631,-0.01336619807571865,-0.003408739415488693,0.032877359130108474,0.0,-0.03140199716238806,-0.004997182869845962,0.00011744250178097326,0.018695048118666513,-0.0135320824919124,0.002450904547002919,-0.020755982773944137,-0.015178197600530241,-0.01524157600299636,-0.01203079562160947,-0.038991119658927986,-0.042426565295910434,-0.016567679998697127,-0.04073848694673915,-0.04129193824661703,-0.01576911255409874,-0.008552944059412315,-0.018342060893185408,0.001565552851620522,-0.005843474619401046,-0.010614042106319721,-0.032263692989262904,-0.007054406665937429,-0.00650355394183072,-0.051146243789818524,-7.991649162536474e-05,-0.00263721526867311,-0.013717230616280829,-0.017836336007132525,-0.018041596067476573,-0.0034790630395118427,-0.01678581642578042,-0.12800436693784217,-0.037284953262177345,-0.019097235886707087,-0.03484169246287905,0.011495703382555511,-0.02454113915406353,-0.00963019883356353,-0.015572983846112942,0.01749896865434175,0.00527112805690616,-0.009699967596771497,0.008440450668238342,-0.008366066860511001,-0.011528302265868817,-0.006431068455439726,0.0011778454100782043,0.004222400426824202,-0.010535092569960103,-0.009937782126556605,-0.007453100956941072,-0.010059831735793168
-0.029685547172714544,-0.010294503629922958,-0.017691337591382472,0.0016647878522305648,-0.03062116100693013,-0.02163829889611668,-0.0104765726344479,-0.04008748505299442,-0.008970661163111127,-0.015006438854323512,-0.06653049850432674,-0.015370870477182441,0.0268995840901865,-0.007289016652953784,-0.014531582687050792,-0.03282502465746645,-0.039907131883553715,-0.03855093047803754,-0.01833907029247095,0.015832938230520066,-0.037244324559741804,-0.050646262721593394,-0.03140199716238806,0.0,-0.024155561384529345,-0.010828376997773392,-0.004076188849291951,0.024912120228254564,-0.0032462372397404904,-0.027213006368461634,-0.029957628037667272,-0.024840635057671645,0.005516693601554823,-0.03127820949897242,-0.056259489784015626,-0.027613283210323525,-0.01997767921553989,-0.024148390701666134,-0.03786363014419708,0.09715004568371671,0.036128679478075354,0.009533278483696617,0.07027467878786786,0.005054931165559329,0.050611828032540884,-0.01600974256164156,-0.006476375261175837,0.000171423432290152,0.0,0.0,-0.012189717010431533,0.011818155339366754,-1.280875987536012e-05,0.002176438296831895,-0.024209370255303786,-0.000777096074868644,-0.0464471475053152,0.022139479069547996,0.0,-0.006620480527536776,-0.013275157342301114,-0.03614560061402344,-0.03149554683700162,0.0,-0.0071459920320764425,-0.047778507261247605,-0.012273059920685558,-0.04760691359050534,-0.06204790935804444,-0.01978600776344036,-0.027702055576153906,0.05096179336763185,-0.030953856030141058,-0.003468196659560996,0.0,-0.022164860059699032
-0.021109242057566424,-0.025987462987685117,-0.03539519265726404,0.0,-0.024583140947024684,-0.010734049344232444,-0.019256826098006108,-0.03176168072639751,-0.0029452551332799226,-0.01973272522681796,-0.028606922194126527,-0.02890121645414062,-0.018254347068772603,-0.00014020777750872737,-0.002183886588268902,-0.02934887829405669,-0.031663555046547054,-0.02858684768599845,-0.030377047953376368,-0.012050392531263499,-0.020546332427569702,-0.014464024804430209,-0.004997182869845962,-0.024155561384529345,0.0,-0.022206506882839427,0.00548811838727048,-0.014156678571062176,-0.018012057101863987,-0.01996130998345974,-0.02886708715624281,-0.02296130294525961,-0.020050471318146412,-0.04062603136830861,-0.04214566055879326,-0.056886970540344195,-0.00024084504747240443,-0.003763638610245146,-0.017328407799756085,0.010669085225944841,-0.017540253147730667,-0.025526568051139786,-0.0010064848535596416,0.0,0.05522480787282036,-0.023145678722886087,-0.008927739019633785,0.0,0.0,0.0,-0.01844188585244233,-0.0013806017398119153,0.01796520004360408,-0.0001691143589102606,-0.01967146907984002,0.0,-0.036396163218708144,-0.019200632214318836,0.0,-0.01699615740491517,-0.020539942984077686,-0.02098931922556746,-0.02288103543426334,0.0,-0.03106386701311048,-0.009582474025817966,-0.0193734627631047,0.0021947976468075225,-0.030219072088515708,-0.014653251859064687,-0.01940737506717527,-0.005381094888218918,-0.026542175022563286,-0.01638401291814412,0.0,-0.025964538114955804
-0.02819435167413986,-0.03250994579280797,-0.02627910448580628,0.002458877485305655,-0.015431357398798695,-0.006937109968959021,-0.007767801082020576,-0.03318053401374793,-0.019199754922784307,-0.02612568549790034,-0.02450421737416253,-0.01742048721084577,-0.008599024003707267,-0.04071426875151912,-0.0076795353443446235,-0.012761252556585445,-0.02838572931461869,-0.036103522176525404,-0.009458838029820116,0.006905746470397933,-0.020357885349596483,-0.0018552908799225887,0.00011744250178097326,-0.010828376997773392,-0.022206506882839427,0.0,0.026333453925762362,-0.01062023327193895,-0.003737924463231901,-0.013040287294590724,-0.01811206206854954,-0.02180685240504071,-0.020074952090692433,-0.03235323129959916,-0.007301932115974463,0.022815497140938057,0.02332014768811208,-0.006231679726697026,-0.026628119275738882,-0.002603454704761532,-0.02523899907417071,-0.027544818532513615,-0.03628684281582295,0.0,-0.0025005349569126034,-0.027161923910121955,-0.01625920115830426,-0.014114705687063078,0.0,0.0005675945032486696,-0.025327132457039547,-0.015373322670767575,-0.0055897235258372535,-0.03567803800975072,-0.02269156850632681,-0.00017369091101532286,-0.04407623905238217,-0.011697039796816633,0.0,-0.008729179325374314,-0.027965481514671875,-0.023447459187617425,-0.026144745609678888,-5.551115123125783e-17,-0.02900007447969044,-0.011037602375295386,-0.027426277461798765,-0.0013214505072955407,-0.026593826054643332,-0.017558010668591306,-0.02336821116518012,-0.01745358370493938,-0.02452663829202334,-0.022985939452636273,-0.0001858310748741876,-0.032094386166172995
