0.0,0.01546749360912164,0.03775098182649178,0.0,0.00018980561680553842,0.00722400823558117,0.032742027414512764,0.013475112123019717,0.03361476411380593,0.039637952244147234,-0.0005124462273307095,0.013946707029339978,0.0313417516118637,-0.002672879824216212,-0.03184881437626019,0.015011318426485176,0.031075328213295506,0.01981413154606171,0.0,0.02235325214861783,0.05629291161955885,-0.0016449899902342136,0.02471876448322441,0.05636269707490771,0.03000649500813235,-0.011422514416445984,0.01927870825804906,0.032941160731753516,0.01632155946619357,0.024333701056030277,0.04042139281756946,-0.010954559104889072,0.009499197893019784,0.02258134293658076,0.002131230566642106,0.031156797156231264,0.0,0.027797131441554435,0.03146083324117349,0.03599196592296283,0.03733443511774537,0.024025207089945655,0.0,0.0,0.031243539742335513,0.07459458750661807,0.04603357880817649,0.0,0.0,0.0,0.009573758071354244,0.0,0.004581688816261087,0.0,0.008295159012640108,0.0,0.020494834205348866,0.0242580436852593,0.0,0.05403395990597237,0.020996793014677995,0.005104469267520784,0.026324193672735363,0.0,0.026995817147213996,-0.06523822940552654,0.037894575690129606,0.006447881434219482,-0.018137356983943753,0.046221198114984985,0.04570581312834837,-0.010110913259132603,-0.00040131266645310193,0.01582551344209604,0.0,0.03439851216489709
0.01546749360912164,0.0,0.00793583535668374,0.0,0.005894028985141908,0.01402974730621176,0.007073968094268801,-0.00024176683482696193,0.010707364716645795,0.01085744445862269,0.0007080326232246081,0.0014430045648541334,0.0170266194793548,0.0,0.0006655233135218763,-0.002344318373096177,0.021976249963730043,-9.788586945796984e-05,0.016474525288680153,0.00502146531656128,0.020200317537178214,0.011551635762420631,0.01987937084874536,-0.0035310355201981225,-0.0017778919693059447,-0.0017929078186754155,0.009476315068263241,0.02528633057989249,0.013208531537863832,0.011611383115432639,0.009062115520750758,0.0007469869108943095,0.0004844656599314878,-0.004944769816439432,-0.008007988337730976,-0.004908327129132528,0.007819957226277041,-0.0003457981252289466,0.026163351884599173,0.0035268996086891824,0.012105470281778996,0.01242852610947126,0.0403977537569184,0.0,5.698629656347709e-05,0.030882200127292536,0.014983289811170308,-0.0022044906148332433,0.0,-5.551115123125783e-17,0.005630231002398234,0.003468675623843287,0.029436328878014506,-0.004707080101785499,0.013441745153410622,0.0,0.017180617817508237,-0.008001650336025568,0.0,0.020548602235684277,0.002876402588974536,-0.0035182526128195724,0.005548535573056013,0.0,0.03286771984410952,0.020223335597019054,0.007614250573465264,0.029957436299581308,0.0227037857619925,0.015468472844141878,0.029477968788043762,0.020673095192599356,-0.007976667416180971,0.008811957998303255,0.006157676941783097,0.012032522273177249
0.03775098182649178,0.00793583535668374,0.0,0.02166064539191831,0.030326219914369623,0.009083878238404175,0.018160792125454794,0.005224968479633607,0.0072242471685762255,0.04160522963535601,0.014169415878808211,0.030242141155665536,0.021407374873676777,0.017079626620628063,0.024024869068670518,-0.0007526506287262591,0.019439226224537087,0.026657492260368676,0.0004888203844518602,0.015190612749562293,0.04263703237304517,0.0030032542738509527,0.004051145129124523,0.03250384681995222,0.018472635238444335,0.017061925017198054,0.009371577201996883,0.01088499692867112,-0.0007106712004912308,-0.00905854523497085,0.01892097583222896,0.029607415954214067,0.013624890448345195,0.022384704543847056,0.023158547615440173,0.025571132486307102,0.031110626403218378,0.02606003729409273,0.0329669396271175,-0.004794743059355733,0.017916709024092592,0.010832299301921422,0.023917336045278403,0.007168097633958204,0.00016420935954697402,0.0,-0.03893567630565703,0.15059684242800003,-0.0002471948640796473,0.01951525056443848,0.00822435126205201,0.014472770036621285,0.016426010335931163,0.050317987192782576,0.008900605195051536,0.07106137384171435,-0.004346201346333289,0.01691571825932392,0.02815453427778747,0.02930312982808303,0.0004334759255036902,0.0,0.0,0.15772080558807988,0.019407532959164364,0.0006578623021453733,0.005286545010187105,0.005630283437019101,0.0,0.0,0.015832247255446075,0.013387528536344062,0.010679313258014633,0.00981310219212883,-0.001789526277767406,0.012109651720489278
0.0,0.0,0.02166064539191831,0.0,0.045202234867508184,0.022236313853905787,0.0009385796484756015,0.06105606762348115,0.017848527611465714,0.06689174501560186,0.054984940951429084,0.06493413918394408,0.05686263996449076,0.07326164337494395,0.010125929798297184,0.0,-0.00020458249401589246,0.0,0.04265127604789548,0.008926892106115136,0.000131555784094739,0.017688095726071662,0.04054952050010524,0.0056591973679453456,0.0,0.0018671095327251752,0.024013763837323343,-0.006257392875779977,-0.002200701797496152,0.000175281418231088,0.020581374930059404,0.027032752877032218,0.014698794002747984,-0.07370706835897556,-0.023916979665561833,0.07567182575035819,0.010243077566036124,0.08480426010240599,0.0008401962945715491,0.0,0.04072587922620052,0.0,0.000229058474039312,0.0,0.0,0.0,0.0,4.886289255690013e-05,0.0,0.0,4.819008471923514e-05,0.0,0.0,-0.0001143943232645439,0.0,-0.00011711091041832766,0.0,8.611608280584271e-05,0.0,0.0,0.0,0.0,0.0,0.0,0.0,0.0,0.0,0.039972880840806246,0.0,0.0,0.0,-0.0008825939827463158,-0.00011212644196773036,-0.0004410075153482018,0.0,0.0
0.00018980561680553842,0.005894028985141908,0.030326219914369623,0.045202234867508184,0.0,0.0029541023209258555,0.0033540331624581365,0.0375422114656343,0.0154817960018519,0.052487025524993014,0.043283039335588636,0.03528423667870029,0.04681493562091599,0.0420177323187389,0.023579472884363184,0.004648431479304493,0.04331350791573535,0.029222618957690016,0.060393116258535995,0.007698500619259252,0.0173494598947857,-0.0036404372956206354,0.014792117516132686,0.06614892491982705,0.007992243425515022,0.008030942142121078,0.0055279924847075335,0.05529821212828573,0.008000052066595043,-0.008270480666887736,0.03845501695186698,0.03717422321854097,0.031247318935301194,0.026310450830254017,0.02985293186441712,0.020987559719625903,0.02029199091927697,0.05715409984394071,0.025498468225190973,0.04615861617299749,0.02556184381251103,0.022722703316848725,0.04123099162813082,-0.00012027625157134958,-0.0034422490073708345,0.0,0.0021739838939655587,0.02186894798864214,0.0,0.021451902526015976,0.004948543702350983,0.017365909255870116,0.0028230291662316165,0.024621904641328407,2.31852864978066e-05,0.05042265159962689,0.09447115068575163,0.015784465885577248,0.042044152956276226,0.006369024342375074,0.00045332723896679417,0.0,0.0,0.027673404624150577,0.03911590092942119,0.0,0.008285784455554945,0.011077702730737715,0.0,0.00014924346267120026,0.016289337036573426,0.0036122797336063384,0.020946706888043787,0.030887663999415782,0.002712785407448015,0.018514398238505425
0.00722400823558117,0.01402974730621176,0.009083878238404175,0.022236313853905787,0.0029541023209258555,0.0,0.005271443946274934,0.00031154289906165644,0.009650650878585798,0.0327859446614856,0.010930413783395543,0.026716336878231606,0.00588776708335953,0.006153737154562466,0.021806249087388596,0.01126669322718804,0.031228691082979654,0.034244330754957364,0.017039168002970617,0.025739298063961413,0.032022535533745566,0.005643138689821747,-9.773894189041288e-05,0.020049182261723753,0.02303378084772406,0.01601200367270289,0.009150393439018079,0.0017095093976747244,0.020967213766678483,0.003709194652656511,0.018439611546159362,0.015998302201524928,0.01802679891942255,0.012713068184174559,0.009910213904589127,0.034808055209244015,0.026152765249121468,0.038556605169554226,0.0016095575107820115,0.0019668123211034616,0.0011793136983061503,0.023365664456301505,0.03102688025008582,0.04638510547351571,-0.005423474597956168,0.003979973998723407,0.012658719753500858,-0.0029203961666300904,0.0,0.011801379139922963,-0.00017894728916623137,0.003925262211128655,0.001603720806375608,0.00477924700638066,0.015477520508078935,0.010875490514152264,0.05261425042077983,0.016784764108706884,0.033466301684229705,0.03184849114739313,-0.001254450379855221,5.551115123125783e-17,-0.005840415351423489,0.010407031863266747,0.038329614825718394,0.030868812261177048,0.009085895451806991,-0.022246761427282546,0.0,0.005199976840218057,0.027332733669667986,0.006262524434567207,0.01243396710169542,0.01712322657424542,-0.002584005269030909,0.020114069222462894
0.032742027414512764,0.007073968094268801,0.018160792125454794,0.0009385796484756015,0.0033540331624581365,0.005271443946274934,0.0,0.020169324550012302,0.008482566882855314,0.04152065397012794,0.02752482138777862,0.014432743496225142,0.010882266162414778,0.03704703681051713,0.0060768433483853745,0.007625803833365419,0.023888135628157614,0.014129526372068102,0.024810028613131252,0.0039850543763048085,0.03631815199200139,0.0023864045689196423,0.01579698496715498,0.030087833476270753,0.011631384127774425,0.01311546170607969,0.019030442769588207,0.028598709470943007,0.011789836950819366,-0.0036526764587457294,0.030748039535934413,0.011225339589709116,0.025762478195979044,0.008879380012728366,0.005317028682310709,0.034822706510176715,0.052060800783264194,0.01713558341881094,0.007330922773187809,0.01211476789946242,0.0343908092741354,0.031330270870107424,0.05256229642030569,-0.0009080273310959619,0.0032423163164868596,3.325466581360903e-05,0.010203969316490646,0.020251642970628647,0.0,0.02108044676542753,0.006311690820551608,0.015915731963255353,0.022938589980621205,0.01708126113143449,-0.011147648883795047,0.02562771213963355,0.02942736791366546,0.01868930704597993,0.028788139038581184,0.03723864473676186,-0.004367235896010402,1.1102230246251565e-16,-0.046580651712097576,0.015257907883431954,0.042236074895033504,0.03073063489271466,0.0164469519502079,0.014329487471400726,0.025525902641178377,-0.012222730759234912,0.027243756230291405,0.015082098714835457,0.024482863390237863,0.028781136526343898,0.01337686023807727,0.026291590480825522
0.013475112123019717,-0.00024176683482696193,0.005224968479633607,0.06105606762348115,0.0375422114656343,0.00031154289906165644,0.020169324550012302,0.0,0.021687970435023796,0.03602327986487519,0.032402088495700254,-0.005897783383769117,0.024622429407584245,0.056092576481371725,0.014105247098124662,0.011707113582120066,0.00656447211776956,0.015514905116597477,0.046107109098605326,0.025102217955910444,-0.02422097193128414,0.003706885479807631,0.010917048649878025,0.01684427689425616,0.010158496027963537,0.010659900037678305,0.003389679774121024,0.022483094084030986,0.013261982571582398,-0.0061176522484384654,0.014998222838056186,0.012723129568278035,-0.02006241056332775,0.018200540189880765,0.01956235934051609,0.055788909116369245,0.07056572770100905,0.0277456986158664,0.006036501735044275,-0.016766043908683192,0.024118216852717478,0.02871173084611356,0.010958814184301613,1.1172593613939519e-05,-0.0002120553383666013,0.008651680028813946,0.029691554975763867,0.02119096848136981,0.0,0.0209614420230797,-0.000842523753629032,0.016722520550185527,0.038306077628171176,0.022021763001766392,0.0035882254452777596,0.03159848932201337,-1.1102230246251565e-16,0.011895476673272676,0.02935654637898394,0.026430872395732552,0.01581571681826821,0.0,-6.253972024916621e-06,0.02809000181447785,0.04634767595113848,0.03562941024903704,0.051544524530143965,0.01591661594503424,-0.0006636981872237269,0.006360031795466181,0.02260106078058699,-0.001276479604509162,0.019376473804250727,0.022291357167616543,0.013346626535686634,0.020582271090659077
0.03361476411380593,0.010707364716645795,0.0072242471685762255,0.017848527611465714,0.0154817960018519,0.009650650878585798,0.008482566882855314,0.021687970435023796,0.0,0.041336686391487854,0.026047000012095423,0.031155217206203623,0.03208921245737639,0.030105833940032134,0.025659808410899876,0.012617391308583359,0.02591196464644402,0.03375806911362483,0.011882617200216938,0.014370427399459818,0.04679079747671272,0.003721591908522781,0.0034081037943314296,0.04784125419040447,0.00921902250877965,0.004584877128996356,0.007846231561020767,0.021604029461477492,-0.0025222247069785486,0.0015785809035431253,0.02381820685930347,0.027024447991043477,0.021373878774736232,0.025728335917387102,0.02924498194884645,0.024959869938502077,0.035878682023376185,0.036995523689070164,0.03483491828742724,0.05088158358600009,-0.011791965910309288,0.020945870849743087,0.03073188882536959,0.014037420857816008,0.007952707094662392,0.0,0.00994085253325977,0.04083092505415542,0.00837091175507959,0.015854937783615575,0.006128424198357796,0.0124501531384964,0.01854422925347987,0.019308088815900293,0.008781417955178394,0.052238814118315435,0.037549273041325215,0.01037597639922283,0.028761664876752024,0.021506570486803156,0.018256993568589563,5.551115123125783e-17,0.0,0.022479954927565715,0.038180473528920955,0.016986400545115354,0.004928378687129531,0.0007910910739638011,0.0011112204901264078,0.008809948132576517,0.021022795429283092,-0.00048377084729867015,0.015040982910890843,0.020390179750017834,0.01098985525422469,0.014081671837718912
0.039637952244147234,0.01085744445862269,0.04160522963535601,0.06689174501560186,0.052487025524993014,0.0327859446614856,0.04152065397012794,0.03602327986487519,0.041336686391487854,0.0,0.05718919397532424,0.02312856750166764,0.04390366251420891,0.05993633476771171,-0.0061226647951284074,0.015192758621218438,0.008108502251764738,0.020013302008247802,0.04350819269168077,-0.0034382284572446187,0.029971122189429877,0.0034769010002909106,0.04681779828664451,0.019990575391853227,0.016263416882449366,0.023042041325408436,0.010030624948927647,0.04675823583715388,0.022690961543679278,0.049239038887534003,0.035022067962256265,-0.017913425146711903,0.006363365447872804,0.014181085676864491,0.025371235669528258,0.09574541026134115,0.017035388780185623,0.03176414952487239,-0.01685723374121917,-0.02320599210290708,0.007028979855551121,0.06518452697162858,0.010240789231794778,0.002673989808423982,-0.002918352882686992,0.019108730864637047,0.04448162312540355,0.013167463206906982,-1.1102230246251565e-16,1.6653345369377348e-16,0.007825422575495122,-0.014077725476075775,0.0008501423487281556,0.014821819228382438,-0.0016504224509054644,0.029400141898773935,-0.008158879606969538,-0.022526634679679747,0.0,2.957332090541831e-05,0.008256173476197448,-0.006717079578183682,-0.00018177307856642733,1.7672481791575212e-05,0.020127601941617113,-0.000223307209239465,0.016702191691504553,0.03770189369936794,0.0067556615641654605,-0.0032537372922083474,-0.009071757729508356,0.04548583811983242,-0.029343814868952656,0.013455057110987545,-1.1102230246251565e-16,-0.001583102848719542
-0.0005124462273307095,0.0007080326232246081,0.014169415878808211,0.054984940951429084,0.043283039335588636,0.010930413783395543,0.02752482138777862,0.032402088495700254,0.026047000012095423,0.05718919397532424,0.0,0.050912081298398526,0.0438838610367539,0.03936157239885685,0.0,1.3273952474412987e-05,0.03344252512940005,0.016519243466314726,0.027211939980497923,-6.100534370534483e-05,0.029337408061933412,0.015513707872499838,0.04156721924172785,0.050614190788923985,0.03221517164620169,0.03883697444671619,0.02648872339300601,0.049868466302619485,0.01761165570604195,0.011257889874151161,0.04843069328280586,0.06275444639462485,0.06072071841815563,0.04972865577016011,0.04720606978570585,0.05999352505271194,0.09116119811187984,0.05758178425515098,0.055670409084626116,0.06880561356048653,0.04233648201749951,0.00993248877029318,0.054362488469312575,-0.0010458238203572279,0.004475098863134519,0.0,5.551115123125783e-17,-0.014412925582675595,0.0001070652402292982,0.0775928994637709,0.024605579266320343,0.05704828036109938,0.03538113948797833,0.07186383969358745,0.06358442274577059,0.00032914076859519303,0.05063187630515431,0.04194839802393108,0.059309288543109795,0.0006053811358721628,0.0,0.0,0.0,0.15242444384227266,0.005763006460980158,0.0,0.004109479687733453,0.033920968279156694,0.0,0.0,0.025703276471091552,0.0167344682186793,0.043128308558425976,0.0388391848634303,0.00014867938405865866,0.046794517342717445
0.013946707029339978,0.0014430045648541334,0.030242141155665536,0.06493413918394408,0.03528423667870029,0.026716336878231606,0.014432743496225142,-0.005897783383769117,0.031155217206203623,0.02312856750166764,0.050912081298398526,0.0,0.03082141890047896,0.013661966511130774,0.003616002239984817,0.00514039922562759,0.0012230941333102874,-0.005970849701540548,0.03197632621470481,-0.11477544916203691,0.012100231998305788,-0.04719758324427309,0.0062207121864661374,-0.00990718614538505,-0.002460672117122531,-0.02675744981118039,0.029740848696270306,0.024957703869792902,0.023883254700925616,0.015804985403631677,0.02499875954195152,-0.0029441821950285108,-0.027410999154029003,-0.011020489600942485,-0.003928734242008569,0.05531537231141914,0.021331208975879423,-0.012345554470483494,0.0015782682330588438,-0.041330065327383925,0.015873722882848162,0.011286099118326842,0.004222228366697223,-3.94417550700632e-05,-0.036823764738449394,-0.07042374570880278,0.012581290378524235,0.003998429046531526,0.0,-0.0002313294670086563,-0.0050276598452637655,0.011749645586011437,0.0,0.023032354074689898,-0.00923908077279384,0.0166250790328501,-0.009936193152176698,0.005580715344595755,0.0,0.0034291066782498048,-0.0022234863008174233,-0.01580821120511311,-0.006249994644848045,0.0,-0.00803072697047702,-0.0001350067660974008,0.02711372015807223,0.01573835756666425,-0.020385954914997506,-0.011222294059534399,-0.017264487939056217,-0.010969812115244282,-0.00250188634127807,0.000248183366017507,0.0,-0.00889575086476685
0.0313417516118637,0.0170266194793548,0.021407374873676777,0.05686263996449076,0.04681493562091599,0.00588776708335953,0.010882266162414778,0.024622429407584245,0.03208921245737639,0.04390366251420891,0.0438838610367539,0.03082141890047896,0.0,0.047025538071022055,0.020876903786357037,0.014431333539001001,0.03868275078814465,0.019536591073811727,0.03485377484845331,0.010836514749349935,0.031582450306508136,0.008778207016692297,0.023927772124685776,0.04501744525461171,0.02252684980092723,0.021849870834811158,0.018497748156368565,0.02245880586654264,0.007239082313664713,0.023586243894327397,0.03222193873967044,0.016155392196142093,0.030877430380998883,0.02389270507621627,0.01672656065816197,0.04354661407989513,0.04391090314418117,0.04584443935024313,0.015793329801114753,0.028340348611901045,0.03710750064028634,0.041892999910245254,0.04542282613237608,0.027336729396898296,0.06685838346262374,0.013385417016830936,0.01206127907250687,0.012943619695157116,0.0,0.023295826686521637,0.011612160645917191,0.02163163823124581,0.03129483954346224,0.015754120663284854,0.025711366862932017,0.026282312883138037,0.040273969999274795,0.02458144187487732,0.03402576557977033,0.03553650843906275,0.003945052781274383,0.008309724192561985,0.007656975820222234,0.01833088575289521,0.04153768989843459,0.0351573974675265,0.019651590587597356,0.0201302493781933,0.0630494992893802,0.0073487869452405485,0.02359949601139444,0.01970624045445246,0.02708532458087276,0.029337274433730187,0.02121484162182019,0.03109519675180672
-0.002672879824216212,0.0,0.017079626620628063,0.07326164337494395,0.0420177323187389,0.006153737154562466,0.03704703681051713,0.056092576481371725,0.030105833940032134,0.05993633476771171,0.03936157239885685,0.013661966511130774,0.047025538071022055,0.0,0.006963307256285467,0.0,0.0,0.0,0.04031390253060241,0.00239281426172655,0.010850437462185447,0.006018765587505581,0.030513931920767123,0.05748961743886816,-0.0001045170543881313,0.041406605360390925,-0.0005830238362963813,0.05331114696546008,0.03392952158970952,-7.063833884390913e-05,0.04939381829858058,0.05168655569024777,0.0005091322331843839,0.03948568146557474,0.03869296237484027,0.023040948875792444,0.022706151185674345,0.03794996312760529,0.009088450098849343,0.0,-0.0012468341230448265,0.0,0.046047227598725815,0.0,0.0,0.0,0.0,0.019747718790689817,0.0,0.02878593540218327,0.024671352129029267,0.02903791714149695,0.03400168604253978,0.01009857045983742,0.0,-0.09922172903824145,-0.00045402114432152585,0.032758157370121166,0.03352318369456364,-5.551115123125783e-17,0.0,0.0,0.0,0.017285170390433535,0.0004958012201602413,0.0,0.0,0.009709720902737806,0.0003895395651064004,0.0,0.0,0.0060020099761745604,0.03664499009320077,0.008435090284969582,0.0,-5.551115123125783e-17
-0.03184881437626019,0.0006655233135218763,0.024024869068670518,0.010125929798297184,0.023579472884363184,0.021806249087388596,0.0060768433483853745,0.014105247098124662,0.025659808410899876,-0.0061226647951284074,0.0,0.003616002239984817,0.020876903786357037,0.006963307256285467,0.0,0.003396967515231275,0.011506067481235671,-0.0005334207019799808,0.0,0.012479658175157171,-0.025461160752999812,-0.049683119338180703,0.038823800855005475,-0.013701807637914787,0.01369919014118176,-0.025390350538921413,0.021995614352929904,0.01956103368815465,0.02037029601205037,0.02043676091433322,0.020096871850831588,0.004906587773211513,0.01720235846603274,0.010831951980735388,0.007653922430486626,0.015575924020980736,0.02113212608669307,0.017039876382548613,0.025847998587817,0.020691195976161703,0.02029703306223285,0.028416451162041723,-0.005952333012071542,0.00037238485067292437,-0.013808371484320126,0.022639725131386568,0.009042723752915593,-0.004848108152866071,0.0,0.0,0.011445197507995108,0.012074014894344842,0.0283427363211316,0.026254187835731857,-0.00010643517279501635,0.0,0.010934414650196733,0.028267997915176923,0.0,0.031472973637892254,0.011489778339988876,-0.00020006576862335868,-0.0055866808642078825,0.0,0.040722609673136734,0.022364032265652145,0.03583292754134665,0.03252120477477233,0.049555213136876275,0.006915528345533495,0.023549811757090366,0.024753125489196115,0.020825952065931297,0.020999764434528112,0.037656953936298865,0.020122169190544104
0.015011318426485176,-0.002344318373096177,-0.0007526506287262591,0.0,0.004648431479304493,0.01126669322718804,0.007625803833365419,0.011707113582120066,0.012617391308583359,0.015192758621218438,1.3273952474412987e-05,0.00514039922562759,0.014431333539001001,0.0,0.003396967515231275,0.0,0.010911403342660053,0.020732244361865437,-0.000693495091255103,0.012623404136201777,0.012878292086064613,0.020460995205245358,0.023688143123068994,0.006594104160590253,0.0018572576342381075,0.005396957103905087,0.010258875300471093,0.01762007982303193,0.016087097067276235,0.0004350434836552508,0.01705443703398135,0.005098330176786903,-0.00425391777877171,-0.003154206332552645,-0.011922708271507598,0.02104141796838066,0.0038573596745340444,-0.00028387915406818953,0.014759925097010074,-0.007672998511504103,0.004937645404172908,0.009792093259628598,0.020223867996389255,0.0,0.0,0.0278875608337657,0.008479013479339326,0.0,0.0,0.0,-0.01674829242672171,-0.00291804621230618,0.03381642373977539,0.0,0.002002211174560009,0.0,-0.0002110499481707273,-0.017459870084269302,0.0,0.018527177745901735,-0.004008196219708826,-0.001294435845261399,-0.0028835984379131374,0.0,0.019198734228529246,0.012765281476501855,0.005520590348746579,0.012895293118868778,-0.01581808380771016,0.008783723885112116,0.016500939791130098,-0.005345801896810665,-0.03653208975444883,0.010995903949469421,-0.00011730741520454835,-0.0008542089949903908
0.031075328213295506,0.021976249963730043,0.019439226224537087,-0.00020458249401589246,0.04331350791573535,0.031228691082979654,0.023888135628157614,0.00656447211776956,0.02591196464644402,0.008108502251764738,0.03344252512940005,0.0012230941333102874,0.03868275078814465,0.0,0.011506067481235671,0.010911403342660053,0.0,0.015780024599293174,0.022357600838130598,0.014010875049252414,0.01450956730274744,0.0013502180261011354,0.02440063403652465,-0.008026001998797438,0.008412036095768294,-0.013622627278926047,0.010585009576191906,0.021136763749523335,-0.004340986084183429,0.01632894032385962,0.007270864162554014,-0.0005710648227874593,-0.004070902406130061,-0.0050876288020790805,-0.011108449199993153,0.037128435708118135,-0.007632791902890901,0.021993780839831112,0.019739554336666076,-0.005710844055387243,-0.0043937711987093175,0.017386738519301337,0.0,0.0,-0.035690933699535965,0.011637229020030004,0.007789983215834129,0.0,0.0,1.6653345369377348e-16,-0.00010071201685268871,-0.00015821499865714683,0.0,0.0,-0.0004105556060311488,0.0002807891518312178,-0.0038044745671008684,0.01184662529096181,0.0,0.0,0.01020386365553938,0.003339461083768591,0.0068194125623972646,0.0,-0.00020335775520358146,-5.551115123125783e-17,0.012621472044490156,0.0013679862146209754,0.010070535480264708,0.008326182356682421,-0.002510798620679211,0.0,0.016310091045670494,0.012845318601760969,0.0,0.01745501845318792
0.01981413154606171,-9.788586945796984e-05,0.026657492260368676,0.0,0.029222618957690016,0.034244330754957364,0.014129526372068102,0.015514905116597477,0.03375806911362483,0.020013302008247802,0.016519243466314726,-0.005970849701540548,0.019536591073811727,0.0,-0.0005334207019799808,0.020732244361865437,0.015780024599293174,0.0,0.016081047549810934,-0.0005553678812467711,0.034870812508849325,0.003027462903772371,0.03244870266784444,0.0077094436293022595,0.0008354149461730076,0.0027558270110900063,0.02073797565264157,0.022200923827949304,0.006556470427773298,0.006438175938994817,0.02118371637318378,0.01008435236093419,0.004646321157330158,0.009257168700667395,0.0023201834046580605,0.01302723918860249,0.0,0.01731612293248541,0.009230923196897778,-0.0039189853313004175,0.0132507662363614,0.009675893178312078,5.551115123125783e-17,0.0,-0.04099977164787616,0.023236081369213846,0.007804778654280309,0.0,0.0,0.0,0.0039113093199977245,-0.0001485802082913379,0.019249620325517247,0.0,-0.006732881833339199,0.0,0.0031722867212110595,-0.010585665009902323,0.0,0.027277809867245983,-0.00022193861894737044,-0.006002674656770013,0.0024138969570973723,0.0,0.025269698613282543,0.008134195076464179,0.0022386598813247116,0.013003545824104956,0.016441982963509627,0.009270702900593952,0.010145503495813057,0.006878746014814641,0.018648730659850676,-0.003108357169457898,0.0,0.014692706595848426
0.0,0.016474525288680153,0.0004888203844518602,0.04265127604789548,0.060393116258535995,0.017039168002970617,0.024810028613131252,0.046107109098605326,0.011882617200216938,0.04350819269168077,0.027211939980497923,0.03197632621470481,0.03485377484845331,0.04031390253060241,0.0,-0.000693495091255103,0.022357600838130598,0.016081047549810934,0.0,0.007974751179828654,0.017295240335766016,0.02436018531655093,0.00950044298435121,0.04203580560306619,-0.007184907566584464,0.022894185302667958,0.005658347849045953,0.03719794158615497,0.006259003883479053,0.009608436597100145,0.03849792512006012,0.04359487770168513,0.050951513019737604,0.04217355833771752,0.038709576765414866,0.03367445977416178,0.04951384506874151,0.04019472458175305,0.041126578236010514,0.00921968645581489,0.020575742632950034,-0.010768927215914825,0.039242203915773544,5.551115123125783e-17,-1.6653345369377348e-16,0.0,5.551115123125783e-17,0.11906658834204104,0.0,0.01905574283200484,0.019390513072780835,0.02214088557887206,0.01585840166350294,0.0280642645171143,-0.03688329542472696,0.04767314599983674,0.0010181394066769989,0.009911454942503228,0.07703269865685469,6.142007787107717e-05,0.0,0.0,0.0,0.049171636126113305,0.004145294349302386,0.0,0.006208381984000977,0.011847468189794652,0.0,0.0,-0.0014232252896782538,0.00787717704521973,0.015060529372328157,0.021688764532920346,0.0012425154940071126,0.005526498531090773
0.02235325214861783,0.00502146531656128,0.015190612749562293,0.008926892106115136,0.007698500619259252,0.025739298063961413,0.0039850543763048085,0.025102217955910444,0.014370427399459818,-0.0034382284572446187,-6.100534370534483e-05,-0.11477544916203691,0.010836514749349935,0.00239281426172655,0.012479658175157171,0.012623404136201777,0.014010875049252414,-0.0005553678812467711,0.007974751179828654,0.0,0.02255170751398261,0.0019246411819102138,0.05016263577341101,-0.026480567419763734,0.0032303837146739345,0.004905084712880536,0.019423072000498087,0.0032704278352790883,0.01247090104928128,-0.01949332035650203,0.006038580033126795,0.006814140090513787,0.007939937084974591,0.00922690216272598,0.008296391419476523,0.02653006186804585,0.01869305026221746,0.05186936063214215,0.023531647787233878,0.014927107198629164,0.0174056763413154,0.03361924230109781,-0.002681679161750272,0.0006447890812457668,0.007764064906460921,0.013184478473986294,0.008294233723703304,0.0159848514428933,0.0,0.006050112373817085,0.00047297164646492584,0.016385076967335155,0.03005382277602109,0.020212444550214204,-0.007133387157473525,0.01541436913041716,0.04033854130557685,0.01375441058859056,0.0,0.03249792126083684,-0.0004130979677476887,0.006791482088793044,-0.003003235138448801,0.012196946727571045,0.0361909234183021,0.04631279083862422,0.02722536978085266,0.0334345374127637,-0.0015752079783687978,0.011174222111876131,0.02549436260003285,0.028196096375764146,0.0127820506234132,0.024988733612505587,0.016796164983046147,0.021582603188461613
0.05629291161955885,0.020200317537178214,0.04263703237304517,0.000131555784094739,0.0173494598947857,0.032022535533745566,0.03631815199200139,-0.02422097193128414,0.04679079747671272,0.029971122189429877,0.029337408061933412,0.012100231998305788,0.031582450306508136,0.010850437462185447,-0.025461160752999812,0.012878292086064613,0.01450956730274744,0.034870812508849325,0.017295240335766016,0.02255170751398261,0.0,0.017945674803155676,-0.0033635892122236277,0.045012250770414486,0.03611294443725771,0.01899527416115876,0.021574005071448132,0.021451713023168284,0.017766046181963757,0.0011959985854320676,0.03218958027748342,-0.0017824394840932345,0.03131669164117562,0.0229584573708822,0.02277201538957191,-0.019802858365503107,0.03377450156465989,-0.0347580357712885,0.010581327208082303,0.11468344833075339,0.021595246086576425,0.029331336859074186,0.020892227452566747,0.0,-0.00031710553231284466,-0.010742700037209452,0.022022347665801745,0.0009986840657814078,0.0,0.034322231580034224,-0.010809273116383633,0.015715805938345595,0.0025959216341643887,0.014817857234289633,-7.065386210430846e-05,0.0,-0.002181406983002454,0.019441069395662813,0.0,0.014890064171717288,0.01416074747276197,0.0,0.02335553984407096,0.0,0.04718827481095228,0.019724665886737214,0.04466758657156139,0.008047394939649177,-0.023927118705650785,0.025090918120628802,0.02236180183197084,-0.004801988409091074,0.010376006977818542,0.019715455580997854,0.0031212583181516873,0.030785429732677616
-0.0016449899902342136,0.011551635762420631,0.0030032542738509527,0.017688095726071662,-0.0036404372956206354,0.005643138689821747,0.0023864045689196423,0.003706885479807631,0.003721591908522781,0.0034769010002909106,0.015513707872499838,-0.04719758324427309,0.008778207016692297,0.006018765587505581,-0.049683119338180703,0.020460995205245358,0.0013502180261011354,0.003027462903772371,0.02436018531655093,0.0019246411819102138,0.017945674803155676,0.0,0.021306320303125403,-0.024752586517800768,0.006765811011595457,0.0061573763419374705,0.007660615583163721,0.012018611530067225,-0.0054531792994899075,-0.003461388577603308,0.0068510067510612616,-0.0019400670943427456,-0.00042895646201623894,0.0029390955166613275,0.0021060250402255565,0.027457617220850272,0.011395068386573781,0.041869782749224205,0.019411944313146356,0.01043951359789691,0.008004492899638171,0.020460515711560767,-0.023169890890282374,0.0,0.004190019653705912,0.03161948136065529,0.0045107318222482595,0.016641066622114342,0.0,-0.000452961270976715,0.0065115568443784855,-0.004921663301995283,0.02985772306532164,-0.007693227669614611,0.022368711451042245,0.0,0.02864899301350038,0.010946873660201528,0.0,0.027904121217682487,-0.006807245033622178,0.010516819396614474,0.0036227794166979743,-1.1102230246251565e-16,0.02079481373167058,0.035596370412144696,0.022907415079680304,0.028004726059857044,0.06780937300802692,0.005351970244404203,0.02770961115293502,0.014115080036371463,0.01925459159369708,0.019730088158598724,0.00788765187042667,0.009460317642908611
0.02471876448322441,0.01987937084874536,0.004051145129124523,0.04054952050010524,0.014792117516132686,-9.773894189041288e-05,0.01579698496715498,0.010917048649878025,0.0034081037943314296,0.04681779828664451,0.04156721924172785,0.0062207121864661374,0.023927772124685776,0.030513931920767123,0.038823800855005475,0.023688143123068994,0.02440063403652465,0.03244870266784444,0.00950044298435121,0.05016263577341101,-0.0033635892122236277,0.021306320303125403,0.0,0.01607077519856087,0.025453056904517712,0.018604369670679688,0.008066894011755421,0.014417633613713343,0.02568538432184453,-0.004198195245896208,0.01771852880165592,0.01150862596269786,0.027056258653946785,0.018621120139216907,0.03066139016591063,0.028371776644544933,0.023181218628347433,0.027581208519299627,0.0195994901011618,0.040130902079976605,0.027176282991158596,0.032734437927336324,0.03527265362041282,-0.004070837374792746,-0.012157725898035265,0.10568624140920319,0.02506880667520589,0.03128159170125455,-5.9573273680890715e-05,0.007559709919888191,0.004784333970682231,0.013088619008304714,0.024501356480069347,0.010468806486818916,0.02682669874466731,0.04222111976559034,0.05849683796916072,0.017000924373437254,0.034195486521976404,0.0360212170724985,0.018239249139123503,0.012545926577673061,0.04135319778251256,0.04789984772604894,0.0457847810393357,0.041649720099748655,0.04406605434532063,-0.0058278437749883505,0.010481340488486646,0.02254387302685318,0.03496068201538849,0.015042898492268808,0.021022024896323543,0.027750052207747955,0.012679005121855935,0.026872991021237858
0.05636269707490771,-0.0035310355201981225,0.03250384681995222,0.0056591973679453456,0.06614892491982705,0.020049182261723753,0.030087833476270753,0.01684427689425616,0.04784125419040447,0.019990575391853227,0.050614190788923985,-0.00990718614538505,0.04501744525461171,0.05748961743886816,-0.013701807637914787,0.006594104160590253,-0.008026001998797438,0.0077094436293022595,0.04203580560306619,-0.026480567419763734,0.045012250770414486,-0.024752586517800768,0.01607077519856087,0.0,-0.00198279042711913,-0.018130642346311232,-0.012322705230767173,0.04811119073521464,-0.014690381022277044,0.03341125189827315,0.035170302557875344,-0.010611994556769255,-0.0045125226550449815,0.003934721074209335,0.002089878940045975,0.04876926857681413,0.024939373890171812,0.002557838764530418,0.010308941522416848,0.009042805062640824,0.014942614792667785,0.061186242235105825,0.06681872221002227,-0.00044350875835330594,-0.012754332142864588,0.036719264570925114,0.03259139390031923,0.00012778657870787802,0.0,0.0,0.012528912978295836,-0.016959062055339813,6.187253672257365e-05,0.0018622609606832041,0.014513077944120878,-0.0005792816501695164,0.014096165448573672,0.011239175400344026,0.0,-0.0183296404336159,0.01829274299181577,0.010830887794410438,0.017523092719585354,0.0,0.01226113543437457,0.020087569142218986,-0.010272423943114728,0.10928109210924652,0.0570517153811404,0.024663724047756685,0.020478740451563282,-0.006227787035743948,0.03270311025011047,-0.003838381383891809,0.0,0.015263457257764956
0.03000649500813235,-0.0017778919693059447,0.018472635238444335,0.0,0.007992243425515022,0.02303378084772406,0.011631384127774425,0.010158496027963537,0.00921902250877965,0.016263416882449366,0.03221517164620169,-0.002460672117122531,0.02252684980092723,-0.0001045170543881313,0.01369919014118176,0.0018572576342381075,0.008412036095768294,0.0008354149461730076,-0.007184907566584464,0.0032303837146739345,0.03611294443725771,0.006765811011595457,0.025453056904517712,-0.00198279042711913,0.0,0.016876115925202606,0.017903850728400006,0.023345706622277862,0.021440479717189043,0.014657401336659603,0.020196285183100793,0.004133477103438532,0.0034338931416896257,0.005612790341984697,-0.0027460509020405532,0.021258788740857737,-0.00030166115015550776,0.007914110435360056,0.013682169135379285,-0.0022523046952462322,0.014375923048489558,0.017952485263200868,-0.00041735888374472285,0.0,-0.03293021552266151,0.02678056881827784,0.021878157154728017,0.0,0.0,0.0,0.004249510858342798,-0.0010710196303316266,0.014681697427290419,-0.00012606529368131003,-0.004492486952924091,0.0,-0.0049488532731675194,-0.004552837923413988,0.0,0.022304966217124744,0.004219549442360693,-0.006757787021369643,0.002858012963747214,0.0,0.02733529200887208,0.04266210460822861,0.016319580208460138,0.026456702261539566,0.006572347971845305,0.01629331140976953,0.01735908009882353,0.01697074558060241,0.0004229378889593072,0.01356812938164903,0.0,0.01762325318949931
-0.011422514416445984,-0.0017929078186754155,0.017061925017198054,0.0018671095327251752,0.008030942142121078,0.01601200367270289,0.01311546170607969,0.010659900037678305,0.004584877128996356,0.023042041325408436,0.03883697444671619,-0.02675744981118039,0.021849870834811158,0.041406605360390925,-0.025390350538921413,0.005396957103905087,-0.013622627278926047,0.0027558270110900063,0.022894185302667958,0.004905084712880536,0.01899527416115876,0.0061573763419374705,0.018604369670679688,-0.018130642346311232,0.016876115925202606,0.0,0.005584604532233972,0.022354386562594586,0.01680565478052365,0.030240455262395827,0.01940347511373397,0.007471270631179305,0.012304942986323675,0.012792938394834308,0.005406523967422916,0.030976599740306254,0.032968476310945016,-0.0005679180756765212,0.020806719816774677,-0.0006896025399785177,0.01894079979260166,0.017077277242004196,0.01001460708568136,0.0,-0.020573913500402052,0.025713248206515937,0.025592228075120127,0.017363504357663262,0.0,0.00042310994882410746,0.013509854658895815,-0.011246603622746376,0.02739510776847842,0.002009268499219341,-0.0021371946876092562,-0.0001294768572462357,-0.003911386266669037,0.0028770414567675373,0.0,0.025038793860850395,0.01211043351848462,0.0004272052070081189,0.008923873821911676,-5.551115123125783e-17,0.04284227503461069,0.025305853361041908,0.029814785676969047,0.046825208274949404,0.004937547861548042,0.021674924390358008,0.028774945645591188,0.031338625210933724,0.007968733452407839,0.021549820509018214,0.05791727959822024,0.013818176470956622
0.01927870825804906,0.009476315068263241,0.009371577201996883,0.024013763837323343,0.0055279924847075335,0.009150393439018079,0.019030442769588207,0.003389679774121024,0.007846231561020767,0.010030624948927647,0.02648872339300601,0.029740848696270306,0.018497748156368565,-0.0005830238362963813,0.021995614352929904,0.010258875300471093,0.010585009576191906,0.02073797565264157,0.005658347849045953,0.019423072000498087,0.021574005071448132,0.007660615583163721,0.008066894011755421,-0.012322705230767173,0.017903850728400006,0.005584604532233972,0.0,0.012585034578863563,0.012685719366006765,-6.838990870905448e-05,0.015267826676625906,0.018448552690667086,0.013400314284004566,0.019208804901405918,0.03962798463940803,0.031092705118439534,0.01653792839764956,0.02049949037912807,0.011166760019254873,0.03614397716945705,0.022112186759907226,-0.005242504734993603,0.02738358294787363,0.026199123419169523,0.00331403257724866,0.08271922005528148,0.0143958832486617,0.024004364652679855,-1.6653345369377348e-16,0.00159810861870191,-0.004032395890396501,0.008342984261435094,0.014033526548900332,0.00530852219296396,0.029441893360266702,0.006635467164516906,-0.003884950598375403,0.013473225731976735,0.039798979466156625,0.036515473193937886,0.008409423640574787,8.375377186903288e-05,0.03406088490502357,0.003782102705511936,0.03384086873387904,0.04582306322250157,0.030842122169287,-0.013016109734738934,0.019853607763634762,0.01864429497275394,0.025543929680338084,0.013060924583092937,0.018523394657995795,0.0224019060784425,0.017427744193157735,0.021959450855119467
