0.0,0.01042807485560493,-0.002445754914736753,0.0,0.0003123885810062954,0.01831528065764204,-0.04392404227219304,-0.023162717118990317,0.028114513658459572,0.008884712018025653,-0.0006806099156085876,-0.0006946602564895654,-0.004925253238799832,-0.007002708349545972,-0.0023337344034506935,0.016112349259207626,0.02256772824437131,0.029844543087874098,0.0,-0.02669453560606594,0.02526100582041685,0.005339388018054669,-0.013723967065483733,-0.011321597034965936,0.013516059411261216,-0.0010269574613169241,-0.0015337777298539135,-0.006564912633401254,-0.008208425571011035,0.01914211415013395,0.0020189568898394405,-0.0015416707653180817,0.0380011092566781,0.008032236455451314,0.003483350625510917,0.0009060906033070415,0.0,0.002864203608353877,-0.009615771238713045,-0.019201612469358587,-0.011803355469566068,-0.0017910319615567771,0.0,0.0,0.017915739814837073,0.004531087998302152,-0.006486303299266749,0.0,0.0,0.0,-0.002060831111620587,0.0,0.0005509003240660171,0.0,0.013203982680007609,0.0,0.02726851924435786,0.013495497046948801,0.0,0.021902337914500303,-0.0013491532314553467,0.048373263026981306,-0.003519582092461837,0.0,0.03191796602057362,-0.016269308595628418,-0.015113858818337988,0.01231591129379217,0.03054674101023358,0.004072278281488206,-0.0002784789367697993,0.022120803045218018,-0.0006604941230035632,0.016791347842861015,0.0,-0.002038828109100943
0.01042807485560493,0.0,-0.001901701430883862,0.0,0.004655308416120385,-0.005284948190936722,0.004799988776764519,-0.005896421218526127,0.010470381079162483,0.004608704732111335,0.0011333625309131734,0.017455121405277607,0.006364340908437294,0.0,0.013977547574693161,-0.0023278779886664047,0.003917749900562872,0.02075496330851334,0.015521797055460085,0.0016195032845532364,0.004240012627421352,0.011066150901675897,0.007872521821082279,0.005078544225919468,-0.003584053556451916,-0.0016030526290013447,-0.0018748450446402498,0.012806664845514959,0.0003754732104903624,0.03928238177128124,-0.015319569838126823,-0.008392174688781007,0.0017291465835793107,-0.019531940143313387,-0.014508367344332251,-0.007858050282061435,0.00891203582589839,-0.00036660300169050197,0.0024470071419346318,0.00870818945387164,0.0009485189348263923,-0.006104819625306512,0.007211577656694834,0.0,9.378999747139405e-05,0.002611570993667933,0.0034891937309065035,-0.0006228786643284745,0.0,-5.551115123125783e-17,0.004979691569298228,0.006770318040583534,0.019041049888557926,-0.010679995593115277,0.028320904389573076,0.0,0.023287074092821325,0.008501596045508708,0.0,0.03033965933235161,0.0047526815743981765,0.0062778033374869535,0.0030969808966083145,0.0,0.025948244432416223,0.012711097527450588,0.008330554495045717,0.01597978542909917,0.022190142515180755,0.007854708271234079,0.005636054878360108,0.024329141966241086,0.026767934530652848,0.0162171611394743,0.010830567417751347,0.008354963372500135
-0.002445754914736753,-0.001901701430883862,0.0,0.029361574031839255,0.0020044546747380876,-0.01974709520412221,0.003959154273786514,0.02993904160844668,0.02348382958803169,0.023199114968747603,0.032929173129958356,0.02829435771143718,0.013609175067904045,0.01868476254012791,0.02332855496686903,0.02655532435921487,0.01851355642297453,0.007133882346831211,0.042519656916308046,0.002967387984986969,-0.021748028113528384,-0.017417159341723276,-0.003679072157493579,0.017598972033818272,-0.03231164711872975,-0.0004543368706083628,0.0007721048519152562,0.01696331392283945,-0.006633356044810523,0.012299316473307953,0.0137600374844426,0.015529446232799393,-0.011446769611528407,0.004647643486669517,0.008019317215182675,0.03113582557893485,0.02438061956370291,0.029029574872771247,0.03263486743947497,-0.003363188511749604,0.03786639484788579,0.01071856980407826,0.05032220156813255,0.008413026910366439,0.00023039991361467616,0.0,-0.006880113067291582,0.18579273366663768,-0.000406841768549826,0.05006636613532556,0.04087197017588884,0.05005260790041721,0.03676907226133608,0.08775517082367668,0.018191436194096022,0.13027266557712702,-0.003531265595160926,0.046847252780988446,0.048949137811297394,0.01932050923536538,0.0007134295156672188,0.0,0.0,0.19351426733750254,0.022072705127839376,0.0006121620466566502,0.04627214855852918,0.05000278515298284,0.0,0.0,0.021779661879860412,0.060991174843365026,0.04180801647864718,0.028602684092571384,0.017785512740012832,0.047803418664330466
0.0,0.0,0.029361574031839255,0.0,-0.026185994298865922,0.01907293112668751,-0.0015270125014543168,0.033726530298418766,0.04675824209325413,-0.10050558739926332,-0.03650619336114291,0.012989089435325563,-0.02064363432246863,-0.05725541318158556,0.012262755378411594,0.0,-0.000364650866242211,0.0,0.03420850951894938,0.0072030936795793865,1.537707400645072e-05,0.010784833999912147,0.024097347135163205,0.08451325725742842,0.0,-0.09177923413521322,0.027146187839874658,-0.0027982876850977667,-0.004004618568673679,0.00028848415784271664,0.01197636031564514,-0.0069990048045106,0.02198272705131471,0.003049142879090583,-0.055695145816090585,-0.04586583084995577,-0.02047017840989951,0.006617427598253067,0.00138282382073468,0.0,-0.0011225880547659495,0.0,0.00019191518935884888,0.0,0.0,0.0,0.0,8.04202211008298e-05,0.0,0.0,7.931289093227045e-05,0.0,0.0,-0.00018827409283889152,0.0,-0.0001927451449628137,0.0,0.00014173279675422368,0.0,0.0,0.0,0.0,0.0,0.0,0.0,0.0,0.0,0.01392819255637845,0.0,0.0,0.0,0.00864237904656523,-0.00018454153617308844,-0.0007258252640325868,0.0,0.0
0.0003123885810062954,0.004655308416120385,0.0020044546747380876,-0.026185994298865922,0.0,0.006175735457759568,-0.018823218499873562,0.019240143381289987,-0.0036031584699843244,0.001082848753117538,-0.013087359977188295,0.019084545187075752,-0.024694761015345068,-0.0037026997872925405,0.026610449459594177,0.03110507088811526,-0.032428337258570306,0.008638596818646094,-0.009442465642260534,0.01765409060288503,0.03631022932994371,-0.010184811169758501,0.001117882840898532,0.038119845703863176,-0.005643844512427998,0.012802165565806156,-0.0028249533131726734,-0.02002955342566709,0.004394108235913852,0.011881766989857268,0.008751049033850822,-0.016918143070880964,0.018213493201643505,-0.00036752536224893273,-0.010013380809787364,-0.0012709587732888106,-0.0471030487133694,0.033551498089709086,0.022360874979142353,0.05552097344327661,0.03512078515361117,0.014768139919065615,0.012299487170219947,-0.00019795477177908527,0.004276188444212015,0.0,0.0041497137324856825,0.05112559012101969,0.0,0.0323186170550423,0.043421214199753755,0.04154717336772229,0.022488614717920408,0.03515917879401953,-0.00031359909496647687,0.060204303982047236,0.005799525808393158,0.047302027405635494,0.015819849798153318,0.01644839039856405,0.0007461014868565541,0.0,0.0,0.05117567803095702,0.034664102365986715,0.0,0.0316778758456982,0.03464832653910288,0.0,0.0001572202033606196,0.013891819852174692,0.03995741354237359,0.0488210684748277,0.030760804848742385,0.02743966773217066,0.04179149362365109
0.01831528065764204,-0.005284948190936722,-0.01974709520412221,0.01907293112668751,0.006175735457759568,0.0,0.012365182842525468,0.016240304457779853,0.011874201334754253,-0.001729062464002895,-0.015525296866902405,0.01620023170135998,0.021340060965877095,-0.0013012064679404078,0.009927462186405223,-0.01599144779363243,-0.007930701751337255,-0.008998983990367027,0.012110733544145491,-0.011601978622833686,0.015404345073026515,-0.014225639946749302,-0.001000175418505611,-0.012226276355258248,-0.00957795441804371,0.002673683680818495,-0.0051983944939124616,0.007544975690660205,1.3554195350873322e-05,0.016389418147336687,0.0175735328866371,0.017962910314363867,-0.006629755495698497,0.008305973477564843,-0.005413915112728873,0.00655522412584264,0.009611885017507149,0.013640221266088548,0.02893083391893042,0.005833927465748623,0.02692473575134291,0.035219412570963504,0.06140651613784076,0.016196115784734066,-0.00275987350419421,0.007116677464581556,0.0012544727043476978,0.04408268336491772,0.0,0.0380967892418993,0.0249446884303699,0.03716556069201393,0.022270231677033403,0.04890617504010586,0.012586684845211082,0.059232632319824674,0.007655053414211799,0.03237897914434962,0.06570744669476308,0.016956920825486388,0.01276679162476474,5.551115123125783e-17,-0.0014229128615989017,0.060385109816944116,0.024991931641734688,0.028350855013166976,0.008810905502625588,0.02214921070114917,0.0,0.016564413519475685,0.006729621845877054,0.022915226270630362,0.03296998625433578,0.024011652717053245,0.029482706046949914,0.03318162884189202
-0.04392404227219304,0.004799988776764519,0.003959154273786514,-0.0015270125014543168,-0.018823218499873562,0.012365182842525468,0.0,0.031208542627462477,0.018431563686666874,0.0023228118677772747,-0.012552774274528056,0.0008843107770449832,-0.0007675085795159631,9.408233615171291e-05,0.020098265331732312,-0.005569141944067657,-0.0071335595369799165,0.0060531197107666634,0.008809597642971123,0.01169059190131444,0.018231624062185037,0.0025682149954438516,0.018437149572701206,-0.01798040990221922,-0.008122895476140701,-0.002535868070606573,0.006844832717460114,-0.00022019569725528765,0.013067410051907091,0.012625134718320552,-0.0068491007067936205,0.0011162713807828517,0.005678104658074334,-0.016227677818271558,-0.007021002600663073,0.007783611755235509,0.026315168325535043,0.01409072334646938,0.036078366813691864,-0.006284456300189978,-0.010193506122525064,-0.05452052208638786,0.027408066161894007,-0.0011523629907770894,0.004431364785030645,0.0001668472079188188,0.014589191856155204,0.03798540667002326,0.0,0.028319110183733454,0.033453072677049334,0.03817046236293542,0.023550035976260875,0.04248633330548146,-0.05482709951793113,0.04752483426406706,-0.0031404946767872866,0.0397825406213983,0.02689995142193491,-0.0005143714250852027,0.04726832298189709,1.1102230246251565e-16,0.0007030546457404419,0.04546781969300595,0.0298590080756011,0.026644146602454122,0.030619448753914813,0.030322497679645233,-0.005807201686789387,0.013969780870074833,0.0029129601769644076,0.03233815011812924,0.0403861245738002,0.03693567902129019,0.02804806207850863,0.04126116197736318
-0.023162717118990317,-0.005896421218526127,0.02993904160844668,0.033726530298418766,0.019240143381289987,0.016240304457779853,0.031208542627462477,0.0,0.02210543742558263,0.012405265835135515,0.03148495907601878,-0.023837082351598815,0.03299227734217036,0.01255556868692248,0.000663121772760733,-0.019228556105282735,0.006074601858399753,-0.01591751141028175,0.04161600837358437,0.012231047314589572,-0.0052832762557917246,-0.00024245014415680277,0.0041960963431978415,-0.037056989277688135,-0.03003227969387917,-0.021808389269730055,0.005029305562950004,0.019136928490137706,0.009262428201821549,0.013307317738429636,0.01614065578170204,0.01836191799400949,-0.041594929386149115,-0.0009854369949470754,-0.0014452114237565317,0.009840079358513165,-0.04000107348201498,0.027204078046262403,0.012904423880192917,0.01115312449978556,0.01447012521712504,0.03451119727218466,0.06014112934243221,1.8388236997179952e-05,-0.00025856586387457137,0.013757574845982556,0.0010015583781511905,0.04783999190095367,0.0,0.029622496975142187,0.02254486888530799,0.033277814307954345,0.02715806135657861,0.043537237150974906,0.006501856617306401,0.05937733348783886,-1.1102230246251565e-16,0.037472633702818,0.06269152397246164,-0.0034330049627633308,0.02602289692628401,0.0,-5.278113849094268e-06,0.059084951723715085,0.018297038645439745,0.04410474199480591,-0.007569375198661021,0.03750781561647687,-0.001295242512636241,0.004021095982385647,0.004336077957289464,0.02050628712332464,0.022763507282036743,0.008149183823120243,0.00907139026024556,0.017156946167871112
0.028114513658459572,0.010470381079162483,0.02348382958803169,0.04675824209325413,-0.0036031584699843244,0.011874201334754253,0.018431563686666874,0.02210543742558263,0.0,0.008398411831924135,0.01927938537863655,0.014655140255510513,0.022314672659965118,-0.00783547848609012,0.017320765645208902,0.004255788594906662,-0.010940160643813868,-0.004189770133312842,0.04218894807280227,0.03359569710917759,-0.0021728519785790823,-0.005868606532077214,-0.013696695694809802,0.02336394348113091,0.0039399269111536905,-0.0017948455998905155,0.005240794278539462,0.02212988735254101,0.023128355939865675,0.0223128048692241,0.02044855247705829,0.025792571299915745,0.0195668009109754,0.011166354159747705,0.012020098385176203,0.008705398645410423,0.018119834491979958,0.023885856016909124,0.027781017134531516,0.026616552813996386,0.038193871073533225,0.0487713649888154,0.03727660248701414,0.004082431584319313,0.009666665828307996,0.0,0.006103557012393956,0.07777637545441218,0.009462519603440134,0.04081772191579425,0.04311659946115032,0.04641525402565838,0.020058834271820758,0.05398714575367647,-0.024277245217855403,0.08320531195268316,-0.0004982484977225088,0.0467945276752737,0.05352632184490447,0.027742389975564774,0.008320372056753456,5.551115123125783e-17,0.0,0.05934452300106052,0.009497499681641985,0.013132342137598119,0.008970016308604334,0.040859885799629736,0.0013952868931412232,0.0006943143122639661,0.018775747086519357,0.039159034525442005,0.04548896935886326,0.03497703520421164,0.04382831556822386,0.04618032167914743
0.008884712018025653,0.004608704732111335,0.023199114968747603,-0.10050558739926332,0.001082848753117538,-0.001729062464002895,0.0023228118677772747,0.012405265835135515,0.008398411831924135,0.0,0.007337309172036399,0.009739749420562771,-0.005853578144388916,0.06811721343469995,0.008879049853014409,0.02376436747823668,0.016062472241786308,0.015689932337557944,0.013565986167486055,-0.011204006744860384,0.0036576527360013267,0.008744016221708784,0.00011500253126273119,-0.006795774454301018,0.008837135436168042,0.01918791995089253,0.005042623975818505,0.008553710071448173,0.007030546707148644,0.02976889650181025,0.008405171775425602,-0.022775809685926074,0.0002543275297521297,-0.015111237392155308,0.025503134304748987,-0.08882522989477737,-0.01519753073633151,0.004395581013727612,-0.03295251388786635,0.029079349886490025,0.008384499033763482,-0.002310147126970419,0.03321877201272455,-0.013787619554480768,0.005921482982240545,0.01384094971884875,0.009809329135744282,0.014397800191021659,-1.1102230246251565e-16,1.6653345369377348e-16,0.021024279221456443,-0.04722352132368862,0.0010088967722235997,0.016498047283268646,0.014719502233684623,0.007747391469600351,0.004670136361425659,-0.029566283810240346,0.0,-0.00023757970652460436,0.027042873344387874,0.013916972563292607,0.021209367894800657,2.9085975445097834e-05,0.022331593056016508,-0.0003675266485620998,0.017603426299528768,0.011058403474,0.045907133803408495,0.019058590530258046,0.022772194769023812,0.03591005948310688,-0.041936033659152216,3.274987545703878e-05,-1.1102230246251565e-16,0.011337625757804892
-0.0006806099156085876,0.0011333625309131734,0.032929173129958356,-0.03650619336114291,-0.013087359977188295,-0.015525296866902405,-0.012552774274528056,0.03148495907601878,0.01927938537863655,0.007337309172036399,0.0,0.015581652155326808,0.010727223025990884,0.0009351371257752539,0.0,2.1846725337171247e-05,-0.015041824568114426,0.0144370432565884,0.04171629469040755,-0.00010040468282579429,0.023904567604519145,0.01805736621275411,0.031353994574782496,0.03618368450754961,-0.004409038555700628,-0.007637450231428755,-0.0010518410407553969,0.018847818755531487,0.04331700093625224,0.04266128984229994,0.01852002023529581,0.014566385840096563,0.020621644159721786,0.008438829846899587,0.0039000087186127907,0.025690777057992276,-0.07293459965443894,0.03896540291764622,0.027618598487747614,0.029340954575712785,0.06096161247209397,0.008743666038497577,0.043267012633285584,-0.0017212526411095608,-0.004720659754479883,0.0,5.551115123125783e-17,0.1289261028034246,0.00017621163711190047,0.07103470814648283,0.05945842886754127,0.06057786650806363,0.047488494774670764,0.09526815616628953,0.025687901195089125,0.13348892449697702,0.011531679787240179,0.05874440929043534,0.06396264119683803,0.0009963569950451334,0.0,0.0,0.0,0.20133216610394078,0.0019714634477007165,0.0,-0.012589643446442533,0.05837455561168081,0.0,0.0,-0.0022080736142933155,0.043603698464050766,0.05452676262459033,0.06484076169579889,0.0005629658220369649,0.05690229503754779
-0.0006946602564895654,0.017455121405277607,0.02829435771143718,0.012989089435325563,0.019084545187075752,0.01620023170135998,0.0008843107770449832,-0.023837082351598815,0.014655140255510513,0.009739749420562771,0.015581652155326808,0.0,0.00647122847061482,0.01284861609387139,0.019334025655694698,0.02915012831982966,0.008639519417918018,0.011505983692172594,0.01504730392359388,-0.0297420171024938,-0.0010431533190308762,-0.01170992308925134,0.011501323975414923,-0.004249135340567534,0.015351024753268883,0.018712670678568077,0.01575147566061974,0.027278703983657282,0.011395372382668079,0.016071802222648535,0.01081861224841274,0.013715939026768098,-0.016455288950888214,-0.025826854654298348,-0.015938928922755724,0.00776424338101489,-0.01783363796395976,0.007810029497733018,-0.018633182452776564,0.019502696620810278,0.01835862881031841,0.06341729842396743,0.016814254786193694,0.016577333301507624,-0.026473290695310736,0.005408673298649025,0.018685959633848614,-0.002933470403625793,0.0,-0.00024183783409520432,-0.011507155676298064,-0.017069049426953864,0.0,0.0026495381552257835,0.014510212594158023,-0.0006153689966811315,-0.16943104866366882,0.009465965241311103,0.0,-0.005567850948207831,0.016351103493801034,0.017430024986204995,0.02934938964525835,0.0,-0.006491592857686412,-0.0002221987567978534,0.011263670477937915,-0.002523069963752178,0.04445843786947573,0.027323826829323827,0.028316711492134272,-0.020903052026641056,-0.008867384922406074,-0.025256671993650892,0.0,0.024572945648216216
-0.004925253238799832,0.006364340908437294,0.013609175067904045,-0.02064363432246863,-0.024694761015345068,0.021340060965877095,-0.0007675085795159631,0.03299227734217036,0.022314672659965118,-0.005853578144388916,0.010727223025990884,0.00647122847061482,0.0,0.00836709854522083,0.004472543182525102,5.1506671296164264e-05,-0.011005053537130827,0.009793346221291632,0.02488856444566806,0.01071225768278733,0.008127741856575166,0.002628781168955485,0.01638195022121558,-0.017560320486072534,-0.0031953659459234562,-0.000948835511162871,0.005769001871846313,0.0019219677936995194,0.012238806127159163,0.0052305391421771374,-0.003036912619882315,0.00955401483127033,-0.0021992282271959263,-0.015553513667120045,-0.015189105313939077,0.01077717223461,0.016462627418098286,0.00939585609469945,0.021423640998155635,0.021071473328094337,0.04330818999071895,-0.034295281244964004,0.050093332882534536,0.0265754174708413,-0.006774639516961112,-0.010526606450503628,0.008810302613689758,0.04482054683254244,0.0,0.0520969473772559,0.03460442971613953,0.04404990502894468,0.03994624047536527,0.05149171491957705,-0.03831402421318386,0.046234583979948396,0.025865670043365485,0.04214934616689192,0.031792531311787,0.01489476622075242,0.024723380541887052,0.003197380939004346,0.006508673174407398,0.056034070734758634,0.032326336622960694,0.014431352421556465,0.016176097442852977,0.03401306860853104,-0.006781984318723511,-0.015619964497376682,0.0021471524723261637,0.03464323606096309,0.03821423530930712,0.034243971764252146,0.033271856761657115,0.04453113415520915
-0.007002708349545972,0.0,0.01868476254012791,-0.05725541318158556,-0.0037026997872925405,-0.0013012064679404078,9.408233615171291e-05,0.01255556868692248,-0.00783547848609012,0.06811721343469995,0.0009351371257752539,0.01284861609387139,0.00836709854522083,0.0,-0.0013673041474864256,0.0,0.0,0.0,0.0024812191648603266,0.0009996789166728526,-0.00432239334754958,-0.0008947242869885574,0.015386293987840027,-0.017685035608424715,-0.00017201774563246897,0.020007166736865534,0.021229011178030666,-0.016901962445126317,0.009929991773525548,-1.412036589065746e-05,0.007594850910258855,0.06304764248083622,0.04957404216442968,0.006083811914966486,0.003642099994083936,0.0112089829822474,-0.010289348799409626,0.013751081005014265,0.035188029382082764,0.0,-0.0014503271688213748,0.0,0.03993141748740253,0.0,0.0,0.0,0.0,0.06405731868459064,0.0,0.031670344618128066,0.058455166862298125,0.026945367673793685,0.062777868133567,0.05324154970046863,0.0,0.07199830675444358,-0.0004528799556927643,0.04659367736963527,0.07783635229352137,-5.551115123125783e-17,0.0,0.0,0.0,0.049036697375539395,0.00030320286587859346,0.0,0.0,0.0545607945629798,0.0006411175498249877,0.0,0.0,0.002230395959873177,0.048951643749249873,0.008620179094294134,0.0,-5.551115123125783e-17
-0.0023337344034506935,0.013977547574693161,0.02332855496686903,0.012262755378411594,0.026610449459594177,0.009927462186405223,0.020098265331732312,0.000663121772760733,0.017320765645208902,0.008879049853014409,0.0,0.019334025655694698,0.004472543182525102,-0.0013673041474864256,0.0,-0.0043626600029134655,0.004120501295879653,0.016192172198852606,0.0,0.012187654710727303,0.006129882147658194,-0.016058803378398767,-0.015905139397745682,-0.007907558295573991,0.006507280606016297,0.000482948097437097,0.011555698124444791,0.008253495061789684,0.0038722803923310067,0.016471930283154357,-0.010063934992256163,-0.012120759849900908,-0.005265498230379084,-0.015130539169071422,-0.007831679725127605,-0.015731326367779908,0.022558333129563124,0.016671918359559112,0.012051189622519942,0.01175590664099091,0.013042479791454398,0.006926424852868318,0.006090804507857095,0.0007108689952693981,-0.025782895320409505,0.0024956326343702484,0.012856754357032096,-0.0011420643295999566,0.0,0.0,0.00645863404554331,0.012529701679731609,0.03341551648565244,0.01915444424166929,-0.00013029671373865348,0.0,-0.0018899885851872411,0.020404071099759336,0.0,0.03755060375238234,0.008352193250587892,-9.959259397024356e-05,0.0026786498136314174,0.0,0.05218947828733739,0.01907512462800398,0.024195334730570894,0.023099902206922984,0.0015645690938163592,0.008575812343515121,0.010764438070010707,0.03681991788131389,0.028850432246411428,0.04240596048852796,0.03446583689609084,0.018314771776572702
0.016112349259207626,-0.0023278779886664047,0.02655532435921487,0.0,0.03110507088811526,-0.01599144779363243,-0.005569141944067657,-0.019228556105282735,0.004255788594906662,0.02376436747823668,2.1846725337171247e-05,0.02915012831982966,5.1506671296164264e-05,0.0,-0.0043626600029134655,0.0,0.016216046673524942,0.019812159295065412,-0.0005730601666423252,-0.009152726656796117,0.0015507428540003643,-0.010379521395799063,-0.0029470550000416096,0.015367515539513543,-0.0020432527365358832,-0.0047540608919142135,-0.009582284467540725,-0.0007488235953076461,-0.005604463425255779,0.008833727454909901,-0.0010931813194239859,-0.015256367911201163,-0.00321453142081618,-0.006754261345705115,-0.0062132807002907575,-0.011384056031108813,0.005176895319693342,-0.014424707399681658,0.0016798044406814427,0.0027476848075125293,8.738053204560003e-05,0.0002775397784270939,0.019593523464231377,0.0,0.0,0.0011158275044371724,0.001065309621908428,0.0,0.0,0.0,0.00019421751139192533,0.0002683893379608615,0.03808205395002029,0.0,0.03882511397766086,0.0,0.024086030502791678,-0.00418776437939361,0.0,0.011326440606402088,0.007625888479790233,0.03575394859334319,0.01632031941594647,0.0,0.023079281325167844,0.0016403303666537306,-0.0005104913810183853,-0.0004694674299111634,0.008039861558233719,0.021430654907756252,0.0064091787518724685,0.0067819860800659715,-0.004145657163962091,0.010589122708814958,-0.00010703066582162801,0.003663995757611782
0.02256772824437131,0.003917749900562872,0.01851355642297453,-0.000364650866242211,-0.032428337258570306,-0.007930701751337255,-0.0071335595369799165,0.006074601858399753,-0.010940160643813868,0.016062472241786308,-0.015041824568114426,0.008639519417918018,-0.011005053537130827,0.0,0.004120501295879653,0.016216046673524942,0.0,0.024413337557801673,-0.008350246373107384,0.012935438522928833,0.024197940897109527,-0.008932595822307154,0.022130581930496773,0.013871518256631576,-0.005336848257165183,0.007586283179227604,0.005240952118124975,-0.008044887398394263,0.019795148350320535,-0.00876892494853021,-5.524503348214305e-05,-0.0028343880001132082,0.017061946247421744,-0.006261892067236707,-0.023414241535681446,-0.013057041943675296,-0.005738579718431003,0.01869572145448234,-0.018460411633188734,0.03966664441347456,0.009970545599498726,-0.0019417648220003692,0.0,0.0,0.031735016602585986,0.057625978149331236,0.007554041586087357,0.0,0.0,1.6653345369377348e-16,2.0899917710370808e-05,-0.00026039566034052886,0.0,0.0,0.019566054963107316,0.0004621323972324731,0.02412798796313731,0.0009987360953456204,0.0,0.0,0.008760093287417559,0.01473697609680552,0.02284780936567926,0.0,-0.0002669404862966074,-5.551115123125783e-17,0.0184636343540569,0.001979561445971889,0.03609233394405159,0.021395277950209513,0.018105194338630448,0.0,0.0022514570338459383,0.015512467789010387,0.0,0.019185134754477418
0.029844543087874098,0.02075496330851334,0.007133882346831211,0.0,0.008638596818646094,-0.008998983990367027,0.0060531197107666634,-0.01591751141028175,-0.004189770133312842,0.015689932337557944,0.0144370432565884,0.011505983692172594,0.009793346221291632,0.0,0.016192172198852606,0.019812159295065412,0.024413337557801673,0.0,0.012935283250869567,0.0013920056412575765,0.009534285174651158,0.010863641645963318,-0.0014104663207996082,0.024802165143430976,0.003432629572048429,0.014484875322339441,-0.001124445647487371,0.015271087337744238,0.004367686760816392,0.02265642575055632,0.004498844281723369,0.010799059043958947,0.022079440525804572,0.0035115660110391356,0.00619341153957087,-0.0009459595269500354,0.0,0.02668193807453556,0.018631800138967536,0.022142310242934282,0.010917524852392946,0.00976216146318043,5.551115123125783e-17,0.0,0.004586225676739442,0.023982998688030055,0.019491327445261497,0.0,0.0,0.0,-0.0003057026763673698,-0.0002445383925666067,0.02138882378980217,0.0,0.03243664028564436,0.0,0.03165479849965713,0.01649593613750666,0.0,0.02253429621059,0.019294444646628495,0.0269971135686341,0.02350029837093337,0.0,0.03321046431669994,0.01045235282232626,0.024579655872262185,0.009192721956929495,0.02245314444486146,0.021029605509239657,0.01835298011026476,0.022370288310828212,0.025351856959027086,0.025618440646761942,0.0,0.02255552085350815
0.0,0.015521797055460085,0.042519656916308046,0.03420850951894938,-0.009442465642260534,0.012110733544145491,0.008809597642971123,0.04161600837358437,0.04218894807280227,0.013565986167486055,0.04171629469040755,0.01504730392359388,0.02488856444566806,0.0024812191648603266,0.0,-0.0005730601666423252,-0.008350246373107384,0.012935283250869567,0.0,0.008527154606817133,0.01773842464936537,0.022051514982358023,0.027297244648416208,0.026523754445325953,-0.006744453220393243,8.47228627937624e-05,0.0010804860844918496,0.034757851476117096,0.027426643668629624,0.023905282919781223,0.028235792840734242,0.030314183034200137,0.029516687322151514,0.01825021203194327,0.02104446736176996,0.026556769493703003,0.01602772801568564,0.03732233472242269,0.03490099859856344,-0.006586096811903974,0.04697783327147054,6.106816854078989e-05,0.04566075228900218,5.551115123125783e-17,-1.6653345369377348e-16,0.0,5.551115123125783e-17,0.16004679157914303,0.0,0.04454715184164637,0.05748319637123256,0.054667676749194816,0.045276853491763025,0.06403474403671228,1.2740590279891606e-05,0.12942109214291175,0.0016756886854632502,0.060022468754197256,0.04454055580266608,0.0004516027987236382,0.0,0.0,0.0,0.09146582181277069,0.0031525768704177004,0.0,0.0043252060845775375,0.05383454232022988,0.0,0.0,0.0004413306392424543,0.05148605678610463,0.05891651557607536,0.04313646544094357,0.0015510448987418046,0.03976958334180336
-0.02669453560606594,0.0016195032845532364,0.002967387984986969,0.0072030936795793865,0.01765409060288503,-0.011601978622833686,0.01169059190131444,0.012231047314589572,0.03359569710917759,-0.011204006744860384,-0.00010040468282579429,-0.0297420171024938,0.01071225768278733,0.0009996789166728526,0.012187654710727303,-0.009152726656796117,0.012935438522928833,0.0013920056412575765,0.008527154606817133,0.0,0.0037000163750783854,0.01529219546088334,0.026160299848823676,-0.05879674109430039,-0.014366938112886918,-0.003926120944229006,-0.00980634478683251,0.011375640189796199,0.005115107066279101,0.020031746018915053,-0.01582307783584319,-0.01275546998676308,-0.006401842782431666,-0.02073562746767632,-0.00897569438839757,-0.0024494177090357283,0.003406858487860376,-0.013977348260233613,0.022977190356392452,0.042273365334760615,0.028433854866789676,0.019253207666649286,0.01547077198547031,0.0009178099743758494,0.004776260839923885,-0.008614153605789376,0.0009631137359447095,0.017516687169167433,0.0,-0.008326997195029384,0.030365970300441247,0.01648470025929344,0.03919560297772129,0.021885596587220335,-0.0025373330507047487,0.01890057527775557,-0.0006861817630044453,0.028133484525387997,0.0,0.04360012657883455,0.02088136655666817,0.007625665076834154,0.008524562035988614,0.014373166798710812,0.046807137937871834,0.044679790766276706,0.028709738715113065,0.029962114867541523,-0.0016782994775311755,0.007838443814176033,-0.003978979301843433,0.041497222020276114,0.0328964626150669,0.039561345270438475,0.02868110587799627,0.037207489413098815
0.02526100582041685,0.004240012627421352,-0.021748028113528384,1.537707400645072e-05,0.03631022932994371,0.015404345073026515,0.018231624062185037,-0.0052832762557917246,-0.0021728519785790823,0.0036576527360013267,0.023904567604519145,-0.0010431533190308762,0.008127741856575166,-0.00432239334754958,0.006129882147658194,0.0015507428540003643,0.024197940897109527,0.009534285174651158,0.01773842464936537,0.0037000163750783854,0.0,-0.0015513040989739713,0.0015181048758301507,-0.01504881314115375,0.0022319908886517803,-0.0011226789421432404,0.014798180987896481,0.012481420943730226,0.015755190727767654,0.032461067170224234,-0.002900996111334986,-0.005750831464735984,0.007755252234608212,-0.009564350060625337,-0.006244376571508503,0.05065741636626192,0.02621660253241309,-0.00039590110604464934,0.0002765637896112172,0.007220414986097767,-0.010231908842731952,-0.031505500850678936,0.01968918630220623,0.0,-0.00017283415229357724,0.03023233298780431,-0.007347260274832956,0.0016436684194792717,0.0,-0.0003149111372959257,0.05131084569488098,0.03844841168014013,0.03981575474055027,0.008380697068085141,-0.00011628454466661164,0.0,0.005790970305804666,0.032191310954359786,0.0,0.03233883510567348,-0.001259286102233026,0.0,0.023675129943306894,0.0,0.05230088324988785,0.04732874254645275,0.01607886500503053,0.021393214496404578,-0.023667573850789658,0.018220166740961052,0.0003355143973472474,0.02844165324709641,0.04545852177124782,0.04531198349609966,0.029010550895794296,0.0014978244026193632
0.005339388018054669,0.011066150901675897,-0.017417159341723276,0.010784833999912147,-0.010184811169758501,-0.014225639946749302,0.0025682149954438516,-0.00024245014415680277,-0.005868606532077214,0.008744016221708784,0.01805736621275411,-0.01170992308925134,0.002628781168955485,-0.0008947242869885574,-0.016058803378398767,-0.010379521395799063,-0.008932595822307154,0.010863641645963318,0.022051514982358023,0.01529219546088334,-0.0015513040989739713,0.0,-0.024569413019317032,-0.008649015442485308,0.004057928286877954,0.0017935039265441488,-0.003456013408399461,0.009419092282596075,0.0017906923044729295,-0.004273777837385695,-0.0076109581346334165,-0.012017715402916518,0.011730189487574982,-0.019118806948288436,-0.00853677804491243,-0.10356345947654222,-0.06211217864852853,0.00016271705459636188,-0.0004101497847331381,0.0005108485641607818,0.000536462926763015,-0.002119359381867747,0.0025789897126478056,0.0,0.010494319454848744,-0.0010472142199829393,0.004147546080029374,0.012043734019817842,0.0,-0.0005076661561083662,0.01582271339254121,0.05264770926991991,0.024816556714914118,0.022006043320630386,0.016317385076696056,0.0,0.012873251150424203,0.028373454161213563,0.0,0.017613558130187057,0.004923507920676751,0.01792909376190971,0.00615923213570807,-1.1102230246251565e-16,0.029446011064622246,0.015810948809561798,0.01073935712457541,0.015037483701187682,0.016321659427687374,0.006743294380382514,0.00395043458299843,0.02148505845017168,0.01874525549696726,0.01781744618359754,0.01995631334901643,0.00883259340964615
-0.013723967065483733,0.007872521821082279,-0.003679072157493579,0.024097347135163205,0.001117882840898532,-0.001000175418505611,0.018437149572701206,0.0041960963431978415,-0.013696695694809802,0.00011500253126273119,0.031353994574782496,0.011501323975414923,0.01638195022121558,0.015386293987840027,-0.015905139397745682,-0.0029470550000416096,0.022130581930496773,-0.0014104663207996082,0.027297244648416208,0.026160299848823676,0.0015181048758301507,-0.024569413019317032,0.0,-0.03376335878184711,0.0007988743864874026,0.0011071944785395749,0.017638265327415914,0.006598065350285842,0.01110275042535841,0.00857161506212717,0.006535568634237154,0.0048039711380954975,0.0008634695288410876,-0.0037201036989345515,-0.0002367673448205876,0.010636053893223474,0.011986628063235971,0.02147497575779639,0.01662985394164984,0.010598914710186036,0.025729914395986486,0.00922276895325258,0.037300616508804674,-0.00095816419104644,0.013339103610849612,0.0010085320341307602,0.01578266448557608,0.05734156346644881,-9.804773296112623e-05,0.02192362216430055,0.01670216024000415,0.027041563214883046,0.014642864329645622,0.0390795089718311,0.03207919557029043,0.08171196783832824,0.01904654179351839,0.026568125751056382,0.03679154114721306,0.036357856898577956,0.011484809476284386,0.0056640864666297475,0.01186997956483793,0.07172198309279543,0.044690255995471995,0.03212734312630394,0.025662609645421885,0.028178921181079897,0.006617195869601744,0.0059666028815889005,0.021717064877077474,0.020772670250075342,0.02849843246911421,0.02932692617037136,0.02370285426641483,0.030994484137594203
-0.011321597034965936,0.005078544225919468,0.017598972033818272,0.08451325725742842,0.038119845703863176,-0.012226276355258248,-0.01798040990221922,-0.037056989277688135,0.02336394348113091,-0.006795774454301018,0.03618368450754961,-0.004249135340567534,-0.017560320486072534,-0.017685035608424715,-0.007907558295573991,0.015367515539513543,0.013871518256631576,0.024802165143430976,0.026523754445325953,-0.05879674109430039,-0.01504881314115375,-0.008649015442485308,-0.03376335878184711,0.0,0.01240400498338523,0.011322806670822694,-0.009057903826703295,-0.012218208507564832,-0.0032044176037329675,0.01886274156384804,0.010446259501390887,-0.024709618345034656,0.008589537658418356,-0.0013091714068496074,-0.004431452462070551,-0.028731296406088402,-0.0031028430821017916,0.0004236259224901229,-0.07354850980645816,0.027034826309696836,0.041692814289273794,0.05459859774010628,0.011234508196505566,-0.010528005873533336,-0.015232363300944018,0.018913448851779147,0.030504885793291914,0.00021031552525169195,0.0,0.0,0.01496609106000052,-0.009239870547319062,-7.93697442575958e-05,0.002456454227423077,0.032964727065891986,-0.0009534015681150199,-0.04355179960133104,0.02206868517483035,0.0,-0.017878851548120245,0.01865028671181307,0.021586293322778338,0.02198453376059817,0.0,0.00220347546977373,0.052702320603413066,0.03518478257884744,0.03671942955354923,0.042041282294889015,0.010965932523926691,0.014088248039088647,0.00041631812536346846,0.004352274566594261,0.0036744078297499816,0.0,0.010580349368289776
0.013516059411261216,-0.003584053556451916,-0.03231164711872975,0.0,-0.005643844512427998,-0.00957795441804371,-0.008122895476140701,-0.03003227969387917,0.0039399269111536905,0.008837135436168042,-0.004409038555700628,0.015351024753268883,-0.0031953659459234562,-0.00017201774563246897,0.006507280606016297,-0.0020432527365358832,-0.005336848257165183,0.003432629572048429,-0.006744453220393243,-0.014366938112886918,0.0022319908886517803,0.004057928286877954,0.0007988743864874026,0.01240400498338523,0.0,0.005086121186636872,-0.0015952993472584942,0.00834807021658912,-0.010430660668493519,0.0073700378204489825,0.004467838401573776,-0.006372685162417957,0.018286855790791645,0.0057262277314883425,-0.001228120173325964,0.0023556333822521425,-0.00018664165458448512,0.029847548567121962,0.015491085576105013,0.012036282290596334,0.00729267820302576,0.006211702688615761,-0.0008216409611999098,0.0,0.01840273849099111,0.0026408852521196957,0.006790180962532255,0.0,0.0,0.0,0.0029603326599982327,0.00742791967440759,0.020803086882254185,-0.00020748257543712345,0.01990367964367823,0.0,0.02142698216910488,0.0039906151288357505,0.0,0.01378253332532492,0.010029087597098585,0.016349180759630655,0.01634697542656749,0.0,0.01875952738941894,0.008043492217481518,0.011495113719342975,-0.014232011739024775,0.014619032903110785,0.012469784688641017,0.007546144782177855,0.01320925522885813,0.012507410289256782,0.006685829943732791,0.0,0.011282942310699262
-0.0010269574613169241,-0.0016030526290013447,-0.0004543368706083628,-0.09177923413521322,0.012802165565806156,0.002673683680818495,-0.002535868070606573,-0.021808389269730055,-0.0017948455998905155,0.01918791995089253,-0.007637450231428755,0.018712670678568077,-0.000948835511162871,0.020007166736865534,0.000482948097437097,-0.0047540608919142135,0.007586283179227604,0.014484875322339441,8.47228627937624e-05,-0.003926120944229006,-0.0011226789421432404,0.0017935039265441488,0.0011071944785395749,0.011322806670822694,0.005086121186636872,0.0,0.010784610399435735,0.0058748803781074055,-0.01601573420431912,-0.00017095542975709144,-0.00943134567340076,-0.005474371329825645,0.0016956030694204594,-0.00902012899366561,-0.01274245730232243,-0.015149592058054329,0.0035277189827180866,0.036978554348569004,0.002817305693876171,0.0106664442889427,0.006955118153412876,-0.0054803326966020305,-0.05000095020017786,0.0,0.008318692873345468,0.004494864089820361,0.004057750858556253,0.007484750703031728,0.0,0.0006963688364301501,0.010995945359528692,0.005558904408905885,0.023631982674165497,0.005293268725306444,0.028938349810118835,-0.0002130974435268218,0.027710012165066467,0.01785098412751457,0.0,0.014840033748909298,0.0018224460720095426,0.018144254756105482,0.012045072307886873,-5.551115123125783e-17,0.008170877185681047,0.016338319541478186,-0.0029878770999893223,0.021289685285707183,0.02096788221588347,0.008593987133567904,0.006152573033056163,0.027765058545997923,0.017112511669953756,0.007725508536094106,-0.00022799193551409358,0.0076593631038114895
-0.0015337777298539135,-0.0018748450446402498,0.0007721048519152562,0.027146187839874658,-0.0028249533131726734,-0.0051983944939124616,0.006844832717460114,0.005029305562950004,0.005240794278539462,0.005042623975818505,-0.0010518410407553969,0.01575147566061974,0.005769001871846313,0.021229011178030666,0.011555698124444791,-0.009582284467540725,0.005240952118124975,-0.001124445647487371,0.0010804860844918496,-0.00980634478683251,0.014798180987896481,-0.003456013408399461,0.017638265327415914,-0.009057903826703295,-0.0015952993472584942,0.010784610399435735,0.0,0.010168124448069249,0.005917919465252386,0.019927816681818367,0.005275388122283731,-0.0011224229185560208,-0.020488431499234072,-0.005099835026443678,-0.007634059923612269,0.011790627195691294,0.011378090601163293,0.014983176256137876,0.02695235881778979,0.05214980830270277,0.027529417647027876,0.020139710320083326,0.04151886581320591,0.026352565750043244,0.022442389288303888,0.039387521103321554,0.027144644308820354,0.05402696096378101,-1.6653345369377348e-16,0.034456769556185374,0.024110341918581413,0.029642899101931075,0.015780292957584485,0.03991540848962771,0.01897299788363116,0.043328467170055895,0.05990456409979855,0.02952557855347049,0.05801125083185643,0.04161098562133769,0.03167936194561055,0.0001289269516200342,0.022184282422035073,0.0608127306301075,0.04717748105368941,0.04064763271962607,0.02855384247675452,0.025631266471044523,-0.0015029838977050347,0.031049782956315608,0.029249950883428855,0.03232157606242769,0.03357085112554842,0.03736066968414664,0.03737404745452366,0.0347743231276057
