0.0,-0.03290658760986004,-0.052527853040347794,0.0,8.400587392931591e-06,-0.04534518548751454,-0.06600276128595972,-0.06817390471383061,-0.02026436124988895,-0.07595941980715448,-0.00026358832919537445,-0.06126402355793631,-0.06091848790258786,-0.06654176715856364,-0.030086557045798767,-0.04496641539592111,-0.053032937383730216,-0.03561959284258981,0.0,-0.025523898207232887,-0.06885171012437202,-0.030799103232434455,-0.06120618013495821,-0.04361669762410425,-0.03987072196799557,-0.02473810457832587,-0.026078600590692336,-0.06535445812842489,-0.05649100897686771,-0.033798008371379584,-0.05214391337071261,-0.03433555549964595,-0.052630465772374846,-0.05364697430073101,-0.058481004400230185,-0.02496914094139152,0.0,-0.05999138112773972,-0.0409448927512312,-0.06145343876346521,-0.05933867622468991,-0.07493693825993486,0.0,0.0,-0.04158895606163299,-0.12348339747448231,-0.05771335507408021,0.0,0.0,0.0,-0.06234560991735982,0.0,-0.030537199096873135,0.0,-0.06031556189949744,0.0,-0.07104528491994244,-0.09006831900906587,0.0,-0.09119499909197043,-0.050168092497469896,-0.043597886163345534,-0.048907720453987225,0.0,-0.05398882644100955,-0.10588206854115251,-0.05893308443581752,-0.0971292939622973,-0.05233251961556695,-0.05623294057082018,-0.06485360932976719,-0.017532201254705893,-1.7761656283976635e-05,-0.07900780582277928,0.0,-0.049670859474166384
-0.03290658760986004,0.0,-0.02249984556531326,0.0,-0.02847670287067322,-0.04185617747553816,-0.04070670710142066,-0.03277260957385408,-0.020880771751065896,-0.03954528268544277,7.860597395625835e-05,-0.037386952586772826,-0.048236471597118136,0.0,-0.030751266118313858,-0.02262905145363242,-0.034209793935217836,-0.027304676036230102,-0.02928284345727522,-0.0399808388995308,-0.03920634487572461,-0.022066714717043023,-0.03521695281605447,-0.028791167973881426,-0.008198785510868445,-0.016745632393323384,-0.03735331323763519,-0.05415308630755955,-0.043745098169915286,-0.019778423393786715,-0.02382608816917209,-0.01932775543484605,-0.032909683491773034,-0.02573491779055681,-0.03638489404463052,-0.021678183783373994,-0.011898365694765989,-0.0003150099219003111,-0.03400407549969975,-0.029773953581711088,-0.035426463098927996,-0.04961068468485641,-0.02575272382130095,0.0,2.5221506748107636e-06,-0.046178385242135744,-0.039690723630044555,-0.004545047186223006,0.0,-5.551115123125783e-17,-0.05202251994365148,-0.017229332522514518,-0.02823647287578951,0.008753262644999482,-0.029439784781396194,0.0,-0.03178754932768796,-0.04914141570622521,0.0,-0.05404496607386089,-0.03167403326847795,-0.03132189330517238,-0.024600386399719898,0.0,-0.04850536021418261,-0.05651986095267891,-0.04552431849435118,-0.05096698829868479,-0.03203148207764678,-0.026075284816339805,-0.043635016796082726,-0.04385087774335833,-0.03991866980690123,-0.04731487031192583,-0.008828045033998144,-0.029689717842545926
-0.052527853040347794,-0.02249984556531326,0.0,-0.0431885164216223,-0.00816638390007457,0.0018980786842401898,-0.021762508179629714,-7.137036064097657e-05,-0.01397892533717865,-0.03253394392660269,-0.003293867735634004,-0.044985040536998644,-0.02456982465788704,-0.025088956580457955,-0.04398617469052585,-0.03203236991045333,-0.02333209175163453,-0.030190341329325188,-0.016272652605561017,-0.03501699765514327,-0.04287286215942632,-0.029923044564043266,-0.02860718239599752,-0.03288010900932681,-0.03611450585173215,-0.04682046005921825,0.0017744792822768085,-0.028591046496645567,0.0005974403691668129,-0.027380918223842643,-0.02757369542734206,-0.017442788341619886,-0.00288996812863368,-0.02513997117407446,-0.0279551248070527,-0.01272302296980804,-0.02286792960866718,-0.037836848562632475,-0.02984273618917871,-0.010677142670290019,-0.03405834983776479,-0.03885831930239125,-0.01596687668696045,-0.007829945244414493,6.625692801803806e-05,0.0,-0.004913890267250809,0.10620297552955649,-1.0940572222228884e-05,-0.08949151241829911,-0.02895450122890264,-0.02862449590204652,-0.016408272704103277,0.015393612581095062,-0.017025063574874766,-0.09949134815970717,-0.005552188204903885,-0.012946697764961823,-0.02527416239684127,-0.05057236812058963,1.9185166678648002e-05,0.0,0.0,-0.038014558297990664,-0.04110495257990826,0.000725492060041466,-0.045434288432396,-0.013224243362781496,0.0,0.0,-0.03376641506555006,-0.002363167796570864,-0.04362710399161862,-0.03305003347386254,-0.035064250295116395,-0.02142089095436439
0.0,0.0,-0.0431885164216223,0.0,-0.046064339997824416,-0.040121868665353666,-0.03159325097006388,-0.02009477400871773,-0.0446189001062231,0.013744439378634676,-0.03387460776923801,-0.04276419140519133,-0.07093692486822079,-0.0522118445301607,-0.010365693095736761,0.0,3.229550906591605e-05,0.0,-0.024164681980491043,-0.04212907300426055,0.00030348344515351844,-0.02554106666724537,-0.03786648582584723,-0.0017331151127515376,0.0,0.00021086857640190138,-0.04989105684730866,-0.026778822815793635,0.006503857811683722,7.75776237293968e-06,-0.03419430926173872,-0.01245690646225861,-0.02844246926080285,-0.05277906770163526,-0.0019987467147528637,-0.01279885094677749,-0.014469309036932082,-0.016868198894234132,3.718616191994428e-05,0.0,-3.0188040260836768e-05,0.0,0.00028402515471853684,0.0,0.0,0.0,0.0,2.162617767254016e-06,0.0,0.0,2.1328400336417808e-06,0.0,0.0,-5.0629666604185e-06,0.0,-5.183199813629802e-06,0.0,3.811402906506167e-06,0.0,0.0,0.0,0.0,0.0,0.0,0.0,0.0,0.0,-0.028901373530366592,0.0,0.0,0.0,-0.003920127332700474,-4.9625927340257725e-06,-1.9518506543692027e-05,0.0,0.0
8.400587392931591e-06,-0.02847670287067322,-0.00816638390007457,-0.046064339997824416,0.0,-0.01803730248985491,-0.04881167737483105,-0.008870079635858119,-0.02935066654942564,-0.07290522434831714,-0.005569060856250196,-0.09032217999561587,-0.06406403636910568,-0.028222537801786685,-0.042679592752808415,-0.028841900973098966,-0.02965451173773509,-0.033482167787359296,-0.017449547026213152,-0.026496547432122486,-0.041258334302590516,-0.035855587222260565,-0.014084701730497473,-0.03989716252979575,-0.022002989271536155,-0.0365468902993471,-0.0016145489823509718,-0.09452698570318535,-0.02368156280998379,-0.019549520421075828,-0.07002776624955626,-0.051384044288576236,-0.07710694890235048,-0.06323710754713086,-0.062482699672376074,-0.020056123593726105,-0.04109308171071613,-0.06781319781959921,-0.02340908973168382,0.00505188655835026,-0.02265647382306879,-0.0032255194028673606,-0.022686706903405185,-5.323294324177663e-06,-0.009978643906003615,0.0,-0.008604626336061794,-0.01922520238794545,0.0,-0.03018005339161145,-0.026157105388360913,-0.021687824328217364,-0.01580194285960307,-0.013391169598371833,0.0005215773838299631,0.01537406969337396,-0.00022949629010371453,-0.01751062678213572,-0.024504484619620404,-0.05559227689732987,2.0063763932098855e-05,0.0,0.0,-0.0035375599084229714,-0.05210991052188446,0.0,-0.041258816276028065,-0.02112163446637716,0.0,0.0001374390419769389,-0.01802199035491181,-0.017931420277024657,-0.028998426703741476,-0.025985674316495677,-0.017379522067813902,-0.03936990251694544
-0.04534518548751454,-0.04185617747553816,0.0018980786842401898,-0.040121868665353666,-0.01803730248985491,0.0,-0.02121505604591223,-0.0014834831428349737,-0.016401931862105312,-0.043425743636866965,-0.013004080998180345,-0.04983384656038503,-0.01513838246236826,-0.021937834013379065,-0.04724691687375848,-0.05080133448850194,-0.027410928141553825,-0.05825277692938746,-0.0004431528366247717,-0.029860133536344258,-0.04801556625391418,-0.045454486102720126,-0.0012782285730121856,-0.060510196610068345,-0.03827882767299362,-0.0216585564385956,-0.009956489708760119,-0.02794163488695406,-0.024224513443177997,-0.02221493302229338,-0.011034242127786864,-0.008915002957882556,-0.03354083235993632,-0.015875491053633006,-0.02420862817618874,-0.028141983360629674,-0.03204790545906766,-0.03501662742064715,-0.015264993963679918,-0.01749113735582053,-0.014029809138543126,-0.013570450945514512,0.0017071087131183549,-0.06462198677173248,-0.00505124140433727,-0.027317328522922513,-0.03768280817481423,0.0010100478795334045,0.0,-0.01895089332019928,-0.014366131285751371,0.003418955683923919,0.018476928175443885,0.004506784422361632,-0.021240952583120642,0.013720479770858884,-0.020153308506122125,-0.004825039538400078,0.011579440596637902,-0.05530248436345181,-0.03585390895693291,5.551115123125783e-17,-0.030097758757969106,0.005347972164043258,-0.05819599849069884,-0.028582781982497474,-0.051411494823300374,0.0008643829842455153,0.0,-0.024187006211503992,-0.03517672438174235,0.004716921571628063,-0.02723164431301739,-0.026079296403373975,-0.046882385715963204,-0.02273836039341537
-0.06600276128595972,-0.04070670710142066,-0.021762508179629714,-0.03159325097006388,-0.04881167737483105,-0.02121505604591223,0.0,-0.017537024449992444,-0.029099581242787775,-0.05064997446273173,-0.045507706541865534,-0.06001200947532509,-0.02354388052590589,-0.04505367802685778,-0.05288537776305713,-0.05489452723613486,-0.05086845519734862,-0.05336626375917758,-0.035135157739269784,-0.03338213533212675,-0.04090105760679552,-0.04739492094539738,-0.017497626358205454,-0.03787786566278212,-0.04191373573173873,-0.033302028339203926,-0.018228473545579493,-0.04360787382796155,-0.02845050483323236,-0.01907665909561962,-0.05424147745459246,-0.04019904400474045,-0.04885222617652052,-0.04794152408589136,-0.05465856638703093,-0.038002077348973484,-0.028687024097858393,-0.037487058116598415,-0.012757102942639098,-0.03185044093953643,-0.01872553940121613,-0.03565162608711847,-0.03836581938462713,-0.0005464459497027119,-0.008796840161234942,-0.00016444294402884196,-0.038795306576481614,-0.03400622154698307,0.0,-0.036845661601317414,-0.03541743209338344,-0.022739731261230522,-0.030060578454621012,-0.025296848638277858,-0.0014143966135020114,-0.008621504602976837,0.007224001518374934,-0.029916255908009226,-0.03398567652783002,-0.03970341991144599,-0.017791335791365326,1.1102230246251565e-16,1.890617120070548e-05,-0.027560202742171858,-0.04545193945026277,-0.05262523740454256,-0.055474541660569976,-0.028084871644492193,-0.011462223663731452,-0.03604084375933675,-0.03184872719365117,-0.02517736331691961,-0.036602580922100114,-0.03245611761566841,-0.0407609218279672,-0.04687797435578028
-0.06817390471383061,-0.03277260957385408,-7.137036064097657e-05,-0.02009477400871773,-0.008870079635858119,-0.0014834831428349737,-0.017537024449992444,0.0,-0.01975551277676363,-0.046744047889840545,0.03663462384400168,-0.06288292280737057,-0.023932103257596815,-0.005686224226397307,-0.0385400735685269,-0.047945024157965366,-0.07527956514020379,-0.05964544560166096,-0.0003196992773333296,-0.025774957378893515,-0.03501093862368504,-0.03338406710847419,-0.0038672300799430515,-0.06555091928900586,-0.06022913563736615,-0.0645597185764133,0.004358446383243453,-0.02106119822558955,-0.014757912954722396,-0.016200912415741953,-0.015810062628877353,-0.013729740856557981,-0.016492908679973273,-0.022223457012462977,-0.02280708829606143,-0.007454818774713157,0.029770993106501165,-0.05569213682633867,-0.015059504517490219,-0.05513515690384729,-0.03626205000092597,-0.03381637031867274,0.0034100874624482524,4.944866787703894e-07,-0.00014322649821912892,0.005285289010083849,-0.06213332083125339,-0.04915127641495909,0.0,-0.02383965095704238,-0.04835464675116752,-0.029654246781532723,-0.03785258874203257,-0.04383718453453345,-0.012298248635440046,-0.017828896645108117,-1.1102230246251565e-16,-0.037382120803634344,0.025600345787661183,-0.047111693911233654,-0.0848072125177895,0.0,-7.69810076034494e-06,-0.024328367762682435,-0.042662416787761726,-0.044943379039831644,-0.10438028055745108,-0.03117160890027787,0.00027089592765788817,-0.07847802944645604,-0.07064090905500758,-0.03440261449675264,-0.03830352751025812,-0.04493533687774892,-0.02148649640722078,-0.0303869202113195
-0.02026436124988895,-0.020880771751065896,-0.01397892533717865,-0.0446189001062231,-0.02935066654942564,-0.016401931862105312,-0.029099581242787775,-0.01975551277676363,0.0,-0.054440082091388065,0.004196146660065736,-0.05446608256780544,-0.036853509587147726,-0.023824375337698545,-0.028538180177631878,-0.029421996545198448,-0.03083117720727241,-0.024491578588828222,-0.0015209742239962742,-0.027811389858301283,-0.03144829585780706,-0.06878777963011734,-0.02235178767379653,-0.03697352475473614,-0.029456829327664746,-0.039319105663930154,-0.01062163231298835,-0.03768099067887276,0.005698013473543984,-0.014818008276616779,-0.036157542152658706,-0.02399987627146144,-0.040660435873304146,-0.03421156994524782,-0.04028811006539107,-0.022808114856869177,-0.03322388755913536,-0.04573817922845741,-0.026795800351949395,-0.017900448310256056,-0.03435737893144575,-0.0200917479738682,-0.035525702958810246,-0.014966667980290227,-0.022858907966394226,0.0,-0.028022518992723122,-0.0009914194507409935,-0.00608023997048146,-0.03790946675508927,-0.03577721758825214,-0.027640951041329354,-0.03338263388869511,-0.02014056372437656,0.003262941623150273,0.013562076197352058,-0.015896453480535144,-0.026449928802250056,-0.032098974053098805,-0.0492895252258001,-0.027207002653340362,5.551115123125783e-17,0.0,-0.010855752362341153,-0.0626186361060691,-0.018452360383610422,-0.025040833160873466,-0.02608970121585763,0.0006908433640714362,-0.0031502945517177805,-0.020882715418025832,-0.023596572300538354,-0.038791451999766136,-0.031225097488541076,-0.03658520812283739,-0.022899842172464213
-0.07595941980715448,-0.03954528268544277,-0.03253394392660269,0.013744439378634676,-0.07290522434831714,-0.043425743636866965,-0.05064997446273173,-0.046744047889840545,-0.054440082091388065,0.0,-0.0467310684781711,-0.033163711182511824,-0.04887149179461636,0.005142863554533306,-0.0818753446474102,-0.03729105335556049,-0.03808796466444875,-0.04367821772472902,-0.04135927771769393,-0.05702592277802332,-0.0784313556609455,-0.04826528975413247,-0.03684703375574311,-0.041618316377442954,-0.033035433310656115,-0.051303040989451154,-0.035984127639608066,-0.04237987276209243,-0.0490455781596385,-0.01007021206245845,-0.04171684537608222,-0.03665610667585406,-0.04948961842030397,-0.042576029878445,-0.039802632251214776,-0.021450155481597788,-0.0007686094403351884,-0.030566987519228206,-0.03829380086887746,-0.022971020654838137,0.0014272878334987138,0.011871194460094492,-0.08985870731757772,-0.005491909158769459,-0.011189607693411374,-0.07225463380778324,-0.04010560486794501,-0.034703829906451156,-1.1102230246251565e-16,1.6653345369377348e-16,-0.03815560538772317,-0.05596562859812071,0.0006152087994266697,0.001191970816386334,-0.051068241428381955,-0.021294145596226444,-0.060965360965688886,-0.04811846554790988,0.0,0.00042492110119907167,-0.046147855046181296,-0.05000092527727351,-0.0544263013334052,7.8216456506075e-07,-0.032081687621602906,-9.883330948090574e-06,-0.039785485605391746,-0.025627512224793314,-0.06361187816468661,-0.05782653916547831,-0.058490984682384506,-0.02938523551920086,-0.022464871414119236,-0.03058877667616161,-1.1102230246251565e-16,-0.04639157846442321
-0.00026358832919537445,7.860597395625835e-05,-0.003293867735634004,-0.03387460776923801,-0.005569060856250196,-0.013004080998180345,-0.045507706541865534,0.03663462384400168,0.004196146660065736,-0.0467310684781711,0.0,-0.05316775130647633,-0.04534289558511456,-0.008442668232126638,0.0,5.874905059100044e-07,-0.032233493225148624,-0.04767198190480676,0.004444298686594239,-2.7000292713852403e-06,-0.058332542049366665,-0.02311964830999741,-0.008563400628667395,-0.028547857454606584,-0.04340472223570074,-0.03612559106924057,0.013315772888734867,-0.055306737751856294,-0.010198757753333454,-0.032701400893016264,-0.03158110573099515,-0.019298037516310484,-0.060179446388042235,-0.03190479474218538,-0.03517716725510217,0.001234387305660778,0.000254772569594941,-0.04099027103693326,-0.033857485821654876,0.005477577445834159,-0.07792815237345974,-0.07525430055066235,-0.010908279906289287,-4.628700956538223e-05,-0.0070149572424607065,0.0,5.551115123125783e-17,-0.08631733467280067,4.738589523489711e-06,-0.07625588912716885,-0.012028061566705495,-0.0710099674553859,-0.05820084206990461,-0.04789744806321994,-0.055313368730325274,-0.056363928866041635,-0.08142955575952898,-0.060146825845804275,-0.02640651151415252,2.6793501813004994e-05,0.0,0.0,0.0,-0.11352482254094931,-0.016332316618698495,0.0,-0.01734929081307346,-0.06421461755513358,0.0,0.0,-0.003796375135187491,-0.04771470057592375,-0.07336928892773464,0.018168541601436217,-0.08192066852214147,-0.08746106461608966
-0.06126402355793631,-0.037386952586772826,-0.044985040536998644,-0.04276419140519133,-0.09032217999561587,-0.04983384656038503,-0.06001200947532509,-0.06288292280737057,-0.05446608256780544,-0.033163711182511824,-0.05316775130647633,0.0,-0.056544418662856255,-0.014932924988220964,-0.047333906523267466,-0.036787210880596,-0.04673151792022473,-0.05105908628175804,-0.05634042237324033,-0.041540255652350255,-0.06167101766333616,-0.06457958828888993,-0.056942531784944184,-0.036298826245021176,-0.03599162057621941,-0.03002376481380603,-0.03696242044383041,-0.048336483558592824,-0.04862401931588406,-0.01574012373367334,-0.05206670370903638,-0.05033886571123339,-0.060022898486560755,-0.04285697646479436,-0.03684940605994813,-0.02951297892176119,-0.008237948866545275,-0.028355199533083464,-0.05271815317908213,-0.015999368470531627,-0.0023479620170222537,0.009898956973958706,-0.056563206389730225,-0.012342105103568396,-0.025392775263607892,-0.05196555803844399,-0.022528925637323505,-0.004431379736787366,0.0,-0.0002157786059828748,-0.08175719812526094,-0.0016253760232370906,0.0,-0.005995794236344387,-0.0510493635019405,-0.01289861810238302,-0.057003082908456015,-0.025922813439473613,0.0,-0.010151525617177304,-0.05561277687571192,-0.05423740643019992,-0.059609484816745606,0.0,0.004087119912852877,-5.975250660705811e-06,-0.08567698729399487,-0.02283230351944232,-0.08270250391096973,-0.06743396096588627,-0.06511887407921257,-0.02766081870848003,-0.012844072659289552,0.018546236543987182,0.0,-0.052362024922205375
-0.06091848790258786,-0.048236471597118136,-0.02456982465788704,-0.07093692486822079,-0.06406403636910568,-0.01513838246236826,-0.02354388052590589,-0.023932103257596815,-0.036853509587147726,-0.04887149179461636,-0.04534289558511456,-0.056544418662856255,0.0,-0.016650128801163122,-0.05413220071992525,-0.055871811273792205,-0.0452320728235418,-0.05446277291646601,-0.03391265916405334,-0.03847805069686422,-0.043181663372820034,-0.052916162908631936,-0.022964224991047888,-0.04751721670332826,-0.047183626462718564,-0.04151904891928726,-0.02082710470347765,-0.02277405320178183,-0.0210618568350891,-0.01068222701657745,-0.048315183885556334,-0.03656182775015038,-0.04156506269045307,-0.05072436926112822,-0.06884215355653467,-0.04296773442343521,-0.04794061279065881,-0.04225413617627588,-0.01988601086508629,-0.013308607146915896,-0.025908405048397254,-0.026251449618111877,-0.023764456064172268,-0.010474542104513984,-0.01984446721440336,-0.01658034103784317,-0.03749488522787292,-0.009871439719404074,0.0,-0.041943013188782796,-0.03753829249364676,-0.02430969596635124,-0.03335056565882377,-0.021656597442359815,-0.0352130085314219,0.016952981977797266,-0.03667244986371665,-0.02955623906975846,-0.008551274196008929,-0.047082745065653464,-0.04012054926052089,-0.0003317963788681544,-0.04456298344643933,-0.013111020850055222,-0.0478622867364325,-0.020251875326569024,-0.052606927247914714,-0.02760450384423535,-0.0015386905684922625,-0.04721015053416372,-0.0462257656764557,-0.027199243312659105,-0.03619703373358074,-0.03228762152522835,-0.037031655056161794,-0.04341852159566356
-0.06654176715856364,0.0,-0.025088956580457955,-0.0522118445301607,-0.028222537801786685,-0.021937834013379065,-0.04505367802685778,-0.005686224226397307,-0.023824375337698545,0.005142863554533306,-0.008442668232126638,-0.014932924988220964,-0.016650128801163122,0.0,-0.002305021287025033,0.0,0.0,0.0,-0.02798928058771888,-0.0018260570235412166,-0.037795137463388584,-0.004353755190016573,-0.017124802991259735,-0.05848640877251032,-4.625809626845889e-06,-0.06487540066690933,-0.018584275254159066,-0.05293648158879538,-0.038477134807628266,-0.00015427675151219455,-0.022769183045404096,0.01636120880310915,-0.02544515812542142,0.0004355033099194272,-0.0059807170936092,-0.009931055433805763,-0.021798251615817305,-0.030478600924895294,0.009652926374591475,0.0,-0.0009456938936905357,0.0,-0.006811173263098935,0.0,0.0,0.0,0.0,-0.015560369279739639,0.0,-0.0045239732573866265,-0.03431134718441148,-0.03801034308524115,-0.02953187932940171,-0.019383585640830148,0.0,0.004394524448615211,-0.00045570993817722893,-0.018953398854051562,-0.0009340049243967141,-5.551115123125783e-17,0.0,0.0,0.0,-0.009495397840416253,0.0007808188843281272,0.0,0.0,-0.02157851819497869,1.7240591794864812e-05,0.0,0.0,-0.0026256507173464394,-0.04997697910830551,-0.021147364889790243,0.0,-5.551115123125783e-17
-0.030086557045798767,-0.030751266118313858,-0.04398617469052585,-0.010365693095736761,-0.042679592752808415,-0.04724691687375848,-0.05288537776305713,-0.0385400735685269,-0.028538180177631878,-0.0818753446474102,0.0,-0.047333906523267466,-0.05413220071992525,-0.002305021287025033,0.0,-0.033640247273328094,-0.05168319213957462,-0.04349604594191142,0.0,-0.0017613721333356591,-0.03201257099341198,-0.005667060208510433,-0.04633699785955314,-0.06532668178121215,-0.038751199237272604,-0.024927647230449046,-0.04070937731531021,-0.04125440744564107,-0.030638483187070686,-0.031121186339003293,-0.03845544964105957,-0.029873953571441125,-0.044774182395511064,-0.037494962479081795,-0.03616289615826457,-0.0497908807652106,-0.07177168598673483,-0.009496265597365439,-0.04553985215111134,-0.03819111723549401,-0.049557480039017554,-0.056221923788055905,-0.0056883650533914865,-0.00012852264986407125,0.009232519654151283,-0.024284907363656294,-0.03668914991317623,-0.02200172364978431,0.0,0.0,-0.055062439681011155,-0.04478240317053239,-0.03338531611048512,-0.03267308962790294,-7.112354882732319e-05,0.0,-0.004477808774552894,-0.04489164125462719,0.0,-0.05755122643277355,-0.042026578182782326,-0.0003487515123720697,-0.040127389172216255,0.0,-0.06129215856944398,-0.04791445575439307,-0.06122311179908202,-0.05150495375176373,-0.016228793056465296,-0.039688586063114706,-0.047282887103025584,-0.045237906104791004,-0.03770394682301326,-0.04419226255860531,-0.040556246088686576,-0.04673839612149849
-0.04496641539592111,-0.02262905145363242,-0.03203236991045333,0.0,-0.028841900973098966,-0.05080133448850194,-0.05489452723613486,-0.047945024157965366,-0.029421996545198448,-0.03729105335556049,5.874905059100044e-07,-0.036787210880596,-0.055871811273792205,0.0,-0.033640247273328094,0.0,-0.020994577998986796,0.012767416396930353,-0.0008717213332466445,-0.01027068682763771,-0.041055702629575586,-0.0033864076595870873,-0.04241466150646933,-0.036922100648125566,-0.013240883993851316,-0.0278714562987063,-0.032871585119560065,-0.04413943409801002,-0.03517426085542902,-0.038157657979237924,-0.0291397521711238,-0.03225495037684911,-0.0461413324174037,-0.03005139509664334,-0.04538909909736749,0.03824217704448629,-0.006099608686634839,0.016853289930767068,-0.028005755115553976,-0.029526825895683118,-0.032875045251368196,-0.03817753133834495,-0.015404153269037657,0.0,0.0,-0.05743755863779609,-0.03542845721792498,0.0,0.0,0.0,-0.04526175998028664,-0.014403040731354011,-0.03293799397755731,0.0,-0.045663946862246285,0.0,-0.05961422315412501,-0.058320354782813555,0.0,-0.0505662052367869,-0.03489394140770252,-0.03677952191522327,-0.028408388704396714,0.0,-0.05094833993799436,-0.055048118073625696,-0.039904400112627025,-0.023010386953490836,-0.06099351271891462,-0.03263158152794848,-0.042012153073110625,-0.03952563501179368,-0.062016421512967934,-0.05116015607416363,-0.00013251551558168817,-0.032350984992586374
-0.053032937383730216,-0.034209793935217836,-0.02333209175163453,3.229550906591605e-05,-0.02965451173773509,-0.027410928141553825,-0.05086845519734862,-0.07527956514020379,-0.03083117720727241,-0.03808796466444875,-0.032233493225148624,-0.04673151792022473,-0.0452320728235418,0.0,-0.05168319213957462,-0.020994577998986796,0.0,-0.01935235459985085,-0.03280395331065483,-0.03713990073593021,-0.07654510206750342,-0.024438192796238378,-0.04068310505611178,-0.05124366319600493,-0.011970894473863347,-0.04623388812678081,-0.06525355060058807,-0.0454437828338477,-0.05080500063204996,-0.016093693190712355,-0.039049494035075016,-0.037202351244985166,-0.04997761683864149,-0.040573818924840244,-0.044756198741915776,-0.03248076779595682,0.0019815738150826268,-0.03384965154157249,-0.04885766487941284,-0.04159873228089195,-0.04335132522077745,-0.042785557890922254,0.0,0.0,0.002336151824102073,-0.06392770667595771,-0.023056678122270968,0.0,0.0,1.6653345369377348e-16,-0.0002806800630664741,-7.002421453461416e-06,0.0,0.0,-0.057748750378577296,1.2427418369598264e-05,-0.056690073712701516,-0.03547614053361653,0.0,0.0,-0.04887416007110229,-0.04965308046908129,-0.050013134037603046,0.0,-0.00010926452390286334,-5.551115123125783e-17,-0.053975919368818515,0.0004629434661892473,-0.06323240435422173,-0.05262655883368056,-0.051104982394970244,0.0,-0.019271351481565557,-0.023109417694197942,0.0,-0.04943768040619578
-0.03561959284258981,-0.027304676036230102,-0.030190341329325188,0.0,-0.033482167787359296,-0.05825277692938746,-0.05336626375917758,-0.05964544560166096,-0.024491578588828222,-0.04367821772472902,-0.04767198190480676,-0.05105908628175804,-0.05446277291646601,0.0,-0.04349604594191142,0.012767416396930353,-0.01935235459985085,0.0,-0.020798577989574518,-0.0363026483589064,-0.05722808438383564,-0.021706334047161047,-0.051718722029215014,-0.034322343712045345,-0.007893747253307715,-0.033153368621422374,-0.039558949235027396,-0.05040702375758921,-0.053063254363365564,-0.033155364290525347,-0.03539317321407637,-0.034945093333568045,-0.043558331034592834,-0.04610818817679074,-0.04956263337239264,-0.0072895831296282965,0.0,-0.02739999412345412,-0.03081217479879972,-0.034349861598175324,-0.03265614785911969,-0.0387791327234242,5.551115123125783e-17,0.0,-0.027275002497182677,-0.045465728461486776,-0.03613512316813339,0.0,0.0,0.0,-0.048340627693535976,-6.5759962515898884e-06,-0.02214168538203931,0.0,-0.052025983232725004,0.0,-0.05507599658207468,-0.029985157034398524,0.0,-0.05376174211056167,-0.03860120880424539,-0.049516648229416704,-0.036609539634337995,0.0,-0.04870415783737131,-0.06274481012125893,-0.041610070363835905,-0.07251949300402549,-0.06049383437871875,-0.03483444774028993,-0.03866556155654094,-0.05574703417261678,-0.02770592476745637,-0.04960854789704383,0.0,-0.031966454887008056
0.0,-0.02928284345727522,-0.016272652605561017,-0.024164681980491043,-0.017449547026213152,-0.0004431528366247717,-0.035135157739269784,-0.0003196992773333296,-0.0015209742239962742,-0.04135927771769393,0.004444298686594239,-0.05634042237324033,-0.03391265916405334,-0.02798928058771888,0.0,-0.0008717213332466445,-0.03280395331065483,-0.020798577989574518,0.0,-0.01799831540545327,-0.0113682971419376,-0.03907565653800449,-0.032782963175115976,-0.03604564208559613,-0.04596681487221593,-0.028830921473330995,0.0052989989908310275,-0.038272852116128964,0.017940079634436057,-0.002026606010973264,-0.03241018109900473,-0.014749917793683287,-0.03455947333636944,-0.031985133400713295,-0.026514818404020923,-0.00400225978243729,-0.02095108886315533,-0.04498900200212974,-0.0365089534170106,-0.01301050232019968,-0.029176221970335092,-0.002333274805481955,-0.019073663209142055,5.551115123125783e-17,-1.6653345369377348e-16,0.0,5.551115123125783e-17,0.06412337333882884,0.0,-0.04332359264011676,-0.023071247287404062,-0.0180771639028654,-0.018651038796069053,-0.023548961706365557,0.0007662333203879435,0.040569777424377895,4.5061727930006956e-05,-0.029273374574472988,-0.011870395834989222,-0.0005159938263694097,0.0,0.0,0.0,0.007716036982036156,-0.025304884388451077,0.0,-0.007816483464175683,-0.019386772953574494,0.0,0.0,-0.0041824979613137026,-0.029918531296909467,-0.035402143724190704,-0.04030616405992976,0.0007859366691639336,-0.08613433344786836
-0.025523898207232887,-0.0399808388995308,-0.03501699765514327,-0.04212907300426055,-0.026496547432122486,-0.029860133536344258,-0.03338213533212675,-0.025774957378893515,-0.027811389858301283,-0.05702592277802332,-2.7000292713852403e-06,-0.041540255652350255,-0.03847805069686422,-0.0018260570235412166,-0.0017613721333356591,-0.01027068682763771,-0.03713990073593021,-0.0363026483589064,-0.01799831540545327,0.0,-0.04054870022441531,-0.018333096595645137,-0.015209340080907574,-0.057474521189012806,-0.02958674269092304,-0.022622537512434315,-0.020419942300758775,-0.023196583912452884,-0.0008151852358868616,-0.0050147037299769215,-0.027985386268598866,-0.02125897284814593,-0.0379004102831938,-0.030488435486388188,-0.030402585674430882,-0.03563910383954366,-0.02853551032001378,-0.005411311200438695,-0.03985516290380908,-0.03527371907648991,-0.043812880832857726,-0.049911538454636584,-0.012892946637619529,0.00024075770974635313,-0.005088132675931556,-0.019823379183916745,-0.03722833349746679,-0.014568141454882666,0.0,-0.0063036496855007895,-0.03331269991826136,-0.03637978219274324,-0.025253713948330037,-0.02630054795299891,0.0010415123026545348,-0.027209424576712493,-0.0020874016596513223,-0.03513283318224375,0.0,-0.05924002110123744,-0.04178913466718981,-0.004527691403344247,-0.03823451387813015,-0.011396726189453754,-0.05321638331320844,-0.0468978037710443,-0.06509184137854579,-0.03723033865631287,-0.0014226474936417932,-0.03245729313024759,-0.046545557050748365,-0.031051146394602824,-0.025630099909935256,-0.03304657716081272,-0.03717206158184677,-0.050019939388473544
-0.06885171012437202,-0.03920634487572461,-0.04287286215942632,0.00030348344515351844,-0.041258334302590516,-0.04801556625391418,-0.04090105760679552,-0.03501093862368504,-0.03144829585780706,-0.0784313556609455,-0.058332542049366665,-0.06167101766333616,-0.043181663372820034,-0.037795137463388584,-0.03201257099341198,-0.041055702629575586,-0.07654510206750342,-0.05722808438383564,-0.0113682971419376,-0.04054870022441531,0.0,-0.04707153087124061,-0.0432041729484644,-0.06691317661562435,-0.06083838934707103,-0.049331781062810165,-0.0539418433491477,-0.03208256812582572,-0.038436670433625086,-0.027379307690629573,-0.04544072289784157,-0.033161930057123534,-0.06157708447718663,-0.03942889596914945,-0.04000773619905812,-0.0397048825248531,-0.07336884714229708,-0.0655226813621177,-0.04146006287789594,-0.057973606229586916,-0.05440306931074568,-0.06763838201973943,-0.005974615626991753,0.0,-0.0005306062753111518,-0.05969365756602252,-0.05059499286615715,4.4200655985981996e-05,0.0,-0.03452203831106848,-0.04582049970946561,-0.022383466718925826,-0.0007765399672537421,-0.013140134534438408,-0.02586801512628567,0.0,0.002635991957311512,-0.032727806592617203,0.0,-0.07657250049387998,-0.05576862652453474,0.0,-0.04826787776978275,0.0,-0.06574395441506242,-0.06728773384997455,-0.08441378002808536,-0.05096739599396399,-0.008030433280257099,-0.04937241219355065,-0.07047155608826344,-0.0375697419289453,-0.0292303651568257,-0.03104563757130352,-0.01648740080241512,-0.058927766614333466
-0.030799103232434455,-0.022066714717043023,-0.029923044564043266,-0.02554106666724537,-0.035855587222260565,-0.045454486102720126,-0.04739492094539738,-0.03338406710847419,-0.06878777963011734,-0.04826528975413247,-0.02311964830999741,-0.06457958828888993,-0.052916162908631936,-0.004353755190016573,-0.005667060208510433,-0.0033864076595870873,-0.024438192796238378,-0.021706334047161047,-0.03907565653800449,-0.018333096595645137,-0.04707153087124061,0.0,-0.03176004361095702,-0.02771318560536712,-0.017220977773156843,-0.021754653465086926,-0.030717342141134252,-0.04364899909434683,-0.03548409328122115,-0.03812767525221067,-0.03013577792938743,-0.03193183124646859,-0.03710635813811264,-0.03495820903468,-0.03343948997475377,-0.03007234303673534,-0.03521517608017172,-0.023461314162892155,-0.04206536006880601,-0.028679262254351634,-0.04480277954207035,-0.05154732036236315,-0.00181577442550801,0.0,-0.011593536186249642,-0.03212474365768331,-0.038848537414643225,-0.01453760368041307,0.0,-0.00037200596563730093,-0.05981132093414676,-0.04110050739426008,-0.03670642752795111,-0.020582134623364723,-0.039406457786255344,0.0,-0.023365762959652814,-0.05102116631845727,0.0,-0.062899608151539,-0.03293654389144007,-0.02806643842862977,-0.027577573872994476,-1.1102230246251565e-16,-0.06907835285618852,-0.053021897348432934,-0.05580027362697432,-0.05695371718943154,-0.03785685413457396,-0.02814831084252306,-0.044024379046801454,-0.05175538052187306,-0.03614007379297213,-0.0513445642477347,-0.049675695682849186,-0.045952193905763716
-0.06120618013495821,-0.03521695281605447,-0.02860718239599752,-0.03786648582584723,-0.014084701730497473,-0.0012782285730121856,-0.017497626358205454,-0.0038672300799430515,-0.02235178767379653,-0.03684703375574311,-0.008563400628667395,-0.056942531784944184,-0.022964224991047888,-0.017124802991259735,-0.04633699785955314,-0.04241466150646933,-0.04068310505611178,-0.051718722029215014,-0.032782963175115976,-0.015209340080907574,-0.0432041729484644,-0.03176004361095702,0.0,-0.06255484407604472,-0.04474153081557869,-0.04592466847631099,0.006521525256304617,-0.022059090057375774,-0.0129717278320845,-0.017677880787868028,-0.021544608429049317,-0.02109980990766802,-0.016955951891999554,-0.02110238768524786,-0.032716961319852855,-0.022017686722483776,-0.020781409354010294,-0.022744434972013228,-0.012308944831782576,0.009471827056297732,-0.03417708330931729,-0.0313313477334608,-0.019552158432653288,-0.01764329118345742,-0.013713405227211484,-0.029326075227527393,-0.0534265053980324,0.000832714095534759,-2.6366474304984067e-06,-0.031203849698208608,-0.030406220367472203,-0.02032479121636943,-0.020786083464579497,-0.019387938134971416,-0.025864061837622132,0.00655153287660748,-0.01301282680692506,-0.02655859411586009,-0.014369833081037398,-0.050797799260064835,-0.05149980027397161,-0.014374247283995056,-0.03791026376471507,0.018766304812724566,-0.04707772472912197,-0.027023531737000506,-0.0665592129347265,-0.015395034408839492,-0.012410541948548348,-0.053088629672083,-0.06213132326539794,-0.012364691959053653,-0.030139193168362,-0.029359929583907263,-0.03122855831583571,-0.031962598087639404
-0.04361669762410425,-0.028791167973881426,-0.03288010900932681,-0.0017331151127515376,-0.03989716252979575,-0.060510196610068345,-0.03787786566278212,-0.06555091928900586,-0.03697352475473614,-0.041618316377442954,-0.028547857454606584,-0.036298826245021176,-0.04751721670332826,-0.05848640877251032,-0.06532668178121215,-0.036922100648125566,-0.05124366319600493,-0.034322343712045345,-0.03604564208559613,-0.057474521189012806,-0.06691317661562435,-0.02771318560536712,-0.06255484407604472,0.0,-0.032884929899412996,-0.029561977593121125,-0.06110714523924449,-0.03532129860359284,-0.0711142919172551,-0.03414321767147749,-0.042733367241431564,-0.01382676510830444,-0.04669365444174553,-0.02481967827354209,-0.02820173723520336,-0.02271208832598437,-0.024164674204103037,-0.03469549393385579,-0.06620231768341,-0.03744837540848206,-0.050021606228244364,-0.027021181527974947,-0.04091381648526904,0.004844369155245998,-0.05539398245769073,-0.09260424840897796,-0.048603624138188084,5.655693125383721e-06,0.0,0.0,-0.014826606816507049,0.020517928562017895,0.0002708906519441334,0.0009829410018907803,-0.04933131597792406,-2.5638367343150392e-05,-0.066659528351866,0.02322120282241913,0.0,-0.024408093818110488,-0.06710276395933212,-0.04730249281806986,-0.050872676077838075,0.0,-0.00819583404657992,-0.03938079423449503,-0.06787048141773483,-0.07593331535567621,-0.0792817852292936,-0.058399858335188515,-0.059991228229358706,-0.005165281820490919,-0.002771494879819647,-0.021967710430086884,0.0,-0.04639710925862045
-0.03987072196799557,-0.008198785510868445,-0.03611450585173215,0.0,-0.022002989271536155,-0.03827882767299362,-0.04191373573173873,-0.06022913563736615,-0.029456829327664746,-0.033035433310656115,-0.04340472223570074,-0.03599162057621941,-0.047183626462718564,-4.625809626845889e-06,-0.038751199237272604,-0.013240883993851316,-0.011970894473863347,-0.007893747253307715,-0.04596681487221593,-0.02958674269092304,-0.06083838934707103,-0.017220977773156843,-0.04474153081557869,-0.032884929899412996,0.0,-0.024687614500438215,-0.02826633627726627,-0.049550599084859204,-0.041971824463523044,-0.030079901188591385,-0.0331324765520275,-0.01682594011737948,-0.03655924044455405,-0.040147327831162094,-0.0430797747379813,-0.049582770462014536,-0.00047187334165466055,-0.03059725993812129,-0.03381226678726623,-0.03659589835781063,-0.034932813410608055,-0.04413586056652474,-0.00019444339694196788,0.0,-0.024843363606810054,-0.057783033334805445,-0.034182081616608906,0.0,0.0,0.0,-0.051474089545489876,-0.015385027097169934,-0.09276669616635896,-5.579510947095745e-06,-0.059587311846845736,0.0,-0.05949511315541156,-0.03677771968953997,0.0,-0.04570952107453152,-0.03262186527479194,-0.053171328192877954,-0.03667413508678513,0.0,-0.03785534517914835,-0.05216647419960002,-0.037731949833240463,-0.03760254795721679,-0.0651479478187521,-0.036623717142259704,-0.040288543423280976,-0.026475257551386355,-0.0410239923915528,-0.04177780647685997,0.0,-0.03422833013228632
-0.02473810457832587,-0.016745632393323384,-0.04682046005921825,0.00021086857640190138,-0.0365468902993471,-0.0216585564385956,-0.033302028339203926,-0.0645597185764133,-0.039319105663930154,-0.051303040989451154,-0.03612559106924057,-0.03002376481380603,-0.04151904891928726,-0.06487540066690933,-0.024927647230449046,-0.0278714562987063,-0.04623388812678081,-0.033153368621422374,-0.028830921473330995,-0.022622537512434315,-0.049331781062810165,-0.021754653465086926,-0.04592466847631099,-0.029561977593121125,-0.024687614500438215,0.0,-0.020799673178621636,-0.04000676093625566,-0.02184280184093973,-0.009491001375700248,-0.037042634808524155,-0.02506723539659861,-0.04970708467835672,-0.03669817469239134,-0.042723102894206166,-0.0012189454106917852,-0.02432848218437217,-0.04114331194129217,-0.03920552034558722,-0.04725643568166649,-0.044375331124940076,-0.05773695383165417,-0.004317532928579615,0.0,-0.06222071350839192,-0.061212498479049915,-0.042729019830585746,-0.020440392309881983,0.0,1.872637997657467e-05,-0.05598700460755329,-0.0335993655567956,-0.05820965220217217,-0.025716931199346427,-0.06561608235619559,-5.730502990464181e-06,-0.07403785105439847,-0.05641499475719314,0.0,-0.057638050756553094,-0.035030411137308926,-0.0587475722292507,-0.04282582356982173,-5.551115123125783e-17,-0.06275840298282853,-0.07591888110247785,-0.05923474727696304,-0.06316780505132069,-0.0736842306697938,-0.042211707973952683,-0.05078364622413606,-0.054549079413898915,-0.041541078636390116,-0.05182932842088911,-6.131037738388301e-06,-0.03683534584168485
