0.0,-0.019980451004558197,0.013657546883475369,0.0,-0.00016795462321372856,-0.009839619770481145,-0.008399003507979452,0.003924908543765482,-0.02055057239132746,-0.013256176577602197,-2.1657952849807316e-05,-0.02299921887735873,-0.012693232881094862,0.0006638361335614129,-0.011422809836164227,0.0013643606361247174,0.008465664780392124,0.01895406052519949,0.0,-0.02309044420812667,-0.023289413989063645,-0.01313421544820581,-0.006158766113189662,-0.00029210938436197154,0.008887091040068906,-0.01774408374834341,-0.019130544411377792,-0.019378393643815217,-0.027216819862262875,0.0031543918229697265,0.0001614843546883793,-0.01750724991565683,0.0038290549366624127,-0.005158220330750252,-0.028063186703282728,0.005422196595717521,0.0,0.0020260553427907113,0.003313454548609318,0.017960324880401668,0.006296815000664258,-0.003627371444559213,0.0,0.0,0.015175667859185948,-0.017504285015348675,0.002450275099690369,0.0,0.0,0.0,-0.00026103532075971714,0.0,-0.017991720434234693,0.0,0.03532954366444585,0.0,0.04039208698474728,-0.005121195369557741,0.0,-0.05991379238222966,0.014070935138774221,0.07372743473243376,0.028601327362290485,0.0,-0.006901001836415732,-0.08204172907949492,-0.012328471477192904,0.013365316217873013,0.03433798953110817,0.018696165163489098,-0.010879508921296466,0.03280255607248456,0.0003551123450367122,0.01112481159530726,0.0,0.01648689927471575
-0.019980451004558197,0.0,-0.012828498091893015,0.0,-0.007275046431249377,0.015032591520626082,0.0054311419782888115,0.010380461133280283,-0.015153406019104587,-0.012158081609210836,-0.0005332991625915384,0.002203300509534434,0.016582518157441883,0.0,-0.013037946557749425,-0.006237088221042797,0.0083297525059991,-0.0046527190029778676,-0.0023251900174748874,-0.011704552209994834,-0.008150811094442045,-0.008253429731475914,-0.009788080273941513,0.00928991151953995,-0.01496403351617659,-0.024479927288119263,-0.01761196679744953,-0.008273253552569582,0.004550118873570652,-0.0015806365324574911,-0.01140479683894624,-0.027217595622741453,-0.010346174834690969,-0.015231013903976687,-0.03490143419134778,-0.012109813545506443,0.0046327092716554885,-0.0002850787777650132,-0.002998996844118307,0.013392907600691506,0.0025327776662078527,-0.013998270494408493,-0.01760683552408948,0.0,-5.04258626730647e-05,-0.029822752214986092,0.006551971165162929,-0.0068204490778953075,0.0,-5.551115123125783e-17,0.002478849839267383,-0.004960024602251423,-0.04273450153597852,-0.011420740831517895,0.014973170661996937,0.0,0.0038600438339861376,0.007542911602685443,0.0,-0.005187763074624374,0.0060130237697045286,0.03588337867267294,0.02218710669079471,0.0,0.0036280561806237843,-0.01585962959974213,0.000278977804690661,-0.0009570145994832191,0.001989383511556475,0.01607231305476947,-0.005310310091096171,-0.0019445267368177754,0.02852728905552776,0.013053396333242873,0.01106131157309126,0.0007231069271549928
0.013657546883475369,-0.012828498091893015,0.0,0.017251469031587918,-0.025694878377066577,-0.006117873926280493,-0.01187517334295951,-0.0010140070637699727,-0.03836248334512754,-0.014558426270396496,-0.024363556607597203,0.0158279342032579,-0.009770481145007892,0.001710704069668001,0.0064843051205401014,0.009969787395264773,-0.013950964194086202,-0.001721956362574939,-0.02516013265178277,-0.02466651175094503,0.0004975382127446193,-0.002891755361913051,0.0005748131337081075,-0.007670311203425206,-0.01670288712338408,0.008528491797022253,-0.026266043191710775,-0.008711971135564267,-0.009960545367495133,-0.002020576868110746,-0.008959624105567665,-0.0035901927263011224,-0.016164823267931117,-0.006549623013945627,-0.022467064034688067,-0.003153579094358594,-0.002117442221828636,-0.013702957354841394,-0.02991421557476892,-0.013382271486156339,-0.05044067460796131,0.008571342253721359,-0.010757062728145528,-0.01043250589301925,-2.8968776294879817e-05,0.0,-0.003773208255836158,-0.13642363948889824,0.00021873704769914681,-0.07042772246718931,0.0031313869124195426,-0.031747395580488225,-0.048518582616623285,0.02970467661716314,-0.05784524713832301,-0.13992136215294299,-0.00672460369482053,-0.03046056197619673,-0.05604353208061036,0.004839562278803555,-0.00038357287294993325,0.0,0.0,-0.07864731969487015,-0.005018671718465595,0.0007912391908442284,-0.00012165146584186548,0.012199436223381155,0.0,0.0,-0.013843026958782256,0.026171490746476955,-0.031099106417626143,0.015958118378598507,0.005489699631767597,0.006248556469007793
0.0,0.0,0.017251469031587918,0.0,-0.01274781145795939,-0.028442531334220034,-0.006803053766693878,-0.01724335401122684,-0.023850962857411617,0.09836229541996555,-0.017496768507207883,-0.043375436899874,0.012042899496541748,-0.009426137417866964,0.003889571937275349,0.0,0.0002625794778006729,0.0,0.00077820327711009,-0.01018814342770702,0.00047062511136486407,0.014919302896642228,-0.03617234903462724,0.01104771608027505,0.0,-0.001399267171287133,-0.009473276275057452,0.0075094412909305075,-0.02021212847882692,-0.0001551024940715795,-0.017994569055678755,-0.02033682293066008,-0.060765498777188565,0.0034196103602216477,-0.023743792490510174,-0.026152679863007983,-0.012271710185465051,-0.02272010766895277,-0.0007434703696085898,0.0,0.0006035555241964974,0.0,0.000337461713665832,0.0,0.0,0.0,0.0,-4.3237649372918074e-05,0.0,0.0,-4.2642297198136614e-05,0.0,0.0,0.00010122490464203882,0.0,0.00010362875011049599,0.0,-7.620214029313566e-05,0.0,0.0,0.0,0.0,0.0,0.0,0.0,0.0,0.0,0.00564126107959928,0.0,0.0,0.0,0.0004783284471484017,9.921810866236891e-05,0.0003902374035146816,0.0,0.0
-0.00016795462321372856,-0.007275046431249377,-0.025694878377066577,-0.01274781145795939,0.0,-0.010631802289150116,-0.01568918717492912,-0.019419748557141292,-0.016131609422861515,-0.013122385383179891,-0.021440063627308825,-0.027903867616210387,-0.027817644346105785,-0.006255473322545779,0.015202238105862187,0.003928522631360398,0.0009741159577515979,-0.006419574450363619,-0.009532065005561363,-0.01275642268803251,0.003846057735121866,0.013641285520184787,-0.014765878800947263,-0.017097474429332793,-0.006374214387424693,-0.004985309904878665,-0.03590438830517201,-0.0030179872664953256,-0.004776582445658262,-0.007111617032849016,-0.018990604720858895,-0.014189177640227646,-0.01394189391075551,-0.018440236931973386,-0.007467971122486539,-0.015735123012426633,-0.01963415025370796,-0.005099834086034705,-0.012558746181496772,-0.012403589665196724,-0.012814741140567465,-0.03515283716552975,-0.026319991704276624,0.00010642968766777505,-0.013732265421298517,0.0,-0.011447029879211312,0.0036610405190550255,0.0,-0.006286664927918295,-0.012262304886612285,-0.0007364081512807319,-0.021880040434071713,0.00046530777810116497,0.0010060956112149522,-0.10315623315918154,0.0002220256327672976,-0.007631352838252559,0.0008733419521501085,0.012766251850858779,-0.000401138843489246,0.0,0.0,-0.004787074001645464,-0.0048277537582821495,0.0,-0.01054709533878112,-0.00773253008382091,0.0,0.00012596322400010296,-0.014284513358237771,0.002664807448228501,-0.01169964442719662,0.00018808483128579523,0.008606963294275904,-0.0009305301738383731
-0.009839619770481145,0.015032591520626082,-0.006117873926280493,-0.028442531334220034,-0.010631802289150116,0.0,-0.02061318770601972,0.006881181953155402,-0.006287074003807069,0.006004472050441745,-0.03460376155928485,0.0055931039848550745,0.012173068999687842,-0.005384505695727404,-0.00625745514923115,0.017127940996985724,-0.00962010861899626,0.007992827061700847,-0.02996057471897623,0.0013185423707695598,0.008014720081867432,0.010568179650949638,0.0032908657103330463,0.0011039402362914563,0.009557816937838803,-0.008790319242090172,-0.011883830201528278,3.830178956032437e-05,0.004304874174394291,0.0005328709739343407,0.003889526921147246,0.005045743619411791,-0.008462633725040969,0.00547518183533835,-0.00871987670019242,-0.010576254348204639,0.0003741513375005723,-0.012490672132320524,0.02617674825805949,0.07470879624321758,0.015706272614876005,0.0038420526031262003,0.007062677667856898,0.0015979206979431781,-0.006380552683390717,0.004130752087405931,0.01450321963824458,-0.011090531823073402,0.0,0.011993863651088121,0.005310981973294604,0.009154616960254325,0.0006799214635251905,0.014626850857001439,0.009410411960145137,-0.01210915217235059,0.005537473309988883,0.011412945842852018,0.010483934570859832,0.01852771728943592,0.03912889302736772,5.551115123125783e-17,0.06285777274551613,0.016617828579324367,0.023348814458960976,0.02885188358987656,0.01448683946578222,0.010968610430287296,0.0,0.02713855280656552,0.001378068812028732,0.021361132225913848,0.013916870942857096,0.02511870208739142,0.01048307885413291,0.008863458069596764
-0.008399003507979452,0.0054311419782888115,-0.01187517334295951,-0.006803053766693878,-0.01568918717492912,-0.02061318770601972,0.0,-0.004450454561671147,-0.030907442287069986,-0.006523003831989782,-0.032049435606724075,-0.0018607390989444084,-0.007167443702819576,-0.023335515147616004,-0.0035485041677091322,0.008552723464863743,0.00029072854275791205,0.007701470825801915,-0.011259291455711529,-0.011667068543381343,-0.009138979805615621,0.007048212900785611,-0.010966707338547488,-0.00036766186729086936,0.0038654932258015973,0.001258479222276454,-0.009440041785286513,0.0001724334802803984,-0.0036670216528434385,-0.00922814708265679,-0.016936611855444095,-0.00833687873105965,-0.004582814400149848,-0.010361478130020862,-0.01141690390437522,-0.026808416323490736,0.0046081472483696095,0.0059129910063612234,0.013514403909466344,-0.024355487376233498,-0.05792170218883502,-0.05997038556544321,-0.017208022437123993,-0.0001949300029093215,-0.02435114020370449,-0.0003566371942825275,0.017026769574115586,0.008436921013325827,0.0,-0.00100357403527096,-0.009174765121682915,-0.00473542654871395,-0.009609602448312493,0.01008498874148267,0.004523812565270402,-0.05730673099756156,0.047459913649065544,-0.0039141814845286005,-0.003113845648836544,0.013454161910835372,0.0325123945870221,1.1102230246251565e-16,0.017570872811912885,0.006448825327817431,0.013335812532406843,0.0032105946201652635,0.014647455020110778,-0.004689572491081706,-0.014486092646930515,0.022622922138387735,0.006831197737813766,0.004036509150683876,0.0020255596999282366,0.0073009750581070065,-0.002086970207174188,-0.011661470762969084
0.003924908543765482,0.010380461133280283,-0.0010140070637699727,-0.01724335401122684,-0.019419748557141292,0.006881181953155402,-0.004450454561671147,0.0,0.0025069023086545794,0.0076403980891524,-0.03250097098431426,-0.004012899132813941,-0.0034407861754775504,-0.04115196967316542,0.012949693862961686,-0.0012236948433570483,0.01028467814010664,0.008516462723152762,0.0024842885779737256,0.008173163014828733,0.007462994762892139,0.007548840356796149,0.005852275601487711,-0.00048237172913889736,0.012998050893638147,0.0015380047725847001,-0.015311011052173085,-0.003589175569457148,0.020142751429234995,-0.0028662422121630837,-0.010203998826614491,-0.08171874065098217,0.020381559769882374,-0.012146246150649576,-0.02933710231952713,-0.040938896508343925,0.05815125467652743,0.011493759896680333,-0.0515002084293234,0.02157838310521143,-0.028559997722360675,-0.044530926593032094,-0.04897088178965153,-9.886371026945895e-06,-7.631366432853115e-05,0.01684646625389352,8.438259594245601e-05,-0.00948970448835551,0.0,-0.058643089856537156,-0.019421229653193817,-0.0119697005233535,-0.045099816258799885,-0.0017570294515164564,-0.009772489107787274,-0.04266537642781154,-1.1102230246251565e-16,-0.011700501352482129,-0.04590833498364322,-0.0006027288048116031,0.010700623416627308,0.0,-9.10202891024614e-06,-0.02214402175590202,-0.01299526246434446,-0.022900339253362045,-0.00608522386130661,-0.01333421348916014,0.0011794735040095428,-0.0019393593046080349,-0.004262002692942135,0.0063665556422580205,0.00026882147367091047,-0.0007825774874248848,-0.0037938455208720856,-0.0033945639308226028
-0.02055057239132746,-0.015153406019104587,-0.03836248334512754,-0.023850962857411617,-0.016131609422861515,-0.006287074003807069,-0.030907442287069986,0.0025069023086545794,0.0,-0.005031294687115828,-0.0018924960942431346,-0.010802998229759442,0.009830333097445743,-0.005017307708749141,-0.005501062269655299,-0.0014635481002162054,-0.003791353102411965,-0.00017099578844192997,-0.0334607242694607,-0.016591663370756626,-0.00958374074564472,-0.013675029748724865,-0.012548230902338864,3.391016712561701e-05,0.02661634514375577,0.018060269668829843,-0.026723389321631708,-0.00902387589168202,0.008293495031934106,0.0012264291341096412,-0.008738931842291742,-0.00680182802367868,-0.006831846560618748,-0.00918696864344798,-0.012291751852643862,-0.010332651101538859,-0.00040269866818010147,-0.008380191403635717,-0.002652668020911797,-0.006469623199816921,-0.025888021474318623,-0.00960623374977121,-0.0032241965926750327,-0.027875173075459447,-0.015134470885194262,0.0,-0.0059800556391734205,-0.057837224485584204,-0.007650692547253701,-0.002825309655525521,-0.000739047339714638,0.004964249238739615,-0.012307720421734225,0.010544080556706525,-0.03874929409461342,-0.12681045915649886,-0.006599970189406723,0.005446495193737411,-0.001526525173035309,-0.0007699304632988735,0.0011236605754578743,5.551115123125783e-17,0.0,0.004529995851031643,0.022310953031974168,0.012754427837278426,0.0008370471288534076,0.009492127323140087,0.0002821683849944523,-0.0009052135606981149,-0.0017314597226727457,0.016785538619804474,0.012074701126592369,0.019618411049335593,0.005616662834957875,-0.004244173303433629
-0.013256176577602197,-0.012158081609210836,-0.014558426270396496,0.09836229541996555,-0.013122385383179891,0.006004472050441745,-0.006523003831989782,0.0076403980891524,-0.005031294687115828,0.0,-0.004047757462524282,-0.009158826395439579,-0.001441090745428919,0.010598391292794718,-0.013216820371749316,0.018283762735640197,0.024206286353513906,0.02516252729942231,0.000635357823965621,-0.01580782189842883,-0.013874184994077277,-0.012953137954718252,-0.0002312621890070421,0.016979370162776508,0.0015917339583714774,-0.00439860761963673,-0.0027685840308583898,-0.0007341735298445062,0.0009760185697269552,-0.03595569459620651,-0.004156152877179076,0.011286223799025996,0.008988629306627638,-0.0019707593406257384,-0.013602034931568752,0.016221347610373138,0.07967041400232294,-0.0025223702316024,-0.005928767202204588,0.011339363957941828,0.03211699335410584,0.015245507731695418,-0.04822485052762471,0.06556605632962942,0.01204632829785518,-0.013539409899891941,0.015572022270391783,-0.0030665652528500953,-1.1102230246251565e-16,1.6653345369377348e-16,-0.0016391884458188954,-0.021805117944084573,0.00038681515620864193,-0.0395247305532202,-0.00015367003395483358,-0.02507964669558349,-0.008169042544189431,-0.0038700621501665533,0.0,0.0008092634828978373,-0.008587236098531181,0.008528646078770796,0.01568994717592881,-0.042935151904855806,-0.004939670969180354,0.00019759941154501304,0.007395924861657188,-0.010391234256238113,-0.005163461536941805,0.004181947810580733,-0.018860070063188017,0.010616820850645525,-0.038928483244188794,0.015211009268731646,-1.1102230246251565e-16,-0.0031192631858211195
-2.1657952849807316e-05,-0.0005332991625915384,-0.024363556607597203,-0.017496768507207883,-0.021440063627308825,-0.03460376155928485,-0.032049435606724075,-0.03250097098431426,-0.0018924960942431346,-0.004047757462524282,0.0,-0.025498364574797316,-0.008185094308987895,-0.040420392352169265,0.0,-1.1745815133690218e-05,-0.0096635816231605,-0.00553837505600091,-0.020467603396549405,5.398222501779015e-05,-0.009593736388018526,0.008090002431295984,-0.046632243235909254,-0.046433827865489,-0.008175438359651288,-0.002636678088454858,-0.028415186330392417,-0.0031174763308000064,-0.0021373866180808276,-0.007242292235743963,-0.0027666596005939126,0.012738243743860678,-0.011844724147759333,-0.007380611102236756,-0.008047383744770875,-0.008822571392613221,0.03627431841004003,-0.02616340370015019,-0.012778500218713074,0.007235539779516076,-0.029579745622403897,0.002758068674500014,-0.003715203334128503,0.0009254254360439029,-0.00834596808890159,0.0,5.551115123125783e-17,0.017594933468791207,-9.47395676937357e-05,0.06170512694701191,-0.0021880565338061597,0.018032123943960587,-0.018360311165349696,0.041728245013854914,-0.02265167190029982,-0.04978731532768163,-0.003750416137653756,0.010889910708693384,0.019631249250224747,-0.0005356878383643293,0.0,0.0,0.0,-0.009805449181853332,0.004868180559350288,0.0,-0.020110546623798686,6.775454899365929e-05,0.0,0.0,-0.004717810373121467,0.015780177682803265,0.00025698829388237643,0.007486769626826817,-0.0010604218679313715,-0.036270614149337965
-0.02299921887735873,0.002203300509534434,0.0158279342032579,-0.043375436899874,-0.027903867616210387,0.0055931039848550745,-0.0018607390989444084,-0.004012899132813941,-0.010802998229759442,-0.009158826395439579,-0.025498364574797316,0.0,-0.0014590028330522253,-0.007386054229632455,0.01777522630168127,0.015709031302321652,0.005897652232611017,-0.0011259738186193968,0.0017128680705799648,-0.03237801856272393,-0.020525796166610266,-0.020567014298104924,0.00035721694259388537,0.027276645325050586,0.005483803520530739,0.010004195159414309,0.0005464850443169245,-0.0009761338535893005,-0.010123510676711911,-0.010389954263852252,0.004671552875895102,0.01526612285617257,0.026745761549794356,-0.006020172398467971,-0.013203186458344562,0.00783099422831196,0.016934733984253603,0.022683750838718597,-0.0028699405706742454,0.012630281061153381,0.034787023967588704,0.044028967772131,-0.04254763915492932,-0.004601379638634717,0.01585836207348368,-0.007769130005789104,-0.005904759594047071,-0.005300374965116539,0.0,-0.00020066063830476155,-0.0016357248697092541,0.013195549290502262,0.0,0.018414883146938232,0.002545665330944691,-0.005841049211619487,-0.0018602255434380655,0.01555601825341113,0.0,-0.012810692849376082,-0.0015595364114125432,0.00671711928354396,0.016795033637058587,0.0,-0.011310685190464631,0.00011946438104853963,-0.0005850315225661151,-0.016539173508482496,-0.006245886841878157,1.3685778905703216e-05,-0.019372071940062574,0.0003489183714328048,0.032543469643104395,-0.019488390337831785,0.0,-0.005410113049907794
-0.012693232881094862,0.016582518157441883,-0.009770481145007892,0.012042899496541748,-0.027817644346105785,0.012173068999687842,-0.007167443702819576,-0.0034407861754775504,0.009830333097445743,-0.001441090745428919,-0.008185094308987895,-0.0014590028330522253,0.0,-0.004724509541582211,-0.011702716430182003,0.013986884350385531,0.005499823185188657,0.011592510981225324,-0.0007302805669928136,0.000434834390777461,-0.0019350656757885498,0.009067453505649525,-0.006234265832560426,0.005977166625869501,0.00615178509494152,0.0025720325393215338,-0.002351280680680412,0.023547568092623816,0.0073591009571736254,0.01783190583382782,-0.001334482461629316,-0.003206884634831375,-0.007674075032129746,-0.0005065079216294288,-0.003986201529151134,-0.003905780768691247,0.0012850252003125395,0.008880396876422059,-0.003902122633928251,-0.04729639303215427,-0.037020281621674866,-0.014036424280644222,-0.033329424620977655,-0.008259409680204555,-0.01034991820329173,0.0027355107831100733,0.011886668370816256,0.010975274057262618,0.0,0.003097314884274116,5.0326831808056305e-05,0.000772068017327765,-0.00359976994645117,0.011251737333181744,0.0007602279439209436,-0.03150340327438045,-0.02436190773802921,0.001828177142601639,0.008896606369713178,0.012185406607854887,0.02545432872027642,-0.0012581018858834336,0.021724633438427787,0.0027889003822112457,0.003226212552538188,-0.0033592056338719867,0.013702878984929112,0.003979199781160125,0.0036499274472707177,0.016025941462711246,0.006106117374459041,0.011557159739919998,0.004688668310436572,0.009441934915269234,-0.00010388247909698389,-0.005999397488368863
0.0006638361335614129,0.0,0.001710704069668001,-0.009426137417866964,-0.006255473322545779,-0.005384505695727404,-0.023335515147616004,-0.04115196967316542,-0.005017307708749141,0.010598391292794718,-0.040420392352169265,-0.007386054229632455,-0.004724509541582211,0.0,-0.009883588811302801,0.0,0.0,0.0,-0.014174422924495111,-0.006677515592958816,-0.010409491266518356,-0.006360473008531375,-0.011096830836014315,-0.006426068212236569,9.248473667211599e-05,-0.01223373417365703,-0.02020959676221229,0.0012516556711035243,0.04329476366216223,-0.00023558690001629357,-0.02340736238825375,-0.07615015861843336,0.03641643376784742,-0.0027434125865069547,-0.022640826863318586,0.0019106669551625655,-0.0008042703536335905,-0.02505373246930237,0.010070037321152525,0.0,-0.0006529365829263667,0.0,-0.013712146275522918,0.0,0.0,0.0,0.0,-0.01681028417607605,0.0,-0.012780398309084007,-0.012595405586156627,-0.01460779090521308,0.0029044464680967885,0.01676264164906116,0.0,-0.06067266024250545,-0.0004573517206408195,-0.01677381237149078,-0.0015334844026138605,-5.551115123125783e-17,0.0,0.0,0.0,-0.007131513774676745,0.001057902437930358,0.0,0.0,0.009172347652832813,-0.0003446945985336458,0.0,0.0,0.018140335314504985,-0.007102445174151595,0.006028965870219283,0.0,-5.551115123125783e-17
-0.011422809836164227,-0.013037946557749425,0.0064843051205401014,0.003889571937275349,0.015202238105862187,-0.00625745514923115,-0.0035485041677091322,0.012949693862961686,-0.005501062269655299,-0.013216820371749316,0.0,0.01777522630168127,-0.011702716430182003,-0.009883588811302801,0.0,-0.012331029485933065,-0.001552008413792605,-0.0020767227861728244,0.0,-0.032059269276030644,-0.0026248634860738806,-0.013082703728470813,-0.021511517102122846,-0.018172649422105613,-0.005675211313254325,-0.029602915140587494,-0.0009615192371805747,-0.025879982457083894,-0.01382836214468608,0.005108217884951249,-0.032970919356911044,-0.031473374503931395,-0.0420836712299586,-0.03788734141713046,-0.051217370471568435,-0.0015768203216321997,0.0109181463599331,-0.020397858428499394,-0.013639888075921924,-0.030081360549414682,-0.03574439621966574,-0.024653865194715296,-0.06054064056371128,-0.0006154862585228127,-0.0013938356564362486,0.024781142613061358,0.0023537019838636986,-0.0031597253031374617,0.0,0.0,0.0030982184297514426,0.004540933305262285,0.008897299908236678,-0.0019547485781485907,-3.679490368529992e-05,0.0,-0.022057751630069122,0.023724879905318297,0.0,-0.014762726128821901,-0.018654403026138133,-0.0004932982525475138,-0.00616877111103592,0.0,-0.021866007732272652,-0.027674764008027097,-0.009065385202777554,-0.005915275979982315,-0.054746020843983,0.0015920657958902185,-0.014707534551955947,-0.006583400577609755,-0.002051105433279743,0.0016757947642998539,-0.004279325089225683,-0.02198095010647333
0.0013643606361247174,-0.006237088221042797,0.009969787395264773,0.0,0.003928522631360398,0.017127940996985724,0.008552723464863743,-0.0012236948433570483,-0.0014635481002162054,0.018283762735640197,-1.1745815133690218e-05,0.015709031302321652,0.013986884350385531,0.0,-0.012331029485933065,0.0,0.020260419447448663,0.017714951117745792,-0.0010449862451613057,-0.003969810969436105,-0.007187878677528847,0.003586729690227497,0.0013972288463940385,0.017421692763810726,0.006519935170605451,-0.0034414732614540533,-0.006446056745212314,0.012485905755951543,0.012914614118076706,-0.007809004599478975,-0.0028553887443788506,-0.013934182287066998,-0.00996012202219626,0.0032282436228335265,-0.01587895520566268,0.006338506766010887,0.006127972261989911,8.474824800258629e-05,0.004675723116346453,0.01349550555844442,0.009138534403068832,-0.005530490132852228,-0.017797908182184075,0.0,0.0,-0.006385225401788597,0.006535461309110979,0.0,0.0,0.0,0.04212838613119824,0.060732480633430064,0.0023749991137692605,0.0,0.01791334425336083,0.0,-0.028156699162518284,0.036242143593937015,0.0,-0.0009016227723271375,0.010449817628933766,0.018610676307799945,0.0282546246230288,0.0,0.0038122982690749208,-0.02765022462150607,-0.001346637569084097,0.023766191849479534,0.01204201319244752,0.020850647346756845,0.0022050242470605386,0.013592859210159403,0.03585085048873177,0.033074536186697145,0.008911644726687595,-0.0015358337383913345
0.008465664780392124,0.0083297525059991,-0.013950964194086202,0.0002625794778006729,0.0009741159577515979,-0.00962010861899626,0.00029072854275791205,0.01028467814010664,-0.003791353102411965,0.024206286353513906,-0.0096635816231605,0.005897652232611017,0.005499823185188657,0.0,-0.001552008413792605,0.020260419447448663,0.0,0.032553041691833484,-0.0016626878561926683,0.004541270320866986,0.003072733280606754,0.01695682975576951,-0.02543216720050373,0.025322741971870455,0.03154855884492114,0.008150764999368176,-0.010540290814436859,0.017505942331159208,0.011371231499576862,-0.02304889547663075,0.020461820738608527,-0.009019034215295152,0.017166017615479368,0.009530648854071733,-0.00686955122217614,-0.006393940478765736,0.010294272348954636,0.017036526472361535,0.022813972928452553,-0.01746295730502989,-0.0016746042168045983,0.0026105453447650695,0.0,0.0,0.00028026540184478144,0.02343444756501889,0.024728358924426874,0.0,0.0,1.6653345369377348e-16,-0.00045563829214811946,0.00014000081205933768,0.0,0.0,0.007127870702444694,-0.0002484638599850042,-0.00913496615023418,-0.000563547333024994,0.0,0.0,0.013024910546937662,0.02304417381686169,0.02752821182566889,0.0,-1.7790590261523853e-05,-5.551115123125783e-17,0.0033905683172492096,-0.00041690537275729245,0.008982937747536224,0.020263112272186856,0.005801699606808874,0.0,0.010599693761245199,-0.001710982644961223,0.0,0.014369471510910614
0.01895406052519949,-0.0046527190029778676,-0.001721956362574939,0.0,-0.006419574450363619,0.007992827061700847,0.007701470825801915,0.008516462723152762,-0.00017099578844192997,0.02516252729942231,-0.00553837505600091,-0.0011259738186193968,0.011592510981225324,0.0,-0.0020767227861728244,0.017714951117745792,0.032553041691833484,0.0,-0.0029015081134614595,0.0025131347979592267,0.012216464276851191,0.002540506443050039,0.0021986765850223744,0.0057398630472778045,-0.0048670071239840795,-0.0036985848323533577,0.0003718545930405659,0.01306174681309058,0.012349116713375241,-0.005658550666822526,0.013666831787794875,0.003251496250753938,0.016466044424352178,0.015248917892741465,0.009051326703834905,0.013193272294619474,0.0,0.027863877582554153,0.016456338902580248,0.013592264700196088,0.009735379061040494,-0.0009688712897979457,5.551115123125783e-17,0.0,0.008030774316586331,0.021624317389532577,0.012739326068026968,0.0,0.0,0.0,0.06171574894072773,0.00013147520774425825,-0.009674969098202924,0.0,0.006447569060114788,0.0,-0.002134586109999559,0.019348185039729127,0.0,0.010941166729360408,0.022371020597483693,0.028636312392705754,0.02872026304269998,0.0,0.015307082789215942,-0.0020385214295726706,0.003948261881490167,0.035661359128499936,0.01910870798321901,0.0259783439881916,0.014367322922990255,0.019108952860615536,0.05213028373012624,0.04616991806890419,0.0,0.015917505930947595
0.0,-0.0023251900174748874,-0.02516013265178277,0.00077820327711009,-0.009532065005561363,-0.02996057471897623,-0.011259291455711529,0.0024842885779737256,-0.0334607242694607,0.000635357823965621,-0.020467603396549405,0.0017128680705799648,-0.0007302805669928136,-0.014174422924495111,0.0,-0.0010449862451613057,-0.0016626878561926683,-0.0029015081134614595,0.0,0.006362553400835913,0.005198927288110111,-0.011278223055569414,0.010712521532440067,-0.013829176178088265,0.0022205405549903245,-0.0038652694465530213,-0.022142969280564806,0.002271515054082074,0.002082019145953906,-0.02021006447462509,0.0022215318432077247,0.006347621057393338,-0.02365780728648237,0.004293109385681504,-0.008515869986351676,0.0027184734877050976,0.001263501174105841,-0.010875688136068262,-0.007666391173420772,-0.01673754881625006,-0.04550273465621485,-0.0037223259138141618,0.0063634423825815745,5.551115123125783e-17,-1.6653345369377348e-16,0.0,5.551115123125783e-17,-0.1340580828682667,0.0,0.008585096190868446,0.012035973915955123,0.01941213286606014,-0.002180460944870233,0.021652789265195094,0.0012033636409946036,-0.11351557065770113,-0.0009009281353486998,0.027426559622517388,0.005549449232026715,-0.0010773341101490974,0.0,0.0,0.0,0.02890728414572119,-0.011813093984203327,0.0,0.005087442294332278,0.020042139663423164,0.0,0.0,-0.006864960044659252,0.027367010738998276,0.010338617901640368,0.030866524271548623,0.0003420677473681133,-0.0044982833114187715
-0.02309044420812667,-0.011704552209994834,-0.02466651175094503,-0.01018814342770702,-0.01275642268803251,0.0013185423707695598,-0.011667068543381343,0.008173163014828733,-0.016591663370756626,-0.01580782189842883,5.398222501779015e-05,-0.03237801856272393,0.000434834390777461,-0.006677515592958816,-0.032059269276030644,-0.003969810969436105,0.004541270320866986,0.0025131347979592267,0.006362553400835913,0.0,-0.015200535585765562,-0.021536354529384294,-0.02818080489668634,-0.03690230878811346,0.00047097956534841723,-0.028480249640202626,-0.021091063903008078,0.0014120918253795467,0.001501117731069479,-0.005667719992328901,-0.025244063070217093,-0.02696766115501531,-0.037287179524629566,-0.029162677466637754,-0.04462915991810945,0.00464601227634287,-0.07794398097408506,0.028067825313359773,-0.0024904281358673064,-0.04026231797955637,-0.027847651914726157,-0.021692614259876897,-0.04774006544668602,-0.00015202653577994774,-0.034727918199743746,0.006641489725006611,-0.002813678120616614,-0.014415137588520588,0.0,-0.01779046753087249,0.005164559852371686,0.005362554606930303,-0.009917117715476764,-0.0038038593211006666,0.00043906959236944543,-0.03222489000733336,-0.013037617719217132,0.0009861058358326402,0.0,-0.015704379295226945,-0.004420480949134553,-0.0057277971235772385,0.00038614300147149505,0.005845615447064911,-0.009965462396129277,-0.02366244932853695,-0.014497791548581274,-0.0036060235587568323,-0.0012743338746566968,0.0035166156687558847,-0.012330638098024649,0.0015295460793196547,0.005500546493862557,0.007114327802751119,0.002192311071202102,-0.018040021555638608
-0.023289413989063645,-0.008150811094442045,0.0004975382127446193,0.00047062511136486407,0.003846057735121866,0.008014720081867432,-0.009138979805615621,0.007462994762892139,-0.00958374074564472,-0.013874184994077277,-0.009593736388018526,-0.020525796166610266,-0.0019350656757885498,-0.010409491266518356,-0.0026248634860738806,-0.007187878677528847,0.003072733280606754,0.012216464276851191,0.005198927288110111,-0.015200535585765562,0.0,-0.01048787976418003,0.004829951600086868,-0.005901610827845516,-0.0005007346696528914,-0.012992902743723445,-0.013891985910972182,0.0013069479509683068,0.006907862816170285,-0.002677183854552345,-0.020011828413109056,-0.021539987028888152,0.01884114675477322,-0.04332062280293292,-0.0503970525714591,-0.00545977227755956,0.012288018240123988,-0.00943470478889391,-0.008450701497469904,0.022134097323296242,-0.0201777994629741,-0.03775678263689031,-0.02285718025682071,0.0,-0.0007381637428083843,-0.006949902567847388,0.00012050270800179064,-0.0008837125518237343,0.0,0.00016931086674137896,0.0037925753228563175,-0.0001690144722080733,-0.0012871561138584897,0.006046574338263999,0.04304019842785506,0.0,-0.018268845304302117,0.01408398929436766,0.0,-0.018152626256566662,-0.0019978024901119995,0.0,-0.00234238051910024,0.0,-0.007997919348023907,-0.037393171730683405,-0.007573021500197952,0.0047578057828652764,-0.026867890274697437,0.006670846644034001,-0.027179456760730802,-0.0004191102207903863,0.008386804312719653,0.022096878184744484,0.01378478914313469,-0.0093369272360187
-0.01313421544820581,-0.008253429731475914,-0.002891755361913051,0.014919302896642228,0.013641285520184787,0.010568179650949638,0.007048212900785611,0.007548840356796149,-0.013675029748724865,-0.012953137954718252,0.008090002431295984,-0.020567014298104924,0.009067453505649525,-0.006360473008531375,-0.013082703728470813,0.003586729690227497,0.01695682975576951,0.002540506443050039,-0.011278223055569414,-0.021536354529384294,-0.01048787976418003,0.0,-0.02779774301314103,-0.007865409761556363,-0.000583956515073647,-0.01602813713313056,-0.03854088784615528,-0.02017264972357624,0.005744031102577485,-0.07962449144289602,-0.01932726695047088,-0.030293746838459146,-0.019538090329322466,-0.02590062726622644,-0.04304964232390002,-0.035196735831418746,-0.02404972936406835,-0.028634696369678247,-0.006842196843434678,-0.008344986133468624,-0.01531835468501408,-0.027387567432393956,-0.0461750181006374,0.0,-0.019626187722200816,-0.016315801155582066,0.013074667357818981,-0.021101968209670474,0.0,-0.000293304234108116,-0.013480356966711016,-0.004002746367889443,-0.02543181790593979,-0.010872424664631064,-0.0004149761999338586,0.0,-0.04092385205962218,-0.00023724267450431213,0.0,-0.007609101995340262,-0.0002555044777410864,0.004565673763979705,0.013655861822642779,-1.1102230246251565e-16,-0.019163846545983965,-0.021054138256188792,-0.0008418584110054805,-0.0036409378878416443,-0.02992484612486529,0.01630620745583039,0.0005492236301755105,-0.008418867910215067,0.01746634350157844,-0.0005287007462135285,-0.009563850560757314,-0.012505654012577583
-0.006158766113189662,-0.009788080273941513,0.0005748131337081075,-0.03617234903462724,-0.014765878800947263,0.0032908657103330463,-0.010966707338547488,0.005852275601487711,-0.012548230902338864,-0.0002312621890070421,-0.046632243235909254,0.00035721694259388537,-0.006234265832560426,-0.011096830836014315,-0.021511517102122846,0.0013972288463940385,-0.02543216720050373,0.0021986765850223744,0.010712521532440067,-0.02818080489668634,0.004829951600086868,-0.02779774301314103,0.0,0.000512321233062496,0.01075337592910336,-0.02123350301766458,-0.010242854871313156,-0.004641592086344126,0.0064989316727928625,-0.0049954604376801215,-0.014200133775662704,-0.00888029052111522,-0.031829535730022895,-0.012910683676559731,-0.026382754583515577,-0.015242287763824747,-0.01036700493962528,0.010580862784662193,0.004720102572604579,-0.01665078359732819,0.0024665472853114823,-0.005826408310151021,-0.011201486821532547,-0.006960370440657226,-0.024024174068303872,-0.017736108928688266,-0.0012052954775373936,-0.027874518251737812,5.271501920262045e-05,0.0031781453003653093,0.00909807702566956,0.011691741870192285,-0.014549473185902995,0.014829754633181924,0.006883429920278461,-0.012495003131734017,-0.04258873937657154,0.011024235999014365,-0.003361368195159864,-0.005253974326863753,0.008531007053939221,-0.005839324344774521,0.02329416830329023,-0.08031169706628649,0.0012837511962823234,-0.014776875490847496,-0.007176186044087318,0.01150895268092711,0.0002506602664230084,0.010311123303570147,-0.01200881639700252,0.019605141771680157,0.011327541636842464,0.018729036689795198,0.017758034003883538,-0.009706613052362534
-0.00029210938436197154,0.00928991151953995,-0.007670311203425206,0.01104771608027505,-0.017097474429332793,0.0011039402362914563,-0.00036766186729086936,-0.00048237172913889736,3.391016712561701e-05,0.016979370162776508,-0.046433827865489,0.027276645325050586,0.005977166625869501,-0.006426068212236569,-0.018172649422105613,0.017421692763810726,0.025322741971870455,0.0057398630472778045,-0.013829176178088265,-0.03690230878811346,-0.005901610827845516,-0.007865409761556363,0.000512321233062496,0.0,0.004248974130218464,-0.0025675306901894457,0.007377857794843623,0.004140669956462006,-0.020084939632574572,-0.026603066665415953,0.011981142288134794,0.029700585193695617,0.021946514626508096,0.017413928364057085,-0.009730174797608904,0.0024688644067797916,0.017322739845529567,0.04053111863919767,-0.03111672475737487,0.023854266872403773,-0.0017050251277072603,0.04632010091430855,-0.018173615640642626,-0.0009068798355143515,0.015135131933537271,0.006076802785607627,0.0007053789140559763,-0.00011307540335098176,0.0,0.0,0.00716766251548151,-0.0008637273158806358,0.0004740902757354726,0.00012809890062354112,0.017927933716747946,0.0005125930039699411,0.001039223262954303,-0.006677349622346507,0.0,0.019171793119759972,0.02134228085650658,0.0413345694397928,0.038840099747964485,0.0,0.00015537259000319992,-0.02898195394747477,-0.025967975604996307,-0.019585725200304493,-0.03978193440435457,0.023910727081332572,0.004689160757353539,-0.014910184200763066,-0.11383988588790955,0.008000696157895615,0.0,0.027579503256743854
0.008887091040068906,-0.01496403351617659,-0.01670288712338408,0.0,-0.006374214387424693,0.009557816937838803,0.0038654932258015973,0.012998050893638147,0.02661634514375577,0.0015917339583714774,-0.008175438359651288,0.005483803520530739,0.00615178509494152,9.248473667211599e-05,-0.005675211313254325,0.006519935170605451,0.03154855884492114,-0.0048670071239840795,0.0022205405549903245,0.00047097956534841723,-0.0005007346696528914,-0.000583956515073647,0.01075337592910336,0.004248974130218464,0.0,-0.011961352685902205,-0.0018111104811020518,0.004137877230053322,0.003664216939322118,-0.001652602795713054,0.009536146394296674,-0.007678569555542136,0.001448205021802429,0.003163484497670732,-0.009662994519587353,0.02845205792136929,-0.0006373472922769907,0.012987276284528726,0.01920069322879442,0.008775977082305542,0.004004597044869884,-0.0025841576919769516,0.0007625444903401335,0.0,0.013927787876942932,0.002125858812996595,0.010963736315202033,0.0,0.0,0.0,0.009722255895551146,-0.00191019352338212,-0.001429168707095474,0.00011155227783515853,0.0011984649319514706,0.0,-0.012763413801730739,0.01933656189948907,0.0,-0.004214774426048451,0.017626423404337788,0.02081452574787701,0.0244300991200177,0.0,0.0069377348764578795,0.0019026239199028683,0.0023420380450895895,0.0104286648303073,-0.005391683287142235,0.01679287011081315,0.0036158137418661473,0.00999517207262468,0.016355908643236106,0.018827052084110563,0.0,0.012731031802374393
-0.01774408374834341,-0.024479927288119263,0.008528491797022253,-0.001399267171287133,-0.004985309904878665,-0.008790319242090172,0.001258479222276454,0.0015380047725847001,0.018060269668829843,-0.00439860761963673,-0.002636678088454858,0.010004195159414309,0.0025720325393215338,-0.01223373417365703,-0.029602915140587494,-0.0034414732614540533,0.008150764999368176,-0.0036985848323533577,-0.0038652694465530213,-0.028480249640202626,-0.012992902743723445,-0.01602813713313056,-0.02123350301766458,-0.0025675306901894457,-0.011961352685902205,0.0,-0.034062107835450106,-0.0019039837064775411,-0.006084972933459332,-0.012095691981436119,-0.006107477506997305,-0.029935500843744134,-0.007175539135430453,-0.011492088463829764,-0.036248797349468065,-0.0503140637875405,6.974209972215872e-05,0.017312568547584395,-0.008543225599118298,-0.010934721246514179,-0.006519200052803098,-0.02650425839539905,-0.034779880208369196,0.0,0.008472927386813434,-0.023497465321507482,-0.0024321588533377514,0.002934928979776985,0.0,-0.0003744002586889006,-0.0055986811422785165,-0.0014402973713996126,-0.02945585127600181,0.0021625856562325074,-0.009637996653665881,0.00011457109193924175,-0.024797120649974913,0.0018922151362041895,0.0,-0.01728636933226224,0.0008942291192072238,0.0157898993157628,0.016979442438912307,-5.551115123125783e-17,-0.014358603725407482,-0.042879417462687974,-0.010045114789906662,-0.005300505184950899,-0.005563915581376977,0.009205245956814212,-0.010779704830491732,-0.012384670597113623,0.01613205657534278,0.006521346630488312,0.00012257906323503986,-0.0044543116570197605
