0.0,-0.07007793365329346,-0.008186814369630702,0.0,4.7744780067637826e-05,-0.05402879408092509,-0.06142946448286668,-0.03857609657708849,-0.031157500315008024,-0.038679022592064016,-0.00031756209786404366,-0.039844983110979115,-0.04809363458898114,-0.02411640501462109,-0.03690251369860198,-0.05171796695542247,-0.03168177051716914,-0.04859174104016967,0.0,-0.03711662408233446,-0.03755240352791789,-0.06771640759612313,-0.01646316470709297,-0.050414389436063745,-0.06407486804621537,-0.037251038618480226,-0.03458837765066347,-0.0523769827774796,-0.036647305540665365,-0.06405458597709529,-0.04945158525532528,-0.029477307082333204,-0.07816447496090684,-0.043317549518853304,-0.054425462306696315,-0.019039859570308515,0.0,-0.0900590520422847,-0.055368382602222044,-0.09208614035553458,-0.058066114454764006,-0.09150391642101635,0.0,0.0,-0.01694471370049272,-0.05035215032792806,-0.09302756354052771,0.0,0.0,0.0,-0.049512237513492985,0.0,-0.04768514555714276,0.0,-0.06984870355870731,0.0,-0.039534690122142835,-0.039322580108039906,0.0,-0.03453691094972705,-0.07691441942947208,-0.07407869319450294,-0.06748456699686489,0.0,-0.06117054287851664,-0.053165789869058844,-0.06767434242152082,-0.05976984833318921,-0.010412769551352008,-0.09210156309102607,-0.08991533843293004,-0.045487657875754206,-0.00010094846148739345,-0.04971582649053674,0.0,-0.06654425291775778
-0.07007793365329346,0.0,-0.04943436099927112,0.0,-0.02907671933380873,-0.0433137424788394,-0.03410321962401908,-0.06444943192427205,-0.05379879738035043,-0.018279558205719193,0.00021511973789978267,-0.021185797489536473,-0.03393712324389969,0.0,-0.06438918560213042,-0.04656984157157612,-0.03741269292567384,-0.055268959718926036,-0.0280805565942851,-0.03604219583684537,-0.06872142549695204,-0.04738856476636644,-0.07176769941571509,-0.01988934005693066,-0.0595087716330413,-0.041678196207250995,-0.0430982070385556,-0.042355582035196626,-0.029080825844612856,-0.040894449851806236,-0.048866962919302814,-0.02436997838404731,-0.057227592681861894,-0.03600086351898463,-0.03678304578650199,0.028127716388146318,-0.034887246376733794,-0.00032168744902177915,-0.05273947492392844,-0.0690137803672935,-0.05363972636268277,-0.06923341864502686,-0.025863946211425015,0.0,1.4334655855319234e-05,-0.09712328879501136,-0.07370946925134608,-0.0040374134728197175,0.0,-5.551115123125783e-17,-0.0724589105982093,-0.05260474935835957,-0.09015226818853628,-0.06285750270156953,-0.06887659286562114,0.0,-0.022147287756680678,-0.03236583369722623,0.0,-0.07304847863154323,-0.06898873321469584,-0.06787927978342939,-0.07070410845314429,0.0,-0.06626702151850167,-0.10617937321478849,-0.05356253399742156,-0.09767627655854932,-0.10239742000071012,-0.09120462705587101,-0.07613431331832626,-0.08860315272285058,-0.10212102071287588,-0.0802983441173209,-0.016098184103749746,-0.04866856190808988
-0.008186814369630702,-0.04943436099927112,0.0,-0.07446834904978483,-0.049831731931434475,-0.042343233653741874,-0.06904830441387866,-0.0597014919006118,-0.04623963640679901,-0.06931814948835335,-0.0445588857932645,-0.04765574769085168,-0.07682926140926905,-0.02165658889097044,-0.07713283270360288,-0.07299376218796455,-0.03393195698725726,-0.049460906038126806,-0.0299471836586285,-0.055840593104640346,-0.07612104478370019,-0.05365312955645768,-0.06048367628579787,-0.029489949836170315,-0.06944533821093829,-0.06477215901115757,-0.03225135901731202,-0.08695672870844573,-0.07321797201334801,-0.07974498596976726,-0.08482882309668072,-0.06345532601655496,-0.0553981215082166,-0.0733800291001544,-0.05259994213568148,-0.04806986215921,-0.07947630025849844,-0.038064444327991886,-0.08813457016766874,-0.014282651795257062,-0.08287059196309643,-0.026985966819924267,-0.06589309755636369,-0.007249323627088855,8.750142907465452e-05,0.0,0.0066636885766027665,-0.013748949025061019,-6.218079642744678e-05,-0.06459251411247785,-0.1001535008118567,-0.08596177965510976,-0.044021247172135236,-0.0644742495295979,0.004294714979895087,-0.0591769366568477,-0.005290626662313946,-0.08680274122877168,-0.053806028699390385,-0.08625250162587705,0.00010903898986830418,0.0,0.0,-0.06467220514284466,-0.03872056157443077,0.0007108241192802511,-0.055751625311781405,-0.055441571781783494,0.0,0.0,-0.040071499570721314,-0.0787078598136306,-0.08248947686279179,-0.10609924890187267,-0.045173533503678476,-0.08045966504550511
0.0,0.0,-0.07446834904978483,0.0,-0.030517697961150614,-0.03960237014288748,-0.03439440725745363,-0.061345731527949865,-0.06737089383580008,-0.1520658385979164,-0.11548296490332882,-0.013570447839880873,-0.07542404300869016,-0.04202895433513182,-0.009679858176632639,0.0,-1.9079989308223855e-05,0.0,-0.030946762137121553,-0.04128710438644706,0.00026619476002331943,-0.03308853333277895,-0.08252396213748592,-0.0015215176026412425,0.0,0.0005700838832337074,-0.06391781305301564,-0.022939295832285544,-0.008899079551609124,4.409128088117553e-05,-0.08115793379599523,-0.06123472456672263,-0.03843566428355277,-0.08085777114337062,-0.0802128308198114,-0.03446283002845707,-0.03209766380540208,-0.017894989692361474,0.00021134773550512964,0.0,-0.0001715738763842789,0.0,0.0002721036568288371,0.0,0.0,0.0,0.0,1.229124879381649e-05,0.0,0.0,1.2122006898762638e-05,0.0,0.0,-2.877539609830171e-05,0.0,-2.945874181997654e-05,0.0,2.1662127301924627e-05,0.0,0.0,0.0,0.0,0.0,0.0,0.0,0.0,0.0,-0.04783049597035477,0.0,0.0,0.0,-0.0037943302954456803,-2.820492038979605e-05,-0.00011093352864294248,0.0,0.0
4.7744780067637826e-05,-0.02907671933380873,-0.049831731931434475,-0.030517697961150614,0.0,-0.03828088566241228,-0.039742387155057846,-0.07445820892302929,-0.05275736170145073,-0.04039947905788338,-0.05556332826013455,-0.0195845882072459,-0.05694093123984517,-0.06499598970505466,-0.04175831782525191,-0.05441625631347502,-0.04264812769755527,-0.03923817177058048,-0.06490606367575025,-0.03838518041283978,-0.08354711902378675,-0.03981749271447771,-0.0810671609064918,-0.012537237034931259,-0.022963465691212104,-0.03086955835573546,-0.045988753924685544,-0.058016725825812576,-0.038502336027291084,-0.04638950606981196,-0.06231625260767154,-0.028975015394095804,-0.06451265251875171,-0.05931565670654443,-0.030156518743581107,-0.07640072997486097,-0.0787641164363562,-0.06666018272818852,-0.04787986141184514,-0.0064133275474126394,-0.0717157771245609,-0.0012834201216334051,-0.07996001177408762,-3.0254969664689213e-05,-0.009593845496137898,0.0,-0.015402036774496253,-0.10130995231703827,0.0,-0.06000620040330612,-0.11057639875197878,-0.10616429925696769,-0.06524880368927155,-0.11206313837175852,0.00041348316632966453,-0.07216436978138763,-0.04078048662103184,-0.10837484564979033,-0.04783242193944254,-0.028669125756487057,0.00011403250171110324,0.0,0.0,-0.11907329814709228,-0.050958414156160814,0.0,-0.04580975972317042,-0.09565787672174503,0.0,0.0001399992543575923,-0.02968622685550526,-0.11287836154960496,-0.1068144048796199,-0.0823947151264644,-0.04375717765610737,-0.085264687459152
-0.05402879408092509,-0.0433137424788394,-0.042343233653741874,-0.03960237014288748,-0.03828088566241228,0.0,-0.045744024690850926,-0.08110510881003191,-0.046559369417422836,-0.04792791307577854,-0.09196484386197029,-0.04960526327843956,-0.041234881754992125,-0.06175062649552987,-0.06069221099099015,-0.052262109424787595,-0.037889425668162,-0.05370045071371621,-0.07268202161000725,-0.047723283054255605,-0.07971069096639327,-0.04379991428323543,-0.06483241197030065,-0.028318157105026387,-0.044702927257736,-0.05033907627782974,-0.04704204363612924,-0.061192366747760185,-0.03445221895772471,-0.06988837347485927,-0.06882313875293583,-0.03828632946368432,-0.04343573853324234,-0.05461956155709252,-0.03348434358486957,-0.0535353532022349,-0.061882811781443836,-0.041148684112064904,-0.0984736753081043,-0.05397826321988486,-0.09519530151820521,-0.09144049175067814,-0.05266256815359649,-0.06270363011321478,-0.004754676993749207,-0.04152576743647196,-0.05473803240881764,-0.09299619781020535,0.0,-0.04880613641495357,-0.10664413843202841,-0.0979242391539138,-0.06126526601028898,-0.10771944325594868,-0.052020790143738616,-0.07960213035802233,-0.022116868031119508,-0.10202353202581022,-0.06100968651588795,-0.09207079308021676,-0.040948773823433315,5.551115123125783e-17,-0.02874287208970977,-0.09031402851241399,-0.11473287662173937,-0.10829475204667688,-0.06307563564183921,-0.07290477235700982,0.0,-0.043189310038341755,-0.06056755722272594,-0.093359434145448,-0.11545885460206967,-0.1320741687513456,-0.07447105930448283,-0.0768004157143849
-0.06142946448286668,-0.03410321962401908,-0.06904830441387866,-0.03439440725745363,-0.039742387155057846,-0.045744024690850926,0.0,-0.08299148819395136,-0.0600951855659313,-0.02626788434404581,-0.08137831964255715,-0.009149171515863697,-0.04525505575031619,-0.03124601186056203,-0.046380097709158685,-0.048179255740508575,-0.03269927788495103,-0.038230744082665524,-0.0906097990078843,-0.042114971757534425,-0.07378803014141583,-0.03527788515575375,-0.07982252437209347,-0.011018542700214407,-0.0381323837256633,-0.04658165072691217,-0.05686099202539119,-0.05909548115321339,-0.04372319647538386,-0.055944009522419125,-0.03768133257772549,-0.027962005959253078,0.016441695383076937,-0.022511162020848685,0.0014853268735083858,-0.046130896288329115,-0.058374078749080904,-0.039849601055978734,-0.07521635654239173,-0.03180900993615415,-0.0738091149903885,-0.03538047151073076,-0.08623469407729328,-0.0006248678522441375,-0.0018080125480025022,-0.00012156512041966439,-0.052060194411254035,-0.09801403423582072,0.0,-0.09080213168536949,-0.11282938128534226,-0.10676635232165904,-0.06762621773867089,-0.109218505056009,-0.020613764913467336,-0.06070306023500538,-0.015280625363689404,-0.10536000998157175,-0.04954926094307627,-0.0725011447084048,-0.034988762870361456,1.1102230246251565e-16,0.00010745331768641231,-0.10124187831378317,-0.08015486685123602,-0.06031701963279923,-0.04521713438741415,-0.0799017237789501,-0.018123391800134114,-0.040489852793064274,-0.044442544251963256,-0.09246621917401943,-0.1062518305661086,-0.09041484104352032,-0.08708489340805514,-0.07540356550059896
-0.03857609657708849,-0.06444943192427205,-0.0597014919006118,-0.061345731527949865,-0.07445820892302929,-0.08110510881003191,-0.08299148819395136,0.0,-0.09544101209196998,-0.056864553695472775,-0.09213196535606574,-0.03901093270425937,-0.08420127094411523,-0.058739741790028166,-0.08648131497287831,-0.05830756682032695,-0.03590048554959219,-0.04604965829509178,-0.08613484461418852,-0.06067107092226953,-0.0658854624124584,-0.06263968743326775,-0.07976576098552485,-0.050974635416927316,-0.032081370704804046,-0.04532847851803262,-0.09009534232133448,-0.08823598348546557,-0.08128478304591147,-0.08642819922298794,-0.08512209434932871,-0.03537921753435913,-0.04930578981808981,-0.06757954690728385,-0.05346580226102193,-0.04956712814470138,-0.1306210558072195,-0.07311953072538013,-0.0633476804789056,-0.05574525359764515,-0.05527509695132704,-0.05083681450723182,0.004765421648668833,2.810417488507966e-06,-0.00015815450301098766,0.014437110102092865,-0.03895939139452681,-0.05831098975278154,0.0,-0.0455748884348699,-0.07710644533876543,-0.06826332023712178,0.05038550568584421,-0.07307944251272419,-0.008348098747270216,-0.04156717892466183,-1.1102230246251565e-16,-0.06879529854540883,0.014506071839649304,-0.10241361768228019,-0.052999994675475004,0.0,-7.384889603001543e-06,-0.07072443048163662,-0.11157606651545138,-0.10648061259341529,-0.07540116386460755,-0.02240247139764384,6.819564394694444e-05,-0.033557771007593884,-0.08157276931808205,-0.08279935423023749,-0.09224398250914417,-0.10735242298133746,-0.06815270976818677,-0.04401018688351155
-0.031157500315008024,-0.05379879738035043,-0.04623963640679901,-0.06737089383580008,-0.05275736170145073,-0.046559369417422836,-0.0600951855659313,-0.09544101209196998,0.0,-0.08296924882516077,-0.06508763526988967,-0.05225095298925997,-0.09041214424850702,-0.0750971890609205,-0.06016651094513897,-0.06172304861434352,-0.06802812928400037,-0.059740379891005446,-0.041516176966081564,-0.06171735258900013,-0.08965362579684932,-0.05788524930603517,-0.07387993948621696,-0.06614787610126888,-0.06038650038922211,-0.06868873513704277,-0.05202945375901524,-0.09524105259678706,-0.06533917066316058,-0.0870728430565868,-0.09947404698837509,-0.07799672100847466,-0.07842638735586172,-0.09172666289467762,-0.0670116295222995,-0.09696559767152302,-0.08785587065091965,-0.07340846752563002,-0.08079274622831145,-0.022238867816297025,-0.08377000892216818,-0.05563549943296464,-0.08562018804799693,-0.021096989315017134,-0.02184546855958991,0.0,-0.04229052609420708,-0.08858546499787623,-0.005729877831736507,-0.09056579669223064,-0.11476422880222253,-0.10428294401078081,-0.08606865969828131,-0.11457566725682644,-0.026465890147961357,-0.09666407988592157,-0.015538381745209495,-0.09793513775553103,-0.09315329158390762,-0.0627154285491981,-0.02661753079102075,5.551115123125783e-17,0.0,-0.1151054793203859,-0.07690637099109698,-0.07065681859902267,-0.06238700294500332,-0.09200273349696092,0.0007820172344822907,-0.003019279618500348,-0.05913318275449786,-0.1195214533587079,-0.11958835922422217,-0.0759011033336891,-0.07892620203617207,-0.09518007696132608
-0.038679022592064016,-0.018279558205719193,-0.06931814948835335,-0.1520658385979164,-0.04039947905788338,-0.04792791307577854,-0.02626788434404581,-0.056864553695472775,-0.08296924882516077,0.0,-0.08050772931292122,-0.02825912311583073,-0.033069200334230775,-0.041634096266361775,-0.011088881574817577,-0.01801388649324681,-0.03576175505871454,-0.03161911625472913,-0.08709203874820143,-0.011196335193887297,-0.04593475722710899,-0.03661076316809031,-0.06287140167690553,-0.056353647435044174,-0.006282372441143325,-0.03554787476980731,-0.048870627668696154,-0.027476619940258185,-0.034692235572522045,-0.03863374181842172,-0.03404673044354767,0.018194263334906258,-0.01993985582261565,0.002440208699998725,0.020975081072554358,-0.03497924905627742,-0.062223345981214484,-0.03852180343729772,0.06330977328677423,-0.10025128702678981,-0.024202203637911812,0.008907614816829779,0.0014055340697278207,-0.005182354708232195,-0.09050874240914103,-0.02380213961747174,-0.07460334251556677,-0.034308941304487695,-1.1102230246251565e-16,1.6653345369377348e-16,-0.07530027873030942,0.0001466382035369418,0.000666162573196849,-0.04336310734110693,-0.09905298730167916,-0.005152116404222362,-0.08718043729924996,-0.025890331455003746,0.0,0.0003391757429157538,-0.04584923784236494,-0.06760410290676855,-0.04950924521942773,4.4454361813328624e-06,-0.03137429527207408,-5.617196040930139e-05,-0.07258622456068359,-0.0749993198156369,-0.05141112054768626,-0.06350038423554977,-0.060202354615289666,-0.07433486598585076,-0.10688616305847848,-0.04040286148303168,-1.1102230246251565e-16,-0.0753989329782373
-0.00031756209786404366,0.00021511973789978267,-0.0445588857932645,-0.11548296490332882,-0.05556332826013455,-0.09196484386197029,-0.08137831964255715,-0.09213196535606574,-0.06508763526988967,-0.08050772931292122,0.0,-0.05393615645196359,-0.09267629294675306,-0.03396015166943139,0.0,3.3390052002202353e-06,-0.04051614204900306,-0.046304070148958376,-0.049783614331684156,-1.5345629740537436e-05,-0.04561374198635504,-0.02525681320247508,-0.06761553960538066,-0.04986404500042885,-0.055936391145714304,-0.04012393278381132,-0.0687538032728639,-0.10407991689990043,-0.056662804761453966,-0.07380297030763744,-0.12008175333005477,-0.0839438309332809,-0.04232936284493255,-0.10218713471122348,-0.06748880976478988,-0.06140607753465627,-0.1693163493439763,-0.06378498012666667,-0.07568074421311288,-0.005713839073638205,-0.07826599076615709,-0.012249604485361387,-0.04730241036338689,-0.0002630724481861857,-0.006718013664699041,0.0,5.551115123125783e-17,-0.023326229084570993,2.693179703355808e-05,-0.03800031975138657,-0.1191208617959914,-0.08577330552841456,-0.0683633944726939,-0.06400087816229494,-0.014313880933000234,-0.016301260202280343,-0.04164300717935493,-0.08370526409306178,-0.044459924373023096,0.00015228100029812675,0.0,0.0,0.0,0.07994890853918707,-0.015335886127893827,0.0,-0.016733264894318145,-0.07540987419087719,0.0,0.0,-0.00359080635491843,-0.09375016381025103,-0.09824855866183307,-0.0753021174173849,-0.00033143527471202194,-0.08044360446745297
-0.039844983110979115,-0.021185797489536473,-0.04765574769085168,-0.013570447839880873,-0.0195845882072459,-0.04960526327843956,-0.009149171515863697,-0.03901093270425937,-0.05225095298925997,-0.02825912311583073,-0.05393615645196359,0.0,-0.022150045524616413,-0.04336694607691005,-0.019943977056024464,-0.02753191243275399,-0.03188499210146051,-0.019641389409423726,-0.05233416419733433,-0.012876383637989597,-0.048461480373348464,0.02883153866048288,-0.017927349979804386,-0.03377730794070641,-0.00813535992886405,-0.0324024761294775,-0.042881384215839036,-0.004013329592073123,-0.01881002705865381,-0.020745228172561747,-0.03561342527484612,0.02517913732313881,-0.03423033082377708,0.011123822956917495,0.019410458508563544,-0.021673778303870406,-0.0012737833189364611,-0.009927463818092147,0.1159998612559986,-0.09367746306113078,0.00746351890498409,0.03033717954809728,-0.018401016730391018,-0.012116425964621425,-0.06350314920298128,-0.029324027804177644,-0.04645012208007726,-0.004237510127949873,0.0,-0.00021915136843847494,-0.0016168719806447518,-0.001298100812443137,0.0,-0.005937841482262229,-0.09014962375678587,-0.012470590460008812,-0.07199803360120399,-0.01692905811719031,0.0,-0.009558275281233652,-0.048615605330216805,-0.0696621350055297,-0.049783358652217446,0.0,0.004141225396287418,-3.396036673430913e-05,-0.011054971722530893,-0.04995626015983051,-0.03458350416424266,-0.05813062829956317,-0.054350896144698846,-0.04428625512935813,-0.0568295103793951,0.01162091501031598,0.0,-0.06199929905559143
-0.04809363458898114,-0.03393712324389969,-0.07682926140926905,-0.07542404300869016,-0.05694093123984517,-0.041234881754992125,-0.04525505575031619,-0.08420127094411523,-0.09041214424850702,-0.033069200334230775,-0.09267629294675306,-0.022150045524616413,0.0,-0.0596039052706559,-0.05602705807034675,-0.053082075911560334,-0.03009057094875789,-0.04680870264060222,-0.09904387640171519,-0.0456189110522337,-0.072047787688097,-0.03614779655369782,-0.077010623825012,-0.03317991402962972,-0.036759205956663876,-0.03969255657811227,-0.056422946014836495,-0.06522109450818342,-0.042395152983618845,-0.07968132569960196,-0.0574178247397244,-0.03255894234858481,-0.031567101242539586,-0.040075804708873675,-0.01769299111887246,-0.07209005041085104,-0.07672002795324334,-0.050864214126902896,-0.08263382368947886,-0.020613778066562893,-0.08346462303742391,-0.04465072150068544,-0.07365772774936458,-0.017094808836794262,-0.01939884755261928,-0.015999670683414735,-0.04924128521196092,-0.10280187393669366,0.0,-0.09365355793687069,-0.11500954658097634,-0.11167066913869272,-0.08220340792432801,-0.11693023382913126,-0.04855789778561248,-0.07466150212869754,-0.028872872223014878,-0.10245560078097116,-0.057944995741649796,-0.04933442881331079,-0.0624101059369227,-0.03009106859937427,-0.03935910362150241,-0.10494035529178886,-0.08554158083887092,-0.08850575660900911,-0.049279978616702025,-0.09617133956166979,-0.002206735839838214,-0.03835177787395455,-0.04461433904919421,-0.10044429847046665,-0.11530846202388012,-0.12571635458817715,-0.11519091309903978,-0.09668753352770432
-0.02411640501462109,0.0,-0.02165658889097044,-0.04202895433513182,-0.06499598970505466,-0.06175062649552987,-0.03124601186056203,-0.058739741790028166,-0.0750971890609205,-0.041634096266361775,-0.03396015166943139,-0.04336694607691005,-0.0596039052706559,0.0,-0.0021836555601296714,0.0,0.0,0.0,-0.04698148929372853,0.0070487530986262925,-0.03760783382402627,-0.003906063895703582,-0.04363323749256737,-0.0003983190765040612,-2.629081193206151e-05,-0.022488825652209332,-0.062374708072292284,-0.04448230779798279,-0.06794595914013091,-0.0001361367592877527,-0.07524150524515894,-0.06516634527332119,-0.0024510414586914053,-0.0847983949428468,-0.0677045288757876,-0.04891313616424928,-0.020765652738173157,-0.0762803662420814,-0.024356296490572305,0.0,-0.0010110069627061735,0.0,-0.05731065633558863,0.0,0.0,0.0,0.0,-0.0804764534595181,0.0,-0.027604320914235925,-0.09660947672043474,-0.05245877573500901,-0.038597574987072114,-0.05414437910296316,0.0,-0.070604091285358,-0.00045534366260557846,-0.053918726196367284,-0.028112215279252617,-5.551115123125783e-17,0.0,0.0,0.0,-0.06735867672525114,0.0007190025723382565,0.0,0.0,-0.04339946324874394,9.798698888202617e-05,0.0,0.0,-0.04955094728274456,-0.06254052415430728,-0.00745578581787143,0.0,-5.551115123125783e-17
-0.03690251369860198,-0.06438918560213042,-0.07713283270360288,-0.009679858176632639,-0.04175831782525191,-0.06069221099099015,-0.046380097709158685,-0.08648131497287831,-0.06016651094513897,-0.011088881574817577,0.0,-0.019943977056024464,-0.05602705807034675,-0.0021836555601296714,0.0,-0.0647986873702735,-0.05434332694043226,-0.07463729722004164,0.0,0.002633663571125544,-0.03694271827847517,-0.041177785316027005,-0.025901288384931442,-0.03185187705241371,-0.08218019407061972,-0.021339523697632534,-0.010534312482572139,-0.06471453394569637,-0.048497578118621376,-0.06513335572075418,-0.04844006450017646,-0.007758573018075254,-0.05536777547879945,-0.04070037410250815,-0.040864022544574996,-0.015208644838734853,-0.03584210503227281,-0.008961383428024217,-0.022393145290699246,-0.03971461844632296,-0.040531967696216475,-0.034479969378006015,0.002564541008556853,-1.988287688126089e-05,0.008607699520707335,-0.0421086534256348,-0.06494718268384808,-0.020812232897998162,0.0,0.0,-0.08136194485711612,-0.04129532796634122,-0.08171987673832515,-0.07179985056922766,-7.878214209533496e-05,0.0,-0.004142875493380882,-0.0555558114990784,0.0,-0.03724536230575992,-0.057860333037851985,-0.0003165036713448921,-0.024929872508729523,0.0,-0.0635488244256216,-0.06575995439162174,-0.03963300917329321,-0.09483730794308742,-0.016255690639958353,-0.052613912380652994,-0.04858928479998614,-0.07703472167408637,-0.07606970157770826,-0.0949182230504616,-0.054804044677316976,-0.05668495975097748
-0.05171796695542247,-0.04656984157157612,-0.07299376218796455,0.0,-0.05441625631347502,-0.052262109424787595,-0.048179255740508575,-0.05830756682032695,-0.06172304861434352,-0.01801388649324681,3.3390052002202353e-06,-0.02753191243275399,-0.053082075911560334,0.0,-0.0647986873702735,0.0,-0.02606963702415016,-0.05745553069522091,-0.0008330665747358079,-0.03991828779688633,-0.07110955782838096,-0.06427742127295161,-0.0669797464527091,-0.03461428693620855,-0.0361551716390105,-0.050352618160496077,-0.04561072828740692,-0.05822781474962602,-0.03631078765695056,-0.05298905971823026,-0.02555982148342567,-0.004950904544377688,-0.018417702872154385,-0.021419373598669356,-0.027750106916192507,0.002672262706439943,-0.010675889469546562,0.025869984323144912,-0.05347354134716964,-0.06848053146794164,-0.05198281818693601,-0.05787008378147607,-0.014870115435991427,0.0,0.0,-0.08047188106265474,-0.06858927252974345,0.0,0.0,0.0,-0.06898355017038382,-0.028295683768458813,-0.0951261722998098,0.0,-0.04696826316530406,0.0,-0.05829926092255111,-0.0502510469201044,0.0,-0.05203676331770496,-0.06403218531232335,-0.04016539502213273,-0.05738380207817889,0.0,-0.08256709391847317,-0.10036661948078662,-0.04979322593370006,-0.09572732948157653,-0.08168817413562984,-0.08194038630589778,-0.07102904581655983,-0.08081427464742935,-0.05083164674782448,-0.07898815996216974,-0.00012921709307711637,-0.053517845734849856
-0.03168177051716914,-0.03741269292567384,-0.03393195698725726,-1.9079989308223855e-05,-0.04264812769755527,-0.037889425668162,-0.03269927788495103,-0.03590048554959219,-0.06802812928400037,-0.03576175505871454,-0.04051614204900306,-0.03188499210146051,-0.03009057094875789,0.0,-0.05434332694043226,-0.02606963702415016,0.0,-0.055284729294062585,-0.040019431882011514,-0.03744586270357658,-0.023442460668493426,-0.0271122821876158,-0.06197361378458355,-0.0236554736839113,-0.01447821114037906,-0.03431505622992925,-0.033531876984446984,-0.028753767878971215,-0.027496327151945277,-0.014542013385578256,-0.0197840880113494,-0.0057684003410283236,-0.020749844116911276,-0.007437757817419399,0.008169738712957508,-0.049798067490200104,-0.018888662568731007,-0.035337534612007615,-0.030202486471713585,-0.0789788721379106,-0.04942948669778685,-0.031215979481416856,0.0,0.0,-0.056082439151121766,-0.036538207643020515,-0.07993036430274558,0.0,0.0,1.6653345369377348e-16,-0.000241647531783018,-3.979829702321913e-05,0.0,0.0,-0.08669147969098773,7.063129387413492e-05,-0.07918016304423925,-0.017184144998494744,0.0,0.0,-0.039934629266666966,-0.06559462014819678,-0.05476664707045448,0.0,-0.00012967201885305535,-5.551115123125783e-17,-0.06281578081478384,0.0006592344752556212,-0.03980410859017208,-0.06294033240935792,-0.05204330562018156,0.0,-0.03485475279994027,-0.02225337026379509,0.0,-0.050842969755208356
-0.04859174104016967,-0.055268959718926036,-0.049460906038126806,0.0,-0.03923817177058048,-0.05370045071371621,-0.038230744082665524,-0.04604965829509178,-0.059740379891005446,-0.03161911625472913,-0.046304070148958376,-0.019641389409423726,-0.04680870264060222,0.0,-0.07463729722004164,-0.05745553069522091,-0.055284729294062585,0.0,-0.04646687043175213,-0.03465104489307458,-0.06876338531974391,-0.049524073663305745,-0.04719204950026079,-0.029301153894351895,-0.05242878990287242,-0.032144473725588485,-0.04673450988563621,-0.04474361019414019,-0.040358708546548494,-0.03742489587855535,-0.019771201792405546,-0.024439965745918946,-0.030801849187857888,-0.01604151996063019,-0.019088155869984247,-0.025931661928259298,0.0,-0.02473301824522256,-0.0494647384934237,-0.06547456918135336,-0.05229933192700997,-0.062363408724640634,5.551115123125783e-17,0.0,-0.028921930972323207,-0.062104601683067306,-0.07289086079245322,0.0,0.0,0.0,-0.05028882035108323,-3.73747072752173e-05,-0.0507829873032965,0.0,-0.06103640659955989,0.0,-0.05708421812896891,-0.02550616794958338,0.0,-0.07702342748190144,-0.06357492351627658,-0.047351713418332386,-0.053052037486223336,0.0,-0.09196274948438671,-0.10841933264207021,-0.05633037250653855,-0.04767580192237397,-0.042561410711513536,-0.06383832645192983,-0.05758555777660357,-0.0829463108218011,-0.05190058147836746,-0.049214573653239224,0.0,-0.06037693063472904
0.0,-0.0280805565942851,-0.0299471836586285,-0.030946762137121553,-0.06490606367575025,-0.07268202161000725,-0.0906097990078843,-0.08613484461418852,-0.041516176966081564,-0.08709203874820143,-0.049783614331684156,-0.05233416419733433,-0.09904387640171519,-0.04698148929372853,0.0,-0.0008330665747358079,-0.040019431882011514,-0.04646687043175213,0.0,-0.036823942500437135,-0.036623930627840584,-0.05794666660946135,-0.05880608021283437,-0.03706881318161587,-0.05507022242915499,-0.05000593791474339,-0.06557511019918072,-0.11005551836884087,-0.08304696631466224,-0.09460501999677962,-0.108486350893165,-0.08318544390287264,-0.04190309675009063,-0.09897887023845292,-0.08107887291382299,-0.07287263022987761,-0.10278603990312912,-0.05017881567803345,-0.11179182173551722,-0.012179012085555385,-0.05654214462372886,-0.0020233826607973793,-0.07412974092775082,5.551115123125783e-17,-1.6653345369377348e-16,0.0,5.551115123125783e-17,-0.01852855972186951,0.0,-0.09785698190234432,-0.12398365795733085,-0.09253042570059122,-0.07721253206336504,-0.11622156319994137,0.0006687111689372971,0.00908001530597946,0.0002561085539414809,-0.08659832133331907,-0.08661813263856438,-0.00039076089332978903,0.0,0.0,0.0,-0.10308280041522172,-0.033908042417591044,0.0,-0.007693209656206845,-0.09428446143774238,0.0,0.0,-0.0035840506305735986,-0.11963566394977776,-0.11592010617608467,-0.13795361279548302,0.0008849621775192107,-0.10562819681544483
-0.03711662408233446,-0.03604219583684537,-0.055840593104640346,-0.04128710438644706,-0.03838518041283978,-0.047723283054255605,-0.042114971757534425,-0.06067107092226953,-0.06171735258900013,-0.011196335193887297,-1.5345629740537436e-05,-0.012876383637989597,-0.0456189110522337,0.0070487530986262925,0.002633663571125544,-0.03991828779688633,-0.03744586270357658,-0.03465104489307458,-0.036823942500437135,0.0,-0.046040570111372026,-0.03251628729557815,-0.05875670165254243,-0.0027088941463056515,-0.03567971935241626,-0.024037176542822947,-0.03399295041851741,-0.0486502643590887,-0.03578907658015135,-0.027467274279192377,-0.04120403230018577,0.02240881139452444,0.013514857392618485,-0.019704855650878927,-0.00970826820305809,-0.00661546768546506,-0.06026684966975582,-0.014074486935451547,-0.06372733546449483,-0.039366043402995765,-0.07567190341095076,-0.06113554846265706,-0.01682842392665973,0.0003283864165046779,-0.0046037169474634765,-0.08217643006114989,-0.062031362139460144,-0.1401500181877285,0.0,-0.005528510999258551,-0.10548742424141572,-0.057209081827744035,-0.10876223306361193,-0.053874884791712874,0.0011759150344330394,-0.026090492861699843,-0.0016336500959398537,-0.11513398737197522,0.0,-0.07884303055288844,-0.05254903868711275,-0.0042599522731852635,-0.04227655851622181,-0.010698247225923607,-0.0928357986682154,-0.08800535341808874,-0.05336085935311535,-0.12028876430770158,-0.0014557357113448854,-0.05439634588383219,-0.05964689294225611,-0.12120006827368518,-0.0801929718094832,-0.11683694076896389,-0.0795945406954166,-0.09523802251288427
-0.03755240352791789,-0.06872142549695204,-0.07612104478370019,0.00026619476002331943,-0.08354711902378675,-0.07971069096639327,-0.07378803014141583,-0.0658854624124584,-0.08965362579684932,-0.04593475722710899,-0.04561374198635504,-0.048461480373348464,-0.072047787688097,-0.03760783382402627,-0.03694271827847517,-0.07110955782838096,-0.023442460668493426,-0.06876338531974391,-0.036623930627840584,-0.046040570111372026,0.0,-0.0656153241098521,-0.05285910215369549,-0.06693841777626297,-0.06814099715921179,-0.04003801275889385,-0.0668259091810573,-0.07725779070723504,-0.059110665146689945,-0.07644894818067804,-0.054939423071131754,-0.002263941762379096,-0.04869947572006966,-0.04418557782511334,-0.0353679464735247,-0.010718191565885105,-0.05845871315839313,-0.07116899760884304,-0.033181905651088694,-0.04437407945391564,-0.036091804203885136,-0.031365348086937916,-0.010549053152563104,0.0,-0.0004843009749789795,-0.0243695493405629,-0.08264269645131944,-0.12918386711143276,0.0,-4.813032199396661e-05,-0.09422755088951601,-0.061584886752802326,-0.024257809781254025,-0.12630161193272677,-0.05632285113068253,0.0,0.0023290828011867104,-0.10608744943431414,0.0,-0.054045134315109544,-0.060984210385504334,0.0,-0.07910001169788605,0.0,-0.07781366011155211,-0.07858483182400983,-0.044819274823257205,-0.07307887504712696,-0.004069305154737413,-0.08544865889648268,-0.07825922264191876,-0.10559356343152204,-0.08997338410971012,-0.09531832569306187,-0.050160455864654285,-0.05762333877818643
-0.06771640759612313,-0.04738856476636644,-0.05365312955645768,-0.03308853333277895,-0.03981749271447771,-0.04379991428323543,-0.03527788515575375,-0.06263968743326775,-0.05788524930603517,-0.03661076316809031,-0.02525681320247508,0.02883153866048288,-0.03614779655369782,-0.003906063895703582,-0.041177785316027005,-0.06427742127295161,-0.0271122821876158,-0.049524073663305745,-0.05794666660946135,-0.03251628729557815,-0.0656153241098521,0.0,-0.05840409603518343,-0.01980696232341833,-0.053535747256370114,-0.053273909327459845,-0.03261557513841795,-0.03588974876984702,-0.02304656539753669,-0.022645633100321694,-0.041560236390668026,0.012751370367628079,-0.0060745773114631585,-0.024759951524697232,-0.021467085865523705,-0.016754454232797145,-0.013246567808190723,0.020848443418641116,-0.03306631805322874,-0.04319095942470663,-0.04918091488465337,-0.044566304048967886,0.02765242596413281,0.0,-0.010913552041663832,-0.10108634058299087,-0.06002036369522373,-0.06542561888568754,0.0,-0.0003895640297197911,-0.06330528012949493,-0.05249028116892385,-0.07575694069010752,-0.07245899427390895,-0.049566018596632844,0.0,-0.02231066445571611,-0.08469569583131509,0.0,-0.055047036456674026,-0.04810417823982943,-0.03293499509837128,-0.04114996026436224,-1.1102230246251565e-16,-0.05983120576231321,-0.08398611922090343,-0.04984714504993387,-0.08361505092895488,-0.03434702974468534,-0.05735663125721735,-0.06184953344594307,-0.06124691310234176,-0.09693625464560202,-0.0777118840887327,-0.05597117828569431,-0.057964871313663124
-0.01646316470709297,-0.07176769941571509,-0.06048367628579787,-0.08252396213748592,-0.0810671609064918,-0.06483241197030065,-0.07982252437209347,-0.07976576098552485,-0.07387993948621696,-0.06287140167690553,-0.06761553960538066,-0.017927349979804386,-0.077010623825012,-0.04363323749256737,-0.025901288384931442,-0.0669797464527091,-0.06197361378458355,-0.04719204950026079,-0.05880608021283437,-0.05875670165254243,-0.05285910215369549,-0.05840409603518343,0.0,-0.03983697234748679,-0.025107842743888165,-0.05253659946333472,-0.06057033012315971,-0.09054013435817987,-0.08616159709113003,-0.09428050562062285,-0.08514093553215141,-0.058684724146434,-0.044134893836829725,-0.06907957907730977,-0.0626371937748002,-0.07525172107347539,-0.12612195176457675,-0.06833005743677867,-0.09964638676768217,-0.07391411310320017,-0.10251982685583821,-0.0650629248783759,-0.06779664707395033,-0.03317843282629751,-0.024910688723577712,-0.04947872222729194,-0.09866623193564239,-0.07014004255877243,-1.4985398734124189e-05,-0.08516801695127524,-0.1157602439400976,-0.10049711177930787,-0.05863399691894006,-0.10705898617508958,-0.06847430119678732,-0.054691237566045214,-0.03562990654395132,-0.10811645220132782,-0.048372682740398354,-0.10591835902761487,-0.07522305924438633,-0.0145940300633714,-0.03601789127631899,-0.06544342214111831,-0.12161350413954125,-0.10351331425180738,-0.07900183228068847,-0.07255161696067336,-0.01325667599771757,-0.05179510190519371,-0.08543156068088914,-0.11037209688169486,-0.12161456583484281,-0.13638958978526822,-0.11468642870339202,-0.1017989796585046
-0.050414389436063745,-0.01988934005693066,-0.029489949836170315,-0.0015215176026412425,-0.012537237034931259,-0.028318157105026387,-0.011018542700214407,-0.050974635416927316,-0.06614787610126888,-0.056353647435044174,-0.04986404500042885,-0.03377730794070641,-0.03317991402962972,-0.0003983190765040612,-0.03185187705241371,-0.03461428693620855,-0.0236554736839113,-0.029301153894351895,-0.03706881318161587,-0.0027088941463056515,-0.06693841777626297,-0.01980696232341833,-0.03983697234748679,0.0,-0.020591244493670946,-0.006629697762574993,-0.03427770114947798,-0.012403843374512835,-0.024946133261579406,-0.03264744884074494,-0.041909663797075725,-0.03631454400080736,-0.039075757557179513,-0.04509069175104108,-0.026584028203674726,-0.04810486758471394,-0.021231341402643017,-0.03522390503141734,0.055285466725639054,-0.06024343843865404,-0.0043782509234767675,0.015284270496787267,-0.00984394929874055,0.004878015417430437,-0.06455952757480454,-0.0336676331581669,-0.07993246671865939,3.214415989749586e-05,0.0,0.0,-0.02035401315769153,0.015425625529616571,0.00022555757036196722,0.0011736531006316664,-0.0786606093458681,-0.00014571578781547023,-0.04665637248683685,0.022202438041948214,0.0,-0.02403551647591179,-0.06434276189522203,-0.0750203634613722,-0.06076597186818422,0.0,-0.025913228157965262,-0.04332723468196331,-0.06626498303631595,-0.05240166368480864,-0.006049714214878377,-0.06647399598851544,-0.051608912999717316,-0.004775009200536695,-0.03041249931000095,-0.013446243211491904,0.0,-0.057886762671192415
-0.06407486804621537,-0.0595087716330413,-0.06944533821093829,0.0,-0.022963465691212104,-0.044702927257736,-0.0381323837256633,-0.032081370704804046,-0.06038650038922211,-0.006282372441143325,-0.055936391145714304,-0.00813535992886405,-0.036759205956663876,-2.629081193206151e-05,-0.08218019407061972,-0.0361551716390105,-0.01447821114037906,-0.05242878990287242,-0.05507022242915499,-0.03567971935241626,-0.06814099715921179,-0.053535747256370114,-0.025107842743888165,-0.020591244493670946,0.0,-0.03634486765570838,-0.03815540879151824,-0.040416611053701534,-0.03300003553584557,-0.048599525225299145,-0.019485776666684773,-0.03438573663006639,-0.03961619495296853,-0.0158758789827817,-0.025743116578399228,-0.0066089144039854775,0.025813348534913627,-0.016225167050347156,-0.06666137684486145,-0.0795902394187481,-0.06422391289010765,-0.07310313725311551,-0.00032420165539182033,0.0,-0.028164516002523454,-0.079732532532243,-0.09616394223018071,0.0,0.0,0.0,-0.07684108761811975,-0.030700090974386696,-0.07627684681345942,-3.1711178110904736e-05,-0.05893885050559167,0.0,-0.05166683126392191,-0.05620847910268012,0.0,-0.07818242256432828,-0.0801785284156929,-0.04659319972923176,-0.061032538253370294,0.0,-0.07798776823628412,-0.10956695911830944,-0.06492086051497181,-0.1052850811277134,-0.05375206121679926,-0.0822647921616626,-0.07322971865270672,-0.09147316513271936,-0.053594924112013886,-0.08506164970709867,0.0,-0.06986927524326841
-0.037251038618480226,-0.041678196207250995,-0.06477215901115757,0.0005700838832337074,-0.03086955835573546,-0.05033907627782974,-0.04658165072691217,-0.04532847851803262,-0.06868873513704277,-0.03554787476980731,-0.04012393278381132,-0.0324024761294775,-0.03969255657811227,-0.022488825652209332,-0.021339523697632534,-0.050352618160496077,-0.03431505622992925,-0.032144473725588485,-0.05000593791474339,-0.024037176542822947,-0.04003801275889385,-0.053273909327459845,-0.05253659946333472,-0.006629697762574993,-0.03634486765570838,0.0,-0.042000781714115254,-0.0453247848628468,-0.036135269239068735,-0.03525427127409825,-0.042297676768102366,-0.032859196524468004,-0.05618155458109653,-0.04023644006582566,-0.056919387602195726,0.03001747859146442,-0.023073321846052097,-0.021607524789927057,-0.0509137171243344,-0.06846647335735295,-0.057285752489894926,-0.0696834710476486,0.004246791355439206,0.0,-0.03663065205736832,-0.07330828050233373,-0.09062049396581467,-0.07463760454046614,0.0,0.00010643147337296988,-0.07941149564454703,-0.05601831981732652,-0.08465463032974996,-0.0817758824200151,-0.06513688804313938,-3.256934213619056e-05,-0.05544901333988361,-0.05571586807493917,0.0,-0.05597175242153113,-0.07738075026664304,-0.050571656882762384,-0.05258442436988192,-5.551115123125783e-17,-0.07234291729650438,-0.11514574900084795,-0.06455639746539771,-0.09887198811638503,-0.03347221932113881,-0.06706667387979143,-0.0715816818872666,-0.04829158221250579,-0.07354324279693442,-0.08078345742215565,-3.4845783361436844e-05,-0.05764742118371735
-0.03458837765066347,-0.0430982070385556,-0.03225135901731202,-0.06391781305301564,-0.045988753924685544,-0.04704204363612924,-0.05686099202539119,-0.09009534232133448,-0.05202945375901524,-0.048870627668696154,-0.0687538032728639,-0.042881384215839036,-0.056422946014836495,-0.062374708072292284,-0.010534312482572139,-0.04561072828740692,-0.033531876984446984,-0.04673450988563621,-0.06557511019918072,-0.03399295041851741,-0.0668259091810573,-0.03261557513841795,-0.06057033012315971,-0.03427770114947798,-0.03815540879151824,-0.042000781714115254,0.0,-0.07989196339176713,-0.054376216459940396,-0.08322188361759719,-0.06283378269110729,-0.026061716398359747,-0.02020482083149927,-0.04026379096274785,-0.02878634494900978,-0.04479173415250126,-0.05380521662160692,-0.03249385649712849,-0.10064913242539625,-0.050208027745668626,-0.09750557327244785,-0.0659947474894731,-0.053747704033205945,-0.011157715618151987,-0.014493739171890618,-0.0544051784717543,-0.0736732037895666,-0.08318697823635735,-1.6653345369377348e-16,-0.05925143721069548,-0.11568884882637476,-0.10515798214456712,-0.08827879154198309,-0.10479505049980409,-0.0651796047936537,-0.07639895731059493,-0.02567564205622086,-0.11156885947262007,-0.05460544783899074,-0.0895196961259595,-0.06090789702816296,3.14027803966499e-05,-0.033889917272211134,-0.10126867709733639,-0.11745510749520366,-0.11459837862381617,-0.06884904730928726,-0.08807638065908402,-0.013059914306116305,-0.05849317859140618,-0.07028350779180931,-0.11025032027595816,-0.13143753909878636,-0.13698177191467004,-0.08131212505989488,-0.09267045476168217
