0.0,0.05027992107324636,0.016916689063624646,0.0,-0.00011509147476351789,0.07331697381446056,0.07649783972588892,0.0705963781694876,0.051818512433761954,0.043490046320208475,0.03998004643477038,0.03682827253917076,0.0701561688246693,0.022700665832388778,-0.005206239701214255,0.04196073133418249,0.04817191615843647,0.03605908647281769,0.0,0.03907505196932398,0.06553816812306579,0.04500060739942641,0.042323053190701176,0.02463704481428486,0.03987233214481156,0.014097874902954388,0.05574310711138886,0.08290003470363627,0.08582778439958882,0.06323137322446692,0.030051792022637525,0.03519189979772275,0.02328592927401668,0.0419131926781921,0.037648763559115506,0.024879015784259106,0.0,0.02112561821030473,0.050392104140617955,0.05752923939685639,0.06184848485213695,0.04644956136321149,0.0,0.0,0.005229347034741538,0.09527530697079878,0.07021190717464493,0.0,0.0,0.0,0.026455062941490637,0.0,0.02271529222859381,0.0,0.025167417064124842,0.0,0.03661278443118998,0.019637354407517238,0.0,0.014648274716193344,0.047946875815761236,0.03856503791789223,0.04115723172561003,0.0,0.03869779128873263,0.014534061207988502,0.050750344355536325,0.05109852593736308,0.028813652038353732,0.04195015359531856,0.057399019508534155,0.045305037826490924,0.0002433419379292423,0.022323065194709224,0.0,0.050289259362862604
0.05027992107324636,0.0,0.04988784960001519,0.0,0.02996344890274888,0.04012469403712693,0.020417769978708145,0.09060706983840533,0.02760720503643943,0.036978975822105464,-0.0004902325981717692,0.028744217753524703,0.028708323984753703,0.0,0.045676036305132284,0.03346181242534202,0.04726663021776556,0.04121781670825414,0.018395100498751482,0.03289684196127618,0.04983761072312326,0.020117177745599735,0.05546165246737583,0.037003513985434666,0.02918097140492204,0.01952672100709224,0.045493852852089456,0.04164272257090912,0.04385365711825773,0.028661825147604847,0.03448944283993649,0.03637199771246857,0.05681745029630342,0.03637340204652123,0.047754712239482966,-0.0260382398633211,0.0056933641144100156,0.0005958502636649876,0.05309224717152583,0.05966063740205979,0.06132937763140517,0.05842115023906869,0.008704786344644,0.0,-3.455449329237137e-05,0.054870267011549956,0.06466860097236998,0.011034284551716955,0.0,-5.551115123125783e-17,0.046158697661028814,0.013671627374438666,0.043837243262066006,0.03038801723587281,0.010092313849387358,0.0,0.0218100479441094,0.036221167757431394,0.0,0.05884191993968818,0.05181953823965341,0.017595553466075275,0.04301761343241062,0.0,0.04689186371339038,0.051449588495918575,0.057548337237047276,0.04295690337297797,0.02685292407349721,0.05068101832338706,0.05944412935840876,0.04509815070066314,0.01705080666151465,0.04585129069759997,-0.008206848877947537,0.04820259424375756
0.016916689063624646,0.04988784960001519,0.0,0.044084771556642255,0.034945131416549424,0.023372254753746435,0.04271075941887892,0.053594983599777324,0.027636944154614596,0.05427188314481024,0.0640055855303534,0.04937919257735213,0.04727340009602449,0.04917211547010841,0.021047542799370544,0.07243823861723908,0.04343116594714813,0.042782438911148746,0.014075610080421463,0.053322077651167366,0.0538584407712312,0.0544721066226701,0.025423393208673373,0.020537553828463506,0.04802645634003072,0.045626151264728854,0.019343153467192453,0.04860905862171144,0.04066685199358189,0.0561409170923961,0.042325154472607485,0.04664363138755673,0.03232551366630143,0.042879990036547855,0.039819064616416544,0.05279095855937266,0.05569826014842405,0.024013197415343523,0.023779489861155634,0.027341037302810067,0.006812364014810335,0.010180047000058035,0.03484043255413616,0.003327173541165407,-0.00017557841809212604,0.0,0.00036347573397332855,-0.006216126669991107,0.00014989030324613628,0.0710500001158133,0.03715615584747467,0.041795298678951154,0.030889411379519394,0.05722275500802809,0.019624406264917904,-0.0025751031860378193,0.005001597397361612,0.044839050240836675,0.031137380463080344,0.03040514460068855,-0.00026284461113590396,0.0,0.0,-0.01538749462486283,0.0356102093295364,-0.0012961852072877478,0.04177382517362832,0.027492030418142965,0.0,0.0,0.03050755392806237,0.0070086618966467285,0.04430402632441788,0.042301655623470436,0.012183711100337224,0.036788773008317066
0.0,0.0,0.044084771556642255,0.0,0.01779938875457443,0.042226104407405374,0.03345372388834433,0.02353314674525514,0.03100243173857864,-0.021358839724594847,0.02639792360692156,0.005752531049952492,0.02076777102942645,0.03243053050646333,0.006147220605046355,0.0,7.077202496408308e-05,0.0,0.019930013831918614,0.02512793370336608,-0.0004633070736459466,0.000661585986948654,-0.0019568628644774377,0.00786066746775188,0.0,-0.0012973772596582833,0.040386687236745766,0.05244978035708531,0.006050660536848829,-0.00010628450971233994,0.026747607485967773,-0.020899292063402686,-0.05770495012465593,0.017215551389276107,-0.01802894558504642,0.020637690425259703,-0.021105539937274154,0.029211456805618263,-0.0005094655904311352,0.0,0.00041358846843436714,0.0,-0.0004917969257612897,0.0,0.0,0.0,0.0,-2.9628745767229514e-05,0.0,0.0,-2.9220778671845693e-05,0.0,0.0,6.936470896207192e-05,0.0,7.101195221603795e-05,0.0,-5.221777488850776e-05,0.0,0.0,0.0,0.0,0.0,0.0,0.0,0.0,0.0,0.016010421010871467,0.0,0.0,0.0,0.002227823021914599,6.798954521580747e-05,0.0002674115032918478,0.0,0.0
-0.00011509147476351789,0.02996344890274888,0.034945131416549424,0.01779938875457443,0.0,-0.006743474649116732,-0.0012962518442203308,0.029807281590568724,-0.014428335895938671,0.06367428082524906,0.017933568463763205,0.06043539616202004,0.04637476023547871,0.014637073129434519,0.012227554711533029,0.03520063395717188,0.04012602117219016,0.03391480925221879,0.030439836742808868,0.03042974184211472,0.06589276679952794,0.04203735658075547,0.023038459912061493,0.053679029181285975,0.037567182586398906,0.04477303053986459,0.017901741366009083,0.05549320411533554,0.016218360135438648,0.0339555747376426,0.05988451992690391,0.02749555205763754,0.036168895723239836,0.041419091363300964,0.04651106974824032,0.017300077780903478,-0.04056451420971019,0.05031609983797114,0.026291731194315326,0.016700753453435857,0.04050699696010318,0.057849909789060516,0.03479597766468523,7.293130416968774e-05,0.01662533135386618,0.0,0.023961567117631255,0.044524622760827914,0.0,0.054063828803543434,0.03477748882165432,0.03287663720549694,0.02695399300278223,0.039859364144265386,-0.0006847892593913052,0.027704408075100828,0.012688878603037412,0.040099224375056086,0.03160588080084059,0.021189842548211824,-0.00027488175197987186,0.0,0.0,0.026925225885827908,0.047604429671432524,0.0,0.06181526071042709,0.02711186989177128,0.0,-0.00025907528087559806,0.044270237251527234,0.03550882111797615,0.04405577659462878,0.045303018347273516,0.014442852312197885,0.02847136948246476
0.07331697381446056,0.04012469403712693,0.023372254753746435,0.042226104407405374,-0.006743474649116732,0.0,-0.007176305866808508,0.03995185093426157,-0.02052067218331899,0.06049071343057422,-0.016399454393956236,0.05278856966023082,-0.013026912642799648,0.0077684357182951636,0.04431977151510841,0.05420009162011552,0.02805814496415221,0.05712598237834948,-0.004105522478270951,0.04389249251842814,0.046169251673103484,0.04449154370617309,0.03155265070828478,0.07182595704414807,0.05273336195812611,0.038141835361033605,0.009755361929650264,0.01751745817843975,-8.123219425998363e-05,0.03948914594712305,0.023688871503871167,0.03487032329121936,0.04712345518046801,0.027348371516198455,0.02868778890899315,0.020645660014636802,0.03312290496995696,0.03250865054478563,0.029690103867749174,0.014489849496552132,0.03185764733736263,0.03751707596027565,0.05688053463493348,0.04066435215591835,-0.01708746953234702,0.038123017780468504,0.05216715156388674,0.050938190387977866,0.0,0.04305024996431672,0.040380917352534684,0.041894211452425,0.023023096916834906,0.04052427809618886,0.02491162963300153,0.022314066328757987,0.02128936149096,0.038939567302070044,0.01651453504877126,0.04907683148501807,0.043763950947256325,5.551115123125783e-17,0.03074487986832436,0.05120217152856177,0.03731031286476871,0.02765470420157068,0.04741765170441398,0.02592446725188302,0.0,0.055681242402691844,0.04898081952763045,0.029095458473474833,0.037590934004589016,0.0370850916403338,0.031061552454368035,0.03965308573842763
0.07649783972588892,0.020417769978708145,0.04271075941887892,0.03345372388834433,-0.0012962518442203308,-0.007176305866808508,0.0,0.021428595957617813,-0.015702345571297405,0.039115466536494004,0.014080342826558234,0.02570511093684924,0.013067772745669448,0.0005460456716069872,0.03237913760183786,0.031402293140707194,0.03455849741283984,0.04765284750218296,0.022285466459187553,0.03258462828601011,0.03847692461984892,0.026453434074843574,0.03338173224873975,0.04063313553315068,0.038474146388172314,0.020825612853850206,0.02929884108619718,0.04385826450275737,0.0015013336937148014,-0.0017314620569981454,0.04271997767550312,0.006140958283926967,0.025490159836171367,0.00545488104697911,-0.016713337052559285,0.010224939454622772,0.003473648054293732,0.007154399693617308,0.046450272152557426,0.0231908413726985,0.04744559242745128,0.05106770841508412,0.053453676339503486,0.0012029091990823915,0.019629405229217578,0.00019361678441776053,0.03097492930189688,0.04566821337138671,0.0,0.04958609581162443,0.039144561147599566,0.033014104889638074,0.03000584293627495,0.043922261676762164,0.023488134354440693,0.002570572220422229,0.02198250259626594,0.0416797381148063,0.039291482804069355,0.03765694668538527,0.09239385502218556,1.1102230246251565e-16,-0.00025902225925433786,0.031220134732952598,0.038380788025451806,0.03201167457253068,0.0380706728736136,0.02884890243910232,0.01673537093428573,0.014762447650772226,0.03508855795974991,0.030754499248755285,0.03967581126806541,0.04224439800554658,0.03398509824169804,0.040212818553509
0.0705963781694876,0.09060706983840533,0.053594983599777324,0.02353314674525514,0.029807281590568724,0.03995185093426157,0.021428595957617813,0.0,0.04238940880737352,0.05754657020416676,0.07161017978467427,0.062002769423929016,0.04498765604663946,-0.004556240727519978,0.09619419321103728,0.06334991428945602,0.05373019390341521,0.0467754282313631,0.08115540279148092,0.03826082662391139,0.02366015429165752,0.08234373114214733,-0.005551970622112046,0.06436440116145348,0.06374792239182636,0.056892130072922986,0.0378564699988474,0.046164263431231145,0.03516465560088872,0.03509524607871867,0.03344361703618548,0.04987294831062156,0.08929057831107695,0.034386529603389004,0.037427973267027514,-0.014329558982179358,-0.03782751689063529,0.035435079207287556,0.029098377135932052,0.008105444513360371,0.003963576253342982,0.04421308437269533,0.032168097523127936,-6.774669251641274e-06,0.00030103733017688983,0.049037529912579925,0.03631483790262058,0.04119886588156341,0.0,0.06329319279486667,0.03165055565987718,0.027513935982563575,0.02865982238015491,0.0448232396901731,0.015127059585733016,0.015601177198264815,-1.1102230246251565e-16,0.01749808393906771,0.0339306569043773,0.003880309823519834,0.027806293949883987,0.0,1.3354547010291373e-05,0.037133157326801,0.02767084403311254,0.03518733246030337,0.017419927221257847,0.02021389087951614,1.5544664607569647e-05,0.07577209671990892,0.019045024544175115,0.02577574852067649,0.025313528704423938,0.02105378330247437,0.02398555036826988,0.02306036656260202
0.051818512433761954,0.02760720503643943,0.027636944154614596,0.03100243173857864,-0.014428335895938671,-0.02052067218331899,-0.015702345571297405,0.04238940880737352,0.0,0.04151798321515099,-0.0012674838235195995,0.03977211667064923,-0.008873144583609494,0.04325425572176639,0.023308467936894173,0.038689536082567144,0.03372599232177953,0.024417724400472074,0.011169449770768447,0.026396606656936772,0.02484909130457691,0.02804776785711094,0.02472381082748354,0.039981644177506714,0.03510684828480365,0.04102835186218173,0.017994399907970138,0.03783592323993823,0.020954099748863808,0.043670446307098376,0.034090085455454444,0.023978741691168592,0.030129244864639637,0.02761521361942665,0.02397271417589303,0.03007021514622943,0.03688147504994843,0.0353912047622984,0.005988081493912889,-0.0011468573433696116,0.023102512117497143,0.036895032454298704,0.03241258276229797,0.01931319036741419,0.03771406348866507,0.0,0.05429418933976671,0.056860755479765324,0.0029695868264960623,0.05083199420402129,0.0331482413782912,0.033414582313552765,0.02542983754081163,0.04030602763298918,0.052204885578078675,0.027409557068403312,0.014073494152031407,0.03629904205514145,0.029085813520872028,0.037009257419911346,0.018672373516645357,5.551115123125783e-17,0.0,0.042839860728200896,0.031510754691974396,0.018298079475472184,0.043343190665646625,0.025267660158723282,-0.0015005869292190055,0.007152551579356514,0.029535158264577532,0.02725997741036612,0.03738827216304963,0.03778494544855526,0.027384291733743238,0.035082199161744154
0.043490046320208475,0.036978975822105464,0.05427188314481024,-0.021358839724594847,0.06367428082524906,0.06049071343057422,0.039115466536494004,0.05754657020416676,0.04151798321515099,0.0,0.05629737570199511,0.01951323057034421,0.019333592741781924,0.05277986598897927,0.004171509030632903,0.012809597130379269,0.0219565153811212,0.022377018614441302,0.05267276212328659,0.002351851256213733,0.03710505354457222,0.0019279640990652047,0.03602813951490258,0.010841770116869931,0.0329274682391229,0.049185187872357206,0.04586270476298582,0.02414365923780426,0.039779519450992784,0.023069715529497326,0.014107190899607325,0.041364523364438244,0.02883429132114712,0.05002984338885491,0.03923163058159379,0.023034222682291328,0.041992582169692094,0.02128532095332142,0.024672885449927462,0.012113406814832695,0.054279294376623544,0.1080549842832711,0.014175788541640477,0.0018339593893126338,-0.018821218837376974,0.019387233357950895,0.018712631081941766,0.02483440859625685,-1.1102230246251565e-16,1.6653345369377348e-16,0.0426627169327235,0.009494568785836266,-0.0012597117821958603,0.040249924039917895,0.008408285386999559,0.027628966791961418,-0.0017573577491489245,0.08874902805860141,0.0,-0.0005637567775409469,0.03202827416104759,0.01862620906522694,0.020449257794895426,-1.0715973670305523e-05,0.007277671542825381,0.00013540566643521768,0.01716381791448507,0.03694651575719177,0.012934695660695328,0.02109070528631868,0.017532557114632585,0.03697869492820005,0.0215333626115356,0.04160284807934844,-1.1102230246251565e-16,0.020857714133087957
0.03998004643477038,-0.0004902325981717692,0.0640055855303534,0.02639792360692156,0.017933568463763205,-0.016399454393956236,0.014080342826558234,0.07161017978467427,-0.0012674838235195995,0.05629737570199511,0.0,0.041088648085707336,0.04408470494369132,0.0033810305394435525,0.0,-8.048859627463045e-06,0.03945866595656777,0.02297636833325395,-0.006049961341794252,3.699150264180329e-05,0.01997963428523558,0.007477528778760512,0.0536010518776156,0.04939592911123075,0.035994970416567795,0.03374131968639693,0.029334737581572734,0.04492853653308526,0.029811642632664948,0.038894065016966684,0.04453011819407049,-0.0030445214941147714,0.001354356139650681,0.033861810656022784,0.0379214405429244,-0.0020358932988970846,-0.06673146744435454,-0.015061492866400794,-0.0006119265907335025,-0.019606614673141787,0.033919640981311006,0.0036616663670144267,0.04764212857550165,0.000634150916360432,0.00892839933880657,0.0,5.551115123125783e-17,-0.08180733580264671,-6.492060983909198e-05,0.10670138611164998,0.049353701795398885,0.06390983522145499,0.03259733849308322,0.03230719245233826,0.006227966047327116,0.06525452966275958,0.011622108262799968,0.03818947031878045,0.06286038713020314,-0.0003670819067110309,0.0,0.0,0.0,0.01990314284913486,0.03281276406534672,0.0,0.021359542804036402,0.04971552460432849,0.0,0.0,0.007913367536113602,-0.03837485672047253,0.03978542197625923,0.04280860941765363,0.0005167103268919337,0.036569409732073566
0.03682827253917076,0.028744217753524703,0.04937919257735213,0.005752531049952492,0.06043539616202004,0.05278856966023082,0.02570511093684924,0.062002769423929016,0.03977211667064923,0.01951323057034421,0.041088648085707336,0.0,0.02295509397747819,0.02940655126368852,0.0004043770100894961,0.025091917201218394,0.021609220532297135,0.0057411137670475565,0.04616837595501072,-0.008069724898002173,0.05503810384412705,0.017894676612868365,0.0533528951771679,0.009991992481056422,0.003913019397368933,0.01547219806811756,0.03582862251944868,0.014696827521154365,0.032176805338971215,0.025061092301420562,0.026764261160617475,0.008865041035929666,-0.009165411492016107,0.009066894932320713,0.008227435687786278,0.015327251523730545,0.0064807472192752735,-0.0064793430510808325,-0.006578981638248715,0.01418787033625224,-0.02527102524756153,0.032811987857370606,0.02368355010030182,0.010841119591406684,-0.16594529969830796,0.02948310118045533,0.02543281571923378,0.015431188040382238,0.0,0.0004051087553940125,0.02431588503266957,0.01942956727694961,0.0,0.003478623540248138,0.012720575088822184,0.010224845837860708,0.010369003257307885,0.03890013056996949,0.0,0.009316386954604461,0.033349632270178675,0.019241414321424788,0.026393050845946953,0.0,0.0010840717242354136,8.186337198407001e-05,0.007558600165285478,0.020112463352402743,0.01612089819171808,0.013492188940282146,0.022346482733425155,0.016902142086599015,-0.011030016323264114,0.06105281084048919,0.0,0.029004378213945248
0.0701561688246693,0.028708323984753703,0.04727340009602449,0.02076777102942645,0.04637476023547871,-0.013026912642799648,0.013067772745669448,0.04498765604663946,-0.008873144583609494,0.019333592741781924,0.04408470494369132,0.02295509397747819,0.0,-0.00401838512036351,0.051292278845581574,0.037005730787489866,0.024280314827707927,0.044945715840666034,0.03942848211499528,0.031123094173688304,0.04090458672336539,0.029432452332595838,0.03793525689373761,0.04514254065634238,0.04072624952134746,0.017478402248790215,0.03513482358326597,0.010648948959336157,-0.0010385747728175465,0.01408995798928242,0.005708283431157701,0.011056016782339695,0.023126346493211603,-0.0014892882105646543,-0.024762196396637126,-0.002409713543120251,-0.010332510439622355,0.0004865181001014185,0.026828703647542307,0.01559635656807612,0.05545593759148448,0.04787719253518585,0.052037389310132354,-0.008128495134513358,0.023890625898353224,0.012306471644728922,0.04256091495160402,0.044785648802697864,0.0,0.0382486460784216,0.03763098076006244,0.04362157747159179,0.03978503358584701,0.03735545850104982,0.02508712439618055,0.04039355920223553,0.014322242853956335,0.04408603480772533,0.005856859454110075,0.030568991731155737,0.0389937270978582,0.0037583606377866174,0.03256725029168728,0.0333551013081842,0.040226028634531175,0.026454225953411126,0.04420627013736528,0.02857369063611881,-0.004973757074021035,0.03653816254402942,0.03265108260358396,0.031376476514974105,0.04045076745000031,0.04299525076807309,0.038580631196984516,0.03602299452257718
0.022700665832388778,0.0,0.04917211547010841,0.03243053050646333,0.014637073129434519,0.0077684357182951636,0.0005460456716069872,-0.004556240727519978,0.04325425572176639,0.05277986598897927,0.0033810305394435525,0.02940655126368852,-0.00401838512036351,0.0,0.005062332184819662,0.0,0.0,0.0,0.05738701795748702,0.001486452086107759,0.007847517924593594,0.0013243487711804836,0.003996184875769415,0.02652731371170669,6.337547923979114e-05,0.028507635412657606,0.012577707016000028,0.018889858051860275,0.012145879475443877,0.00023758994779654596,0.04057111923601425,-0.08140199998696374,-0.004291741921185477,0.014448954867573527,0.018378649832514915,-0.018007550080082868,-0.012623473185989276,0.037037472486001644,0.01961941714763593,0.0,-0.061455442055270204,0.0,0.03230543590704038,0.0,0.0,0.0,0.0,0.0722359778778422,0.0,0.04381847343487272,0.07855487563224572,0.039522174819404954,0.018446015827585704,0.059104427272313576,0.0,0.032047003534436735,0.000836593249926465,0.02838078539242539,0.009375783693693351,-5.551115123125783e-17,0.0,0.0,0.0,0.025403884477081973,-0.0012784476429444913,0.0,0.0,0.06835849462735555,-0.00023620314183175894,0.0,0.0,0.04350623236893708,0.03358413422301748,0.0026366361537939476,0.0,-5.551115123125783e-17
-0.005206239701214255,0.045676036305132284,0.021047542799370544,0.006147220605046355,0.012227554711533029,0.04431977151510841,0.03237913760183786,0.09619419321103728,0.023308467936894173,0.004171509030632903,0.0,0.0004043770100894961,0.051292278845581574,0.005062332184819662,0.0,0.035429815035458945,0.01550226526570564,0.03874417949809256,0.0,0.04783338629708633,-0.005391783488946367,0.03294034771659504,0.046234520359124176,0.0750642944245139,0.03748491947042837,0.020739481720391084,0.04531013875693707,0.033895286928627755,0.0450755418396272,0.0022133037918439236,0.028476449762067424,0.015727086700238257,0.040460657050165216,0.02553058819172843,0.02427882185707081,0.025447549956263082,0.005388851394822314,0.018589998647479233,0.03294603849232247,0.030787092681138217,0.035066254462649715,0.03553262194287887,0.07644451982069328,-3.896340795306319e-05,-0.0018686087681215602,0.0163364204297079,0.036508083843324546,0.02304928650268867,0.0,0.0,0.039762424484679704,0.047089767503216196,0.039277893781622164,0.024646986130004545,0.00015011154298627538,0.0,0.009246988397434153,0.03552638790825874,0.0,0.03502381468346616,0.033013755906959596,0.0005592700935947437,0.03824926528094563,0.0,0.036790213613883016,0.017363886610258172,0.04590983088312994,0.0235330567002614,0.013120367639052777,0.05363328977314563,0.02847430510464566,0.030873071487678427,0.039446583401653135,0.0415998463574066,0.04166786569057479,0.031303551856981915
0.04196073133418249,0.03346181242534202,0.07243823861723908,0.0,0.03520063395717188,0.05420009162011552,0.031402293140707194,0.06334991428945602,0.038689536082567144,0.012809597130379269,-8.048859627463045e-06,0.025091917201218394,0.037005730787489866,0.0,0.035429815035458945,0.0,0.013005544843392003,0.008527176546454407,0.001504176119543621,0.002135657877456454,0.04156872058859418,-0.013837141574917444,0.04076855558754672,0.016932358143650572,0.003893990011028914,0.03543794537263828,0.047759665996074785,0.04535149219532009,0.04182127076602765,0.0356751208717247,0.0005310288860655432,0.021204978448792267,0.0154096041725173,0.0105714093167531,0.014006651237362555,0.033238143479241145,0.003398573460593801,-0.003567306640338941,0.03921012815833286,0.043802316964490995,0.047969369092456804,0.04718649799797331,0.015300741673140217,0.0,0.0,0.05467598702984422,0.052001974278993,0.0,0.0,0.0,0.03966330782578459,0.01894141054697962,0.014909205960423222,0.0,0.03623114854824033,0.0,0.019752801823049393,0.00896082464397413,0.0,0.03729921461091734,0.042179862172226024,0.019286376130984106,0.03524432296804375,0.0,0.032946633944203496,0.03832504705831424,0.04481310463158317,0.02820113560869647,0.024157160148879364,0.03988748841833906,0.04672359915001162,0.02580359701646484,0.06427991067203864,0.045578420315687984,0.0002351876511392792,0.03865370839498494
0.04817191615843647,0.04726663021776556,0.04343116594714813,7.077202496408308e-05,0.04012602117219016,0.02805814496415221,0.03455849741283984,0.05373019390341521,0.03372599232177953,0.0219565153811212,0.03945866595656777,0.021609220532297135,0.024280314827707927,0.0,0.01550226526570564,0.013005544843392003,0.0,0.001658708829863964,0.03632190307570149,0.029384353806675145,0.048278476297072326,0.016050535583011505,0.0215535959738139,0.036818933588818714,0.011046964544549343,0.026713922859001316,0.02424738809832655,0.03615708869698858,0.0317904877071416,-0.014198493667294199,0.006057138721171862,0.016386931373297275,0.010729769265316158,0.009734619111306408,-0.0017352371615889095,0.030593423166435485,0.007921530572141344,0.03584826653155859,0.03952568595190148,0.03043837294295204,0.013323335980974182,0.04188507576856387,0.0,0.0,-0.009010283201862257,0.0036126620512443863,0.05702426005596534,0.0,0.0,1.6653345369377348e-16,0.01865963291209627,9.59360309331081e-05,0.0,0.0,0.012859324184934462,-0.00017026070211073607,0.017505152233249943,0.013542309817000109,0.0,0.0,0.027425816616328758,0.01935516580990837,0.02390597052068455,0.0,0.024202203765404384,-5.551115123125783e-17,0.04834655812046157,-0.001347988800301736,0.025752038870086424,0.018745179858472127,0.01684459082679135,0.0,0.01908799264910299,0.010204400579197082,0.0,0.016858653537860258
0.03605908647281769,0.04121781670825414,0.042782438911148746,0.0,0.03391480925221879,0.05712598237834948,0.04765284750218296,0.0467754282313631,0.024417724400472074,0.022377018614441302,0.02297636833325395,0.0057411137670475565,0.044945715840666034,0.0,0.03874417949809256,0.008527176546454407,0.001658708829863964,0.0,0.02862038955293339,0.04460792084889276,0.03359228383890672,0.024025244025540793,0.03236002358580953,0.0207195548102575,0.0034409616311042446,0.03492802497288011,0.04834074319196435,0.05782660718144683,0.05360688326833363,0.04128989575427766,0.00956598239921752,0.031588608419389264,0.010636445978643383,0.006821786687385867,0.010790196511230199,0.009634017483023172,0.0,-0.03097588128571288,0.035530230003492536,0.02760006272174248,0.03227593200679718,0.04132891461611704,5.551115123125783e-17,0.0,0.02942981822461166,0.03793036248254561,0.06253396173544762,0.0,0.0,0.0,0.03331871715604634,9.009383168256946e-05,0.06435979224713406,0.0,0.007189389815978775,0.0,0.017452696398505885,0.020158946138753353,0.0,0.04048064602554702,0.038249255326883724,0.0203920699726724,0.024976600717613706,0.0,0.03659468271139471,0.05139845930450293,0.05566530228213873,0.04247033849517218,0.029977877010663345,0.029710575906059078,0.03257077396095587,0.027476634324808735,0.03582506396144469,0.039981054751131284,0.0,0.02617018801433557
0.0,0.018395100498751482,0.014075610080421463,0.019930013831918614,0.030439836742808868,-0.004105522478270951,0.022285466459187553,0.08115540279148092,0.011169449770768447,0.05267276212328659,-0.006049961341794252,0.04616837595501072,0.03942848211499528,0.05738701795748702,0.0,0.001504176119543621,0.03632190307570149,0.02862038955293339,0.0,0.005076291563269719,0.008038272585484618,0.05223229613433483,0.026797967343768048,0.03398152655009157,0.04037806365567237,0.029084283934779354,0.019096447602762745,0.047154915384165275,0.04335281725831586,0.04925615018273183,0.04040140401745701,0.038266748694617214,0.014357822918099006,0.03506513004125422,0.03847044392494603,0.047387784015344325,0.03740133412565727,0.0034228411599239172,0.011389452088334806,0.07410927373960163,0.03931574884529121,0.01215942713991991,0.043576447810219965,5.551115123125783e-17,-1.6653345369377348e-16,0.0,5.551115123125783e-17,0.10589131811936398,0.0,0.07731659293446469,0.05032827097698478,0.05334035009402538,0.057875814606807796,0.06006995126604209,-0.0011612045519596714,0.10771506775208417,-0.0006173640580365292,0.0447794990245487,0.02236458910040179,0.0006311179565446912,0.0,0.0,0.0,0.05842510703566628,0.03769051076503194,0.0,0.0040493881354168315,0.05215594891350683,0.0,0.0,-0.0018305162961226307,0.04937865902647176,0.049377600967945634,0.054205517549752946,-0.0016952399485720138,0.03221065100416021
0.03907505196932398,0.03289684196127618,0.053322077651167366,0.02512793370336608,0.03042974184211472,0.04389249251842814,0.03258462828601011,0.03826082662391139,0.026396606656936772,0.002351851256213733,3.699150264180329e-05,-0.008069724898002173,0.031123094173688304,0.001486452086107759,0.04783338629708633,0.002135657877456454,0.029384353806675145,0.04460792084889276,0.005076291563269719,0.0,0.03403377424709764,0.02297302624590747,0.06414131895327752,0.060144386541906125,0.042938478625420995,0.03761632998222697,0.04791650040018919,0.034179045106016936,0.03414880978844864,-0.0013593476162446771,0.015482147906282884,0.028159839692822375,0.04566891946307006,0.03355535556343481,0.03220655744612705,0.018358372579392657,0.006230103938370535,0.004353176794533564,0.03777690769441222,0.030794821519931626,0.026888377756062898,0.03539135974829932,0.08081440168327148,-0.0006644231500072539,0.015348045987189585,0.06094002426398487,0.05107126014576774,0.03237880749703459,0.0,0.009203899419205686,0.03233908626471094,0.030589758619443908,0.03925589408876129,-0.000905970682867907,0.006296689960230362,0.030127447336396274,0.008500301081347472,0.035108283390226425,0.0,0.03639146460453596,0.04044782127677832,0.0034773602212695987,0.035844086468584835,0.005778861824382753,0.03483188322109365,0.035965603785320155,0.042003721622104306,0.031175829121702803,0.002698402565491309,0.04948716611072729,0.04843530671277585,0.03217850329826338,0.03675552577427116,0.04472212166337275,0.036957979340856484,0.036294720878598696
0.06553816812306579,0.04983761072312326,0.0538584407712312,-0.0004633070736459466,0.06589276679952794,0.046169251673103484,0.03847692461984892,0.02366015429165752,0.02484909130457691,0.03710505354457222,0.01997963428523558,0.05503810384412705,0.04090458672336539,0.007847517924593594,-0.005391783488946367,0.04156872058859418,0.048278476297072326,0.03359228383890672,0.008038272585484618,0.03403377424709764,0.0,0.032692134651624516,0.01281066710208012,0.06609078387637524,0.03754855055974465,0.04003996139295685,0.030111284130722782,0.04096899450057917,0.04524149174319375,0.038142999330027905,0.035161764861808664,0.014328111015070033,0.06083701301448646,0.04162331554000526,0.034664264573024406,0.03576973146464407,0.021070076303074392,0.039608016673259305,0.024719438943784477,0.06375265153558984,0.030922010726831706,0.010835333571692862,0.015451782526798186,0.0,0.0008578843582522921,0.1045606377085061,0.05689623316283354,-0.00060556702108161,0.0,0.00011602084523720801,0.028600741395617357,0.014973347709970164,-0.005980439519261527,0.010164798745937564,4.284202609072807e-05,0.0,-0.005869003887476021,0.012152091725908476,0.0,0.026950349235047022,0.052146828116761246,0.0,0.05331520474843665,0.0,0.018796407473536836,0.023005746284286588,0.042828058156512194,0.01727271961105198,0.046720502948675524,0.05562534113790685,0.041238612795914675,0.011037598680208482,0.01402010327518527,0.028265558021196457,0.014106114001545655,0.02925477590978559
0.04500060739942641,0.020117177745599735,0.0544721066226701,0.000661585986948654,0.04203735658075547,0.04449154370617309,0.026453434074843574,0.08234373114214733,0.02804776785711094,0.0019279640990652047,0.007477528778760512,0.017894676612868365,0.029432452332595838,0.0013243487711804836,0.03294034771659504,-0.013837141574917444,0.016050535583011505,0.024025244025540793,0.05223229613433483,0.02297302624590747,0.032692134651624516,0.0,0.05542037130504668,0.05743892381966731,0.038400668614178235,0.026585521968428727,0.047874545301986815,0.0431056168326483,0.03951768276525097,-0.005172022121515629,0.004772783891667742,0.022936387301637717,0.043305233847708735,0.020863845659759517,0.024839677754853462,0.018319452502675526,0.034569940807439026,-0.013694349068620382,0.042183417890886865,0.05751645134399991,0.04030866317739129,0.05170338643682382,0.09511859192372019,0.0,-0.001236882872923173,0.051885111274654505,0.05258644451405009,0.02686775913173267,0.0,0.0007281584121220375,0.03670808270177639,0.022512896193200127,0.029256102616806334,0.0308806462876291,0.023736305038263406,0.0,0.01917952109479537,0.025815644065808663,0.0,0.04281931546538109,0.04502947129189644,0.03148851885161241,0.04425963819958223,-1.1102230246251565e-16,0.032585447353225216,0.0398842666755177,0.04058052030429099,0.036940900897365014,0.02093637532421272,0.045436638943799346,0.04225308281693074,0.03237178981250566,0.04804331425289671,0.04384169311600972,0.031357047735462495,0.037005089842411076
0.042323053190701176,0.05546165246737583,0.025423393208673373,-0.0019568628644774377,0.023038459912061493,0.03155265070828478,0.03338173224873975,-0.005551970622112046,0.02472381082748354,0.03602813951490258,0.0536010518776156,0.0533528951771679,0.03793525689373761,0.003996184875769415,0.046234520359124176,0.04076855558754672,0.0215535959738139,0.03236002358580953,0.026797967343768048,0.06414131895327752,0.01281066710208012,0.05542037130504668,0.0,0.059469066964661144,0.028733414130652113,0.03636980990127425,0.0030347725294969097,0.03819568998890416,0.03681661783591317,0.036659855069649694,0.028961150807870095,0.038933206712113366,0.059888972246553374,0.031187180361265332,0.033742437638038414,0.024530361837276693,0.05171261843516456,0.023775281100064383,0.03769778486184405,0.046884062543747274,0.026705473032783478,0.044978653142600966,0.038101146189256196,0.05766498482205529,0.01956891420247786,0.02827241843040945,0.04983293124747484,0.051070145485834106,3.6123145562338976e-05,0.05097451907870687,0.023532923493688518,0.0255448884247933,0.0015063966341195,0.04002617809784659,0.03598108032857095,0.04184051294197666,0.03463598000914203,0.02649398937784231,0.021368045018461457,0.030800273975343406,0.04058224757065193,0.007816966163267991,0.046762718219540256,0.07514903377314797,0.03544271399561105,0.03232448366854862,0.04077169640210698,-0.05514962611552615,0.0044565273841598585,0.046636937014357005,0.03804826057831345,0.002354283991065853,0.030885596581490482,0.04200708125059527,0.027372547817655635,0.03577061903037304
0.02463704481428486,0.037003513985434666,0.020537553828463506,0.00786066746775188,0.053679029181285975,0.07182595704414807,0.04063313553315068,0.06436440116145348,0.039981644177506714,0.010841770116869931,0.04939592911123075,0.009991992481056422,0.04514254065634238,0.02652731371170669,0.0750642944245139,0.016932358143650572,0.036818933588818714,0.0207195548102575,0.03398152655009157,0.060144386541906125,0.06609078387637524,0.05743892381966731,0.059469066964661144,0.0,0.025350695507008247,0.03181855226808433,0.05808149457070777,0.05241156982994727,0.07219079441744619,0.09206266631208332,0.00615406326197343,-0.014127586366247058,0.010022468249143601,0.017926487981369754,0.011595860364441768,-0.017402585163643236,0.006373979860490431,-0.0034098332391683805,-0.050643378744499146,0.041583978484498574,0.004430600359824233,0.0022988327734823066,0.024481641324616776,-0.0010204162513312576,0.024232487025223126,0.013905291658321495,0.02931542502710799,-7.748530336415538e-05,0.0,0.0,0.014678181869650087,-0.006270346702956342,-0.0003830316333962025,-0.002289529458006867,0.022099406868761495,0.0003512560931727693,0.02036095182261377,0.0025849033422767898,0.0,0.017808572265723077,0.03629621671363992,0.04147857515633374,0.029598926308695594,0.0,0.006690173542151623,0.025033943761513744,0.0796652416390175,-0.04179102563015458,0.0404171722785403,0.028249446379375376,0.03543251241513479,0.02374053594595882,0.012951717669772378,0.01242909066373149,0.0,0.03319414926201825
0.03987233214481156,0.02918097140492204,0.04802645634003072,0.0,0.037567182586398906,0.05273336195812611,0.038474146388172314,0.06374792239182636,0.03510684828480365,0.0329274682391229,0.035994970416567795,0.003913019397368933,0.04072624952134746,6.337547923979114e-05,0.03748491947042837,0.003893990011028914,0.011046964544549343,0.0034409616311042446,0.04037806365567237,0.042938478625420995,0.03754855055974465,0.038400668614178235,0.028733414130652113,0.025350695507008247,0.0,0.017209822282310272,0.05364010302442884,0.05509265581999245,0.050549773511092966,0.04712476299853546,0.02358418080645358,0.02840563845707733,0.021296205968103332,0.02017794964375047,0.02050103030361633,0.042298794718520105,0.000773722768440066,0.03638040984135538,0.03430648245722767,0.030488872337098294,0.03046373816405723,0.03503133898011446,0.0011686507156261627,0.0,0.02453828408855263,0.026284065953434188,0.05330187018712962,0.0,0.0,0.0,0.03705743793293298,0.015206882768600272,0.03245849585576216,7.644157644259852e-05,0.021395922373579623,0.0,0.01542863784790005,0.030807359636062792,0.0,0.05144104327953386,0.03440813587050484,0.021209652196091666,0.027518795014566333,0.0,0.04159261906916922,0.02610660023820993,0.052559267939901455,0.0467028728539583,0.028760054578213512,0.0274616698878149,0.02990384476452368,0.04418285069790934,0.03317355332194871,0.036834090895014215,0.0,0.025484424024957875
0.014097874902954388,0.01952672100709224,0.045626151264728854,-0.0012973772596582833,0.04477303053986459,0.038141835361033605,0.020825612853850206,0.056892130072922986,0.04102835186218173,0.049185187872357206,0.03374131968639693,0.01547219806811756,0.017478402248790215,0.028507635412657606,0.020739481720391084,0.03543794537263828,0.026713922859001316,0.03492802497288011,0.029084283934779354,0.03761632998222697,0.04003996139295685,0.026585521968428727,0.03636980990127425,0.03181855226808433,0.017209822282310272,0.0,0.03099025088004409,0.03661924317890852,0.04863304028216908,0.0611602761027335,0.014215893504150312,0.02725535348921776,0.027265516301328563,0.015619457189493813,0.029901045625324918,0.012847776889866935,0.025335434206723295,0.02495763671952178,0.03409014661638354,0.02819547970008096,0.042801464116007326,0.038733632945194496,0.1141167257102425,0.0,0.02236193488856497,0.029375446061606525,0.054912428755780895,0.02951733921239097,0.0,-0.0002565590461270917,0.04394347285018407,0.02970310327211545,0.03215317145177471,0.028394475350964787,0.017451022608231836,7.851022903831995e-05,0.02293847645382896,0.02056096110395883,0.0,0.03897802522492655,0.03187067540401195,0.02039291261766324,0.028311505380094748,-5.551115123125783e-17,0.03738200848231893,0.022959415115138326,0.047493037124567206,0.03631066431600716,0.038914884745322675,0.027440339376477607,0.0325117612504614,0.032218560687147235,0.025597894149288924,0.03272908985755629,8.39977185081997e-05,0.028082785908465302
0.05574310711138886,0.045493852852089456,0.019343153467192453,0.040386687236745766,0.017901741366009083,0.009755361929650264,0.02929884108619718,0.0378564699988474,0.017994399907970138,0.04586270476298582,0.029334737581572734,0.03582862251944868,0.03513482358326597,0.012577707016000028,0.04531013875693707,0.047759665996074785,0.02424738809832655,0.04834074319196435,0.019096447602762745,0.04791650040018919,0.030111284130722782,0.047874545301986815,0.0030347725294969097,0.05808149457070777,0.05364010302442884,0.03099025088004409,0.0,0.03532726885452009,0.020181429635465098,0.0270979324214638,0.026396230516346264,0.03480043687966988,0.06070379479144444,0.032129526479004744,0.031263462645381435,0.0318427727982728,0.03463922633315847,0.03768876422466183,0.024017687173639612,0.013437078237588607,0.03758338808848838,0.03802537791305183,0.052334546996546105,0.01869607173047172,0.017536203421156693,-0.022245488382069245,0.043006183301625756,0.049217392135063376,-1.6653345369377348e-16,0.04888610924018688,0.04654802425447102,0.04857051623642228,0.023765972937041302,0.03513418760975717,0.04899094977573876,0.03432690791038451,0.004475296508021531,0.04288405565992914,0.029448043052821782,0.03671702913521413,0.04669986982513569,-6.778989957745285e-05,0.05442138854427564,0.03812431684967821,0.03566873155180017,0.02464991386033294,0.04154584742791467,0.027828300044725696,0.01181477962024502,0.06303286016561688,0.041755766460149335,0.031082641642542486,0.03800584973225807,0.04055891031374048,0.04138028586638676,0.03686443225098568
