0.0,0.03449134729343678,0.0820084860389183,0.0,0.0002934101410983492,0.07866120969673407,0.04893595125787975,0.05389200165128394,0.043999705486341634,0.04187411303173655,-0.0006545746139376973,0.046362959899986345,0.06255538631230462,0.03690862289072899,0.04905479225770348,0.03384687522437296,0.038214164715015486,0.03765282564001837,0.0,0.06062951021506974,0.05908967725424519,0.03335375319474082,0.04445048471448565,0.016505160781013883,0.041990719990201486,0.030419668227423646,0.03736126448753302,0.06965787027339376,0.07999739728829813,0.026209334206503287,0.04712848488618937,0.03492143202903869,0.03829416870402336,0.041971710953011165,0.0614441496487389,0.04851802532778654,0.0,0.014823649461187971,0.03786928360523384,0.02252600506842828,0.057044049738861013,0.055628921683969046,0.0,0.0,0.041842676767888554,0.05360080109160886,0.047525067708190205,0.0,0.0,0.0,0.025719465160930377,0.0,0.07690841346175264,0.0,0.03725921805019411,0.0,0.04502715196998158,0.03225346361535453,0.0,0.05627900542647002,0.0557970532135148,0.043959825762340754,0.05273420456323258,0.0,0.06961834851595422,0.15202585731940516,0.06559946283446116,0.054977274047767255,0.02330933827719478,0.05580930262348688,0.04814694230540845,0.04080861542240072,-0.0006203673424964307,0.03156204614291708,0.0,0.0393847159700107
0.03449134729343678,0.0,0.03405679945897855,0.0,0.035937378113241825,0.04073864828702145,0.048501876069280025,-0.000798358384017317,0.05188490949864699,0.043078500849146995,0.0010675124501393074,0.01936999672101236,0.04591313586695056,0.0,0.010822284724469278,0.04122551122742396,0.02470339551844386,0.03611872758499968,0.03406423895867905,0.05016956097767683,0.02393638834898304,0.0336633858286548,0.026386401558325445,0.0571506494313232,0.054115352579610754,0.02140523593931576,0.03987656922902394,0.049966634542323085,0.04939556149635027,0.03109489870025267,0.02853381179480835,0.03264947745848851,0.05519517785586103,0.037460567556893865,0.05142908379434846,-0.0011787106441476514,0.008742958921837518,-0.0003633819660409654,0.042918960676750995,0.044430290880096035,0.04387179137786401,0.05627092105268161,0.018301330087459988,0.0,8.809200484555246e-05,0.05543163099033266,0.032013090231196195,0.014853187684477964,0.0,-5.551115123125783e-17,0.04659000888223852,0.04013829242103184,0.0547147763936372,0.00757096834395643,0.00987550576500179,0.0,0.017629151026047063,0.05454830637365238,0.0,0.035235487792056486,0.03729658657680379,0.04635988870259511,0.047983941780549544,0.0,0.04849487320757495,0.04431017056342168,0.03494792527552404,0.032834087264773326,0.06345589492631448,0.04107439804092233,0.035946985810734355,0.032681577352333624,0.055889417854878165,0.0581604404912226,-0.014761860559346085,0.04194501192581557
0.0820084860389183,0.03405679945897855,0.0,-0.012223975004631071,0.031140144908686884,0.05746388721455975,0.01723527917003359,0.019304921029353772,0.01619375292959979,0.02510254405615009,0.014767670008331846,0.022162002289308924,0.011428164242149097,0.0005861737450957305,0.039883593960018004,0.03796248523014273,0.008160827864583053,0.03100991775764933,-0.011242612441561245,0.06091030784009527,0.036766069274476065,0.045102614842888133,-0.00437246174474748,0.016431616938836602,0.05434284824979735,0.04808741246789816,0.04446427770279482,0.012429896239231686,0.04403268329167137,0.018238888676378184,0.013634545465445902,0.03140997508205107,0.032059718290754435,0.014502118021827992,0.025814711244835253,0.010013127076023365,0.018298912165546743,0.018980129764944453,0.013152107580014172,0.013040322986778319,0.012590508288769064,0.042379818966024496,0.02472197173111429,0.008697040595237349,0.0002201522135281686,0.0,0.05313454470576856,-0.12486025252798622,0.015630324473337842,-0.06774299532640965,0.022636340696280177,-0.030817376851266842,-0.05639778880246865,-0.15807047407986213,0.0028556451857247866,-0.11687285318169605,0.0094623049412913,-0.0012467042893216096,0.030089951015161986,0.04495460815749519,0.0006700867687971512,0.0,0.0,-0.15136966458315793,0.0492118245898755,0.05009151405839546,0.08295352600679268,-0.03636175222301097,0.0,0.0,0.08198922336088998,-0.005143384196460543,0.015252229732753864,0.061108239197229575,0.016930132130728692,-0.006810340074132615
0.0,0.0,-0.012223975004631071,0.0,-0.0016071486042210648,0.00999121764589267,0.02457148122937869,-0.003818534537530671,0.004462115532297695,0.006085378516902384,-0.0008119220997940269,0.08772950783937056,-0.004083113463533461,0.012700593895428935,0.011931929507701389,0.0,-0.0003398688910039027,0.0,0.007043458579045037,0.046017387769322626,3.33639996968893e-05,0.014111106098479986,0.0048151684033460596,0.006216394196402242,0.0,0.0028130262856941313,0.03171622889588882,-0.004667962026908057,-0.029121075183379252,0.00027095797543114086,0.013400947764379001,0.03160479556281137,-0.0045616167758975035,-0.031068749539720775,0.17028582128947323,0.024585192392253263,0.029220547944880104,0.028442645633826813,0.0012988135835469983,0.0,-0.0010543878348023283,0.0,0.00019766575674712294,0.0,0.0,0.0,0.0,7.55344780668521e-05,0.0,0.0,7.449442116091998e-05,0.0,0.0,-0.0001768359392878005,0.0,-0.00018103536306413037,0.0,-0.004157848803323705,0.0,0.0,0.0,0.0,0.0,0.0,0.0,0.0,0.0,0.007986859914488664,0.0,0.0,0.0,0.021389116461804025,-0.00017333014539977487,0.020977440630564392,0.0,0.0
0.0002934101410983492,0.035937378113241825,0.031140144908686884,-0.0016071486042210648,0.0,0.041723713255149675,0.010604977584911857,0.03984140872397046,0.033266307782154614,0.028503579541798607,0.00544262055641398,0.015963553593835833,0.005156553674526498,-0.00843723873857588,0.026005453546913415,0.045504965045212786,0.03260609938792958,0.03364279384492175,-0.004139862674417738,0.03421438599562121,0.049497988645794244,0.05734975683478061,0.0446615022963438,0.01514303631259073,0.047267174260280986,0.03674288841631518,0.0361868075805426,-0.015844797551927525,0.04107540329525655,0.011451099869791703,0.005974886731727191,-0.012461509298648588,0.0025578475560246172,-0.004701967883656122,0.00769044263061508,-0.007216397791079687,-0.0029897174257583203,-0.008530035993582596,0.09973200737263749,-0.01823919610276825,0.0548390458809116,0.08492190322861742,0.05114511587008702,-0.0001859284911494008,0.028406600910418356,0.0,0.08315083957033192,0.02921306160517556,0.0,0.05058330449511711,0.05731868440301102,0.05976547656072562,0.003132472346204618,0.04894893700174008,0.05533456934627223,0.07606027044563612,0.027895700785667554,0.06266709938240644,0.025860070358562748,0.02012989186288061,0.0007007738305512823,0.0,0.0,0.04633057071665547,0.067248654255252,0.0,0.08626485889593177,0.0437410799301623,0.0,0.00015598523490623073,0.052670342827052685,0.055245832916910875,0.06477743879242281,0.07783025143162214,0.03348654950987173,0.054235201754534
0.07866120969673407,0.04073864828702145,0.05746388721455975,0.00999121764589267,0.041723713255149675,0.0,0.03155982471338398,0.050218925654291924,0.04861905347282247,0.026869161478982884,0.0359711519903968,0.025704944754727788,0.038455676381130344,0.027822903485956563,0.016844588439242247,0.05127213998844765,0.024563468001412403,0.049136665882974884,0.0190010545859845,0.03330002536856158,0.03722433618820903,0.044421788928642625,0.04526459192889093,0.04546236351124194,0.06276388817175238,0.025114509673824725,0.044164195340405055,0.019216409898226205,0.0309651921932127,0.022294807397850114,0.018850826976678003,0.03145159950003362,0.047373112179659116,0.019919288280138336,0.03410164695930862,0.03831614846874054,0.031218660419721045,0.013155715489164777,0.051912148444263895,0.0167540351339438,0.037512263689079894,0.06153066426185949,0.05741599087643279,0.04911389095753099,0.012978624257617699,0.021843359076343993,0.034785383232426415,0.03958646576453961,0.0,0.05596980290301623,0.046693511041666524,0.05270304237683654,0.0008998513041086897,0.049796690809601585,0.04169897655607502,0.041336994865198706,0.01904248223900401,0.049532775787941574,0.020400489348682993,0.0203579813735858,0.04617756407825563,5.551115123125783e-17,0.03494555927387161,0.029230135633360077,0.03405058681495715,0.05672563871946151,0.02959676093620811,0.04602812801353451,0.0,0.03372248914199427,0.0328508216260186,0.04209492904626966,0.04875402857804112,0.039381023711548446,0.03617405949110053,0.035815464413319564
0.04893595125787975,0.048501876069280025,0.01723527917003359,0.02457148122937869,0.010604977584911857,0.03155982471338398,0.0,0.047954798683203126,0.024583509546467708,0.023757066822039097,-0.006328576557511678,0.025920146248670783,0.02558032255403181,-0.0017851751473180189,0.03534675885790983,0.049880732910057124,0.03743978176754004,0.046167187640463125,-0.009637655892404506,0.03910544886686684,0.03770711170284857,0.04837567895208139,0.032570317106296764,0.034362081199383554,0.06170332491415709,0.03618618965158704,0.02872477586744604,0.0025904890156550064,0.03869043480584933,-0.049501095222787894,0.005886524690057293,0.0002910786793716702,0.01719308174106593,0.014772244577933524,0.05032582680950792,-0.013550591360594555,0.003429993455650815,0.006767907490026204,0.08282068502629214,0.049292866841897875,0.05494829161511805,0.0629424810479029,0.06761454305722842,-0.0011145346541492351,0.02218411387715674,0.00014616425210173256,0.059333524028372275,0.043753848736140966,0.0,0.05627212771042067,0.05561832712966275,0.048133725159692164,0.017012794582802304,0.05196684468591062,0.05249145985916387,0.05494463364769031,-0.005678914535498014,0.05561383056186564,0.04255240972253549,0.017663368481408148,0.048485995982615104,1.1102230246251565e-16,0.0006603421999039627,0.06462970222144271,0.04615741187803124,0.03299539488771347,0.05872633266916438,0.04664731435878455,0.027302354306261045,0.056741036472136075,0.04072505325927228,0.047372497265687485,0.05912081919069856,0.05671124915442044,0.051598372465590625,0.0478611985814964
0.05389200165128394,-0.000798358384017317,0.019304921029353772,-0.003818534537530671,0.03984140872397046,0.050218925654291924,0.047954798683203126,0.0,0.014527192455775884,0.030768040835022215,0.017731279285448764,-0.0045520111673587604,0.03919884932629808,-0.01971760452174187,0.06340670765027556,0.04892897412058578,0.021996138114075414,0.049976075268605924,0.004007288584285951,0.03554978543181786,0.031323125971272736,0.03589112934216049,0.036913297620700114,0.04284865292685147,0.048864534997375475,0.052774060333997785,0.0477019204452509,0.0388668705687098,0.04249491909844805,0.03386254458880683,0.038513259205115,0.049450250730681655,0.0884091661518579,0.03897742989804753,0.05232093339027438,0.024107550627943286,0.06766188592490807,-0.0011853189849274082,0.019739715367885324,-0.002932422585061323,0.023452594373983116,0.06438559690585965,-0.0021347961267822457,1.7271102530413973e-05,-0.00025136504915129754,0.05176880903653619,-0.00627028557162046,-0.036940296732602684,0.0,0.023275337294471288,0.0043037750171605604,0.029420357916540518,-0.10574742218951455,0.013623738810787045,0.016636896807877777,-0.015897845754645867,-1.1102230246251565e-16,0.022237996872099763,-0.05380817291997231,0.018236595447134518,0.028033464220710902,0.0,-5.4291973692888185e-06,-0.00827919571544189,0.02420937860981892,0.02471461127669622,0.03364200705261461,-0.029923041329811217,-0.0011974660711282503,0.042886816518051485,0.022772381996803925,-0.005612776612352877,0.0183545576660461,0.022275350456967435,0.01063045201590107,0.009233549525584694
0.043999705486341634,0.05188490949864699,0.01619375292959979,0.004462115532297695,0.033266307782154614,0.04861905347282247,0.024583509546467708,0.014527192455775884,0.0,0.010002287790711384,0.0025128399331846296,0.011235126201484202,0.022069514270430468,-0.0073713767262820196,0.018646201979901578,0.06082107146468185,0.0175073030179706,0.025619103143638133,-0.0027994698714141064,0.049914560474855374,0.04045085789353753,0.05999346981786979,0.03487118348421503,0.017889401973581742,0.039969759367356306,0.04392627549517675,0.05235838518370134,-0.004514203139893758,0.049278791152049084,0.00198362165614141,-0.0069157054617352,0.013740704501124024,0.019843311547933562,-0.001877451022776755,0.0156750219732536,-0.006166328079446115,0.007176267657666435,-0.0004028989836283303,0.06022807438189781,0.022320419960670634,0.04558755063873443,0.050404398246810755,0.01932339825082313,0.01975080513109717,0.029412098250520213,0.0,0.07042511856902023,0.00339457700931034,-0.0023451642920295224,0.011816981747180377,0.03259672860422158,0.03444573495474468,-0.019282322243467875,0.02547465158636497,0.05196965833816414,0.03758129616592959,0.015449887112117366,0.04215060837028628,0.012655331534353165,0.045095064279684016,0.02077864594497164,5.551115123125783e-17,0.0,0.018224887815391222,0.05365795780256172,0.054356037440184135,0.05354100559153424,0.023197916072783098,0.001351307395707546,0.003933927247883884,0.061826676364609534,0.025850806714513896,0.048991090324191466,0.06284928493614333,0.04422710622880244,0.0385823916846838
0.04187411303173655,0.043078500849146995,0.02510254405615009,0.006085378516902384,0.028503579541798607,0.026869161478982884,0.023757066822039097,0.030768040835022215,0.010002287790711384,0.0,0.005783474316637283,0.07942877212099292,0.05086468099495267,0.07266928159359098,0.027448707614059986,0.03019627848220474,0.028418625122580754,0.024760765837953114,-0.005674620311886536,0.033958298326880076,0.06767611846634491,0.03241176843498422,0.030558985042456854,0.05863219886228782,0.044337228612403246,0.03451236017298637,0.031055725806709844,0.06118467126409732,0.05289734464161705,0.024103230119017105,0.0709673383626172,0.03915943452526138,0.05603486386682832,0.053214342261140246,0.04537465032288773,0.0014969654401267296,-0.010523212284069938,0.05759778436408092,0.19794682206436587,0.04672527885920824,0.06719414839564974,0.04009435405226336,0.19380842654333647,0.00348913530793471,0.060612093523406685,0.0066741489436309975,0.05128453438139047,0.02196489738999252,-1.1102230246251565e-16,1.6653345369377348e-16,0.0420097804006222,0.016152488587194758,0.000984318224086289,0.05644178670700073,0.047387883285518684,0.027344160777934057,0.0451055355210514,0.07715474346172635,0.0,-0.00019621875795916566,0.041951671798443446,0.03721207153388312,0.029025143502772133,2.7318924820607382e-05,0.073077871246997,-0.00034519842391361744,0.020000222399148948,0.04310235045955646,0.04593522290264712,0.04230187020974768,0.02992652849505323,0.03521272892377536,0.056056223808087224,0.05784994734392235,-1.1102230246251565e-16,0.03776392460848971
-0.0006545746139376973,0.0010675124501393074,0.014767670008331846,-0.0008119220997940269,0.00544262055641398,0.0359711519903968,-0.006328576557511678,0.017731279285448764,0.0025128399331846296,0.005783474316637283,0.0,0.004441887697623215,-0.01895789924055652,-0.016776110179909542,0.0,2.0519478474756436e-05,0.011339587251373906,0.006676242624741868,-0.0016052961024721202,-9.430483041328319e-05,0.048696779924544464,0.017663554011592086,-0.020822153501160456,0.014544130476482398,0.01622355024242994,0.013780308732487978,0.04285202509232133,-0.01703813330242837,0.006644125271197621,-0.017225039134994624,-0.011488493842565617,0.007436171225207844,0.0002044984091496005,-0.023748666431051668,-0.006845061315742917,0.008667103589405534,-0.022603789025748833,-0.017505207102237075,0.07667866704671356,-0.023986436277605105,0.06172270575261851,0.011223513525212725,-0.002399981348113589,-0.001616681949983545,0.007265214746478121,0.0,5.551115123125783e-17,-0.1115991075913173,-0.00676981882626454,-0.010171552368267056,0.033978301270911504,0.018010944799096373,-0.056431565677759976,-0.14405801679087793,0.012871371822262057,-0.011991252869649915,0.01580046421987269,0.02999200469622504,0.02087339867671484,0.0009358256488082306,0.0,0.0,0.0,-0.10850273893659504,0.021956819797330496,0.0,0.10358155179515727,0.01899901749455668,0.0,0.0,0.007307785385040955,0.02731549406105882,0.03918664675445471,0.06435530469530037,0.0004988255043418266,0.04716750183498891
0.046362959899986345,0.01936999672101236,0.022162002289308924,0.08772950783937056,0.015963553593835833,0.025704944754727788,0.025920146248670783,-0.0045520111673587604,0.011235126201484202,0.07942877212099292,0.004441887697623215,0.0,0.047915036553989154,0.05687439639110625,0.016582772421468717,0.042840090199623704,0.037370248136326445,0.02304000594896738,-0.004875358120342621,0.05902058504231589,0.06431738406011256,0.09039736335325221,0.009906151023533538,0.015886547319512723,0.04030871288260668,0.02258750442204993,0.025996713930045712,0.05818090361607603,0.03554777314502988,0.01564417783288341,0.07492693587652521,0.019635437724338345,0.024171851806848055,0.028809595619576134,0.040579796374216826,0.019638886745399486,0.042788238341161466,0.020528944710638264,0.04784918050829573,0.026224380020399785,0.07340951524776679,0.002790743606542967,-0.008288149213128648,0.022606033884074478,0.052946563644806544,0.03338647398016775,0.024962333635922485,0.0019984246556515317,0.0,-0.0002402109162393251,0.1199048463889264,0.026470376734765766,0.0,0.017188068311745575,0.03977842520189723,0.017752198367564642,0.04959278225367719,0.02468436267599705,0.0,0.019227249663602064,0.059766682413740835,0.03148568779971728,0.015262716589415026,0.0,-0.006796478829183772,-0.0002086995893828547,0.015774864031080527,0.09110616391009108,0.059159161478230304,0.038099673920347965,0.02481269096506672,0.05803089277608714,0.06277773569416328,-0.0026353940973454226,0.0,0.03683866337625136
0.06255538631230462,0.04591313586695056,0.011428164242149097,-0.004083113463533461,0.005156553674526498,0.038455676381130344,0.02558032255403181,0.03919884932629808,0.022069514270430468,0.05086468099495267,-0.01895789924055652,0.047915036553989154,0.0,-0.010543247834240321,0.027950521065255474,0.048105382689393295,0.055829492521730695,0.04633347350556094,-0.015297908485216283,0.03757080526267004,0.03420929275496565,0.049395485376481585,0.027009850873088492,0.04657734674357061,0.056855845535125904,0.04596207948944053,0.029108337240814908,0.02574568193775917,0.04460860479167328,-0.029221879764173675,0.032381875253017056,0.00023944107220352784,0.020587282952232167,0.017884893402220103,0.04594084703670914,-0.014767837459869149,-0.006197269307132103,0.01579061423054412,0.06008150131231943,0.04421793546780023,0.0414835642506477,0.057069817959964075,0.0501665713525547,0.02669328468619281,0.01936999992143057,0.018721757255553584,0.04618946965968018,0.02804678597063759,0.0,0.03499981219946058,0.038170531216174974,0.03860679742494433,0.010345834831637368,0.032406770329113765,0.049803486866814906,0.0467310696867439,0.05208964985735859,0.043448003024051274,0.023528893716718846,0.026166905718382982,0.06724208735295317,0.016698903952065358,0.032555106272132206,0.02812014964389975,0.03613223764624335,0.04666295616672794,0.04709960159180526,0.03472365100408459,0.008471293282890757,0.05160254315870233,0.03384793399112396,0.02653155049406053,0.0434073281834052,0.04289517859756836,0.04103844305486526,0.03797594531387671
0.03690862289072899,0.0,0.0005861737450957305,0.012700593895428935,-0.00843723873857588,0.027822903485956563,-0.0017851751473180189,-0.01971760452174187,-0.0073713767262820196,0.07266928159359098,-0.016776110179909542,0.05687439639110625,-0.010543247834240321,0.0,0.007282897964485335,0.0,0.0,0.0,-0.0005536102314042668,0.002136921529630964,0.014648535814525132,0.007197664947847571,-0.0023048903363424023,-0.021496756491099778,-0.00016156720855431406,0.023666401430986472,0.02986550960193174,-0.033130182968897415,0.06124416953347983,-2.2870545496822547e-05,0.0018272347299183034,0.04950161481139864,0.0015895652755338885,-0.0013012277734383293,-0.012336945470320049,0.016433940947941622,0.016886053996313738,0.033433056910744885,0.018965012405894432,0.0,-0.0014188221341198681,0.0,0.004886128448588545,0.0,0.0,0.0,0.0,0.005221804090677629,0.0,0.012637207389042893,0.03343021789631845,0.0406931150588179,-0.07380238630757308,0.020949886330137557,0.0,0.019993070899691934,-0.0004530566358698085,0.022759292872764736,0.014430837457773904,-5.551115123125783e-17,0.0,0.0,0.0,-0.008002341912383915,0.00033302117152111954,0.0,0.0,0.022587922125910653,0.0006021679478450115,0.0,0.0,0.02050367795835978,0.04795433717165848,0.008591523425308667,0.0,-5.551115123125783e-17
0.04905479225770348,0.010822284724469278,0.039883593960018004,0.011931929507701389,0.026005453546913415,0.016844588439242247,0.03534675885790983,0.06340670765027556,0.018646201979901578,0.027448707614059986,0.0,0.016582772421468717,0.027950521065255474,0.007282897964485335,0.0,0.013353411918332447,0.023480084042374227,0.0324283817801182,0.0,0.0456123555686917,0.016308294020073055,0.007752608633788405,0.019904006242938865,0.0647797160278441,0.03584099901489457,0.020336556711397613,0.005293379317744262,0.033348298383770625,0.01713841037087671,0.016651925941597367,0.0008114029621022478,0.01533243557149866,0.020767400639760125,0.01387774713670703,0.022945836730966507,0.050536261673771565,0.00943223326500453,0.021743005397385162,0.03337993370491743,0.0320211213657251,0.03127112991537789,0.03355826653126426,0.08821000564330594,0.000658464478541454,-0.014479949165753792,0.060674009387695016,0.022230453689881913,0.03678467855483897,0.0,0.0,0.012062546131839325,0.023787884760192057,0.022113652288533736,0.03049685637875449,-0.00012660244166862178,0.0,0.00394871847266981,0.029947822846423944,0.0,0.013050381680895284,0.03838178896408784,-0.0001151479700369773,0.03732190027292853,0.0,0.027463169080622407,0.029694071067855488,0.029905389087520717,0.020492032742686184,0.0686745304414032,0.042788959194727194,0.024304391495637012,0.012625284570243811,0.02269690990845269,0.030881473786544267,0.02524401624198147,0.02328865299455901
0.03384687522437296,0.04122551122742396,0.03796248523014273,0.0,0.045504965045212786,0.05127213998844765,0.049880732910057124,0.04892897412058578,0.06082107146468185,0.03019627848220474,2.0519478474756436e-05,0.042840090199623704,0.048105382689393295,0.0,0.013353411918332447,0.0,0.02571091111203405,0.044906529699445585,-0.0005917060445135847,0.03319932291075184,0.038235280108997294,0.04211443228610079,0.03258561591566611,0.041812478340220394,0.046967328830604116,0.02658143179268918,0.03705510500770798,0.05103817642105818,0.03969156867360002,0.02963844422956141,0.02962271147800244,0.04004646836778408,0.04585480518722651,0.04044242171841639,0.06446525507402034,0.03213572393145003,0.003576364614070404,-0.006883684922446509,0.04300399121034271,0.04230937513291405,0.0500151601361572,0.05381902065419103,0.010487607018809408,0.0,0.0,0.05323825613176142,0.04577316612364091,0.0,0.0,0.0,0.05681483301752627,0.015107935152749219,0.024517956629267312,0.0,0.021397485537402783,0.0,0.023610034313218287,0.08411462448139606,0.0,0.025373067863325494,0.04360755281995998,0.04637641085988792,0.052939904497277424,0.0,0.05121061527631671,0.04033303309719005,0.03943264561921084,0.040373583236916866,0.05278703335809887,0.04779704730901402,0.04252296344124051,0.05444446342280823,0.061681436486511476,0.07220145804100586,-0.00010862172434988882,0.04864264262781076
0.038214164715015486,0.02470339551844386,0.008160827864583053,-0.0003398688910039027,0.03260609938792958,0.024563468001412403,0.03743978176754004,0.021996138114075414,0.0175073030179706,0.028418625122580754,0.011339587251373906,0.037370248136326445,0.055829492521730695,0.0,0.023480084042374227,0.02571091111203405,0.0,0.02275116659232762,0.008095960315945894,0.0253718348492758,0.049637576075796,0.031017519214136924,0.02388991917535832,0.03691996078463183,0.01958929254102232,0.01952678275090486,0.00535472684283167,0.0543578398561137,0.04660535603680688,0.027535853456678416,0.03829626795322494,0.01812270344885225,0.04177618179949949,0.032351088665806604,0.04243725998081954,0.025496839560685713,0.011830208670221276,0.047013498501369655,0.030987388473854904,0.029288269088231178,0.027889290534965083,0.04190991934583821,0.0,0.0,0.03454177572272382,0.023556251099530967,0.06419402093520643,0.0,0.0,1.6653345369377348e-16,2.071813762660746e-06,-0.0002445759291066496,0.0,0.0,0.03835737289597568,0.00043405662089601726,0.039630231082501355,0.022182294930453816,0.0,0.0,0.03969828445361706,0.030131884007506715,0.036208414104351605,0.0,-0.0002570965324560359,-5.551115123125783e-17,0.034229801717018615,0.0018848766432909558,0.012763565738975136,0.03923377007566514,0.02806500034579701,0.0,0.03288781145861991,0.024448576503715014,0.0,0.041260070748531774
0.03765282564001837,0.03611872758499968,0.03100991775764933,0.0,0.03364279384492175,0.049136665882974884,0.046167187640463125,0.049976075268605924,0.025619103143638133,0.024760765837953114,0.006676242624741868,0.02304000594896738,0.04633347350556094,0.0,0.0324283817801182,0.044906529699445585,0.02275116659232762,0.0,-0.008327677774470799,0.04145833408637406,0.06345829934605424,0.030494581647220742,0.041530924582557305,0.03383410625044703,0.03648767383537965,0.024028930075815025,0.041627591796913666,0.04963268474566407,0.049160252744286204,0.0340597773448027,0.034705991065163255,0.03728235880559139,0.0410097612249985,0.0330948237100015,0.05421692935464906,0.004349512826528457,0.0,0.05325100516892123,0.05329754979853696,0.04564475553938874,0.05118909919686815,0.05998083568245316,5.551115123125783e-17,0.0,0.039450986190239845,0.0387222517626733,0.04711887179053126,0.0,0.0,0.0,0.0639538005130888,-0.0002296820326652682,0.021057629772244235,0.0,0.03815561838581377,0.0,0.03401098128563512,0.05028824571652618,0.0,0.05479939577481763,0.049935792962578884,0.04257199578919557,0.053337588400467206,0.0,0.06808992693405053,0.030246389775052396,0.050283924470899855,0.04824556259823898,0.015698569137640617,0.05264237472194305,0.04415348132273561,0.06806287844537495,0.06626322652055638,0.06860672818928731,0.0,0.04998532608632689
0.0,0.03406423895867905,-0.011242612441561245,0.007043458579045037,-0.004139862674417738,0.0190010545859845,-0.009637655892404506,0.004007288584285951,-0.0027994698714141064,-0.005674620311886536,-0.0016052961024721202,-0.004875358120342621,-0.015297908485216283,-0.0005536102314042668,0.0,-0.0005917060445135847,0.008095960315945894,-0.008327677774470799,0.0,0.008441630853068816,0.017669810328292013,0.042193212302597594,-0.10020792809498766,-0.013246348292832666,0.04089954966865211,0.00982966357140358,0.03634257723513945,-0.016479854493084978,0.03810564080395418,-0.0033663316574714663,-0.01067017169178619,0.01483883138137293,0.010035988914857241,-0.016260701092831953,0.013384878314832649,-0.0026505746748472503,-0.015096038096953035,-0.016951866946900374,0.07393730825480432,0.03713753477026621,0.05339930120929659,0.02546060669917416,0.005646255467144312,5.551115123125783e-17,-1.6653345369377348e-16,0.0,5.551115123125783e-17,-0.18626011077060356,0.0,0.0037856656527198718,0.025445513869088554,0.03235018654911026,-0.030251700219868227,0.014396449461884342,5.9782305084077336e-05,0.06724603324050854,0.0015738861262306059,0.036850491843020694,0.015259319038567143,0.0003911942471022667,0.0,0.0,0.0,0.0017432247918401922,0.04349659702065256,0.0,0.006532997215986602,0.01484617704916169,0.0,0.0,0.025330769700319222,0.015525319865744236,0.04468574969853656,0.053860894174292684,0.0015032780103672039,0.04319922840385615
0.06062951021506974,0.05016956097767683,0.06091030784009527,0.046017387769322626,0.03421438599562121,0.03330002536856158,0.03910544886686684,0.03554978543181786,0.049914560474855374,0.033958298326880076,-9.430483041328319e-05,0.05902058504231589,0.03757080526267004,0.002136921529630964,0.0456123555686917,0.03319932291075184,0.0253718348492758,0.04145833408637406,0.008441630853068816,0.0,0.019742240730821092,0.04046982703255486,-0.00609982230309275,0.05288533764031633,0.056128951200804744,0.023059959674071262,0.03810934082123585,0.04016588941562538,0.02076638746070436,0.019663734767139562,0.01738957522892942,0.029630240831456434,0.04929559188198157,0.03082850726235542,0.04383675493692896,0.021059020517867455,0.11624438781453506,0.11229309940726445,0.040602130422412286,0.034208237949921116,0.04066600626276606,0.03223350175427042,0.07548311157247156,0.0008755405558830698,0.010580914881173242,0.06939775704922202,0.03173045379611317,0.025036555560367768,0.0,0.02032422488440888,0.023393149241040856,0.03397775197102826,0.02031807036857558,0.03111119028494458,0.005517699877160165,0.03294840455034709,0.014823131606093554,0.03721844564654708,0.0,0.01994488267693828,0.03822506375931378,0.00637977592003397,0.045248496694111795,0.0140362418261758,0.030748549659837032,0.02994651899316325,0.028582477079191093,0.019372255392089976,-0.001662338729358448,0.04622313729194416,0.03182789672452907,0.014226668181966384,0.033769135140697515,0.03451562105790146,0.03716741397585699,0.0355565903074494
0.05908967725424519,0.02393638834898304,0.036766069274476065,3.33639996968893e-05,0.049497988645794244,0.03722433618820903,0.03770711170284857,0.031323125971272736,0.04045085789353753,0.06767611846634491,0.048696779924544464,0.06431738406011256,0.03420929275496565,0.014648535814525132,0.016308294020073055,0.038235280108997294,0.049637576075796,0.06345829934605424,0.017669810328292013,0.019742240730821092,0.0,0.014896215533663881,0.03943923509961367,0.037477635574010015,0.07181109519871459,0.03673422549813549,0.026991287280814347,0.04247095731387596,0.03820920126512051,-0.006518583770450392,0.033767174756571594,0.031559570064442766,0.05527490806624158,0.030030629345079496,0.034033300311746784,0.10225046689669454,0.10111539477776438,0.04372557353654111,0.03675202111421261,0.05236150477929763,0.037073941390680376,0.05277271035181924,0.03829177835415587,0.0,-0.0001951704184622316,0.09077755611827182,0.03039801892564392,0.0015438111768515395,0.0,-0.00029577944536191003,0.04840658923478369,0.03172155113041153,0.015825698099749097,0.01532130075746152,-0.00010921994827173265,0.0,-0.0029895866649278235,0.04685698450839754,0.0,0.038829751355347886,0.04831707150132131,0.0,0.04294575206858686,0.0,0.024406916256251465,0.08047693029660602,0.03345632525104425,0.02089969628003674,0.10081392724214921,0.0600376150333673,0.03136850253768508,0.0038550623272111118,0.023573428046187395,0.029304339310459115,0.03257261819078289,0.06974186712638253
0.03335375319474082,0.0336633858286548,0.045102614842888133,0.014111106098479986,0.05734975683478061,0.044421788928642625,0.04837567895208139,0.03589112934216049,0.05999346981786979,0.03241176843498422,0.017663554011592086,0.09039736335325221,0.049395485376481585,0.007197664947847571,0.007752608633788405,0.04211443228610079,0.031017519214136924,0.030494581647220742,0.042193212302597594,0.04046982703255486,0.014896215533663881,0.0,0.024254179104352014,0.054171647911086696,0.04253005423113215,0.01219244667771896,0.02795867283181752,0.053724479053345764,0.03579753457686102,0.013357726207661402,0.008405335108413237,0.03122578683723648,0.0464768715598442,0.024836744688042756,0.041484406259673756,0.06243873664344868,0.012005352603424446,0.10979171922506425,0.03905089249858096,0.04635424478344674,0.041904081409428806,0.045428973563959474,0.0843054953790317,0.0,0.010883390238655366,0.05728792085098583,0.028171061617898674,0.01537190736534988,0.0,0.014734389979855433,0.027833345179110403,0.04131357744021913,0.02599076858514393,0.0330956412630809,0.03920345836865646,0.0,0.038256887262513195,0.04808023587156485,0.0,0.0035596754794569585,0.03778304133897248,0.04906605271553183,0.04927419345433076,-1.1102230246251565e-16,0.026309329504513757,0.03531424782524828,0.03476299336854749,0.029433872984435783,0.057494529017075025,0.04586791506421389,0.026890384347682206,0.025009500356168446,0.04726918550837711,0.049731596871277095,0.052048268188504554,0.03498545952474247
0.04445048471448565,0.026386401558325445,-0.00437246174474748,0.0048151684033460596,0.0446615022963438,0.04526459192889093,0.032570317106296764,0.036913297620700114,0.03487118348421503,0.030558985042456854,-0.020822153501160456,0.009906151023533538,0.027009850873088492,-0.0023048903363424023,0.019904006242938865,0.03258561591566611,0.02388991917535832,0.041530924582557305,-0.10020792809498766,-0.00609982230309275,0.03943923509961367,0.024254179104352014,0.0,0.04427836229621229,0.04375649987711727,0.01763886715374413,0.03452069682392622,0.020820016573794342,0.025544072665756035,0.022922054379141688,0.027279679207701968,0.02861235285828806,0.02173033819417075,0.029484018185679084,0.03483492038235492,0.06278398337023028,0.038533230785581296,0.01889415833321395,0.04630398376346567,0.021719100218017373,0.027711399686507043,0.03278276371651223,0.04453905356469662,0.040069723063636986,0.015785147734999616,0.05983496330987348,0.026202986234141468,-0.031798002538016845,0.0037668646597447397,0.05926013873386815,0.05248777794709203,0.04925971832606946,-0.05284942021793054,0.05108684174697886,0.04345363212603126,0.04178912109225358,0.024782586976011878,0.052162237498734276,0.03681178135197016,0.01682300956510241,0.03262876054836955,0.021914719044884734,0.030778626222004446,0.054696177011571256,0.029069906015457114,0.03643781063853424,0.027994930787845984,0.04772460576763671,0.011346918213100798,0.04483806896475695,0.03242882300139571,0.03789520385606637,0.04720532165714475,0.04114362947092959,0.039791941811331055,0.031808168593448816
0.016505160781013883,0.0571506494313232,0.016431616938836602,0.006216394196402242,0.01514303631259073,0.04546236351124194,0.034362081199383554,0.04284865292685147,0.017889401973581742,0.05863219886228782,0.014544130476482398,0.015886547319512723,0.04657734674357061,-0.021496756491099778,0.0647797160278441,0.041812478340220394,0.03691996078463183,0.03383410625044703,-0.013246348292832666,0.05288533764031633,0.037477635574010015,0.054171647911086696,0.04427836229621229,0.0,0.03941758591482514,0.030435477514266895,0.046313085690486144,0.058015236101393364,0.056939473342164204,0.051783180361734404,0.05705381102396667,0.06955110694927608,0.048271718704247235,0.047077585191555416,0.0440618047779987,0.043541999475884274,0.04161364029289233,0.0037633137479670675,0.1193077344232073,0.031681540365091354,0.04678057672748276,-0.016235356752584806,-0.005996247198497728,-0.00034895356212039097,0.06959763894825244,0.037784090923272895,0.04097014498654866,0.00019753829586377503,0.0,0.0,0.017110545109175257,-0.01627151399464344,-5.750244679492145e-05,0.002364460521119327,0.03705357612987592,-0.0008954798786910967,0.04204005034784397,-0.00459738111770297,0.0,0.029173229924268573,0.03563310845411455,0.017800417519863998,0.031240273185502432,0.0,0.012702887753752057,0.03457582552618571,0.0873813364342868,0.02948457642854485,-0.017637910264502343,0.03413168838463265,0.021614908523619136,0.02096468947510366,0.04504252350741217,0.010190297260869119,0.0,-0.008536197157311742
0.041990719990201486,0.054115352579610754,0.05434284824979735,0.0,0.047267174260280986,0.06276388817175238,0.06170332491415709,0.048864534997375475,0.039969759367356306,0.044337228612403246,0.01622355024242994,0.04030871288260668,0.056855845535125904,-0.00016156720855431406,0.03584099901489457,0.046967328830604116,0.01958929254102232,0.03648767383537965,0.04089954966865211,0.056128951200804744,0.07181109519871459,0.04253005423113215,0.04375649987711727,0.03941758591482514,0.0,0.023701279492241767,0.04664804100651321,0.05886141786694121,0.06573737594911844,0.040004963476204525,0.047434482891695384,0.04623693308091664,0.04751236685268212,0.04085294229555614,0.06898736456217242,0.04977352624835424,-0.00020444910930844662,0.04742490616569045,0.047208127588700466,0.041800782858793906,0.05021364834205433,0.06118549836725368,-0.0007590495304666822,0.0,0.07875632517296033,0.04825072755845328,0.0515766065843235,0.0,0.0,0.0,0.06081587043910858,0.008933910135770051,0.04257019691488623,-0.00019487745531004963,0.04513700449545355,0.0,0.04038721830814834,0.039175440709007636,0.0,0.05183276387595037,0.046971742830216434,0.03652783641498497,0.05108091868186809,0.0,0.059332127946352564,0.05511285849053843,0.05475619218483668,0.051156224932270955,0.0336379457211336,0.0502737498582434,0.04388766356881113,0.06425053423085603,0.06139403933705795,0.06551709655040538,0.0,0.04638644382796958
0.030419668227423646,0.02140523593931576,0.04808741246789816,0.0028130262856941313,0.03674288841631518,0.025114509673824725,0.03618618965158704,0.052774060333997785,0.04392627549517675,0.03451236017298637,0.013780308732487978,0.02258750442204993,0.04596207948944053,0.023666401430986472,0.020336556711397613,0.02658143179268918,0.01952678275090486,0.024028930075815025,0.00982966357140358,0.023059959674071262,0.03673422549813549,0.01219244667771896,0.01763886715374413,0.030435477514266895,0.023701279492241767,0.0,0.009319717084263102,0.043436025297356184,0.029974693034700683,0.04691361090749263,0.028070493198787683,0.02253004962877908,0.028905980525349984,0.02233402194849249,0.0394148712313761,0.055655205965704,0.05780865917840261,0.030250259743380137,0.03970924412954774,0.03326616191075438,0.03831875250802913,0.04617359084738942,-0.004732777071187855,0.0,0.04934294406818479,0.049780059228498985,0.03125022484016138,0.015277812444208783,0.0,0.0006540625713503112,0.038372933715824675,0.03752503780437516,0.046418751458271124,0.01635759425195521,0.038800160428265285,-0.0002001512051800769,0.03711184957729857,0.04179461862453565,0.0,0.012855092965444737,0.0416891691829841,0.034431105169709264,0.0450480821028903,-5.551115123125783e-17,0.026407482707652086,0.03245734352085772,0.02347827381950529,0.03417694838893809,0.029906691899736104,0.044772350578179354,0.03219969438611536,0.025195893637937172,0.04474576372419575,0.048855080401896844,-0.00021414081703302612,0.03521149537607676
0.03736126448753302,0.03987656922902394,0.04446427770279482,0.03171622889588882,0.0361868075805426,0.044164195340405055,0.02872477586744604,0.0477019204452509,0.05235838518370134,0.031055725806709844,0.04285202509232133,0.025996713930045712,0.029108337240814908,0.02986550960193174,0.005293379317744262,0.03705510500770798,0.00535472684283167,0.041627591796913666,0.03634257723513945,0.03810934082123585,0.026991287280814347,0.02795867283181752,0.03452069682392622,0.046313085690486144,0.04664804100651321,0.009319717084263102,0.0,0.02655178775988898,0.02209574661196162,0.035004055601781436,0.01754869751823218,0.024723982514852583,0.03537007298360295,0.021336047498224875,0.03041224073047305,0.0667322343612975,0.02521638815424254,0.04030046297121426,0.035877797461951744,0.029428690336775976,0.02849223538468615,0.02733922797876942,0.056211100661248015,0.03336500794339459,0.02362169597795205,0.05059138571018856,0.028296060603936246,0.05462676129740218,-1.6653345369377348e-16,0.05145887911909297,0.05775632083971771,0.045048385359095056,0.011428451929218764,0.044553869493881626,0.03640138665902398,0.03854107146649377,0.04273740809179716,0.04616995847098093,0.036691909553327795,0.01802754909343468,0.04023638301681237,0.0001219331863530626,0.03207153541222524,0.031309738632973594,0.03360394368169639,0.0219431501022338,0.03183189563339017,0.03973407925380046,0.02206613633409743,0.04738778376356667,0.027157157770682228,0.027469006847091082,0.039682910340151034,0.038733808584663965,0.028784869760502874,0.027993051479231035
