0.0,0.011637369849117007,0.009259772257580345,0.0,-0.00034039108302752474,-0.008114846817327104,0.017323056592210895,0.013431995084592141,-0.0021465782175584813,0.030426287094871163,-0.024595978703018606,0.02694239004715515,0.011568777395681518,0.009518167598359939,-0.017226379034277872,0.011210484724378189,0.01912134680888683,0.013137436109173395,0.0,-0.03662798010463253,0.029269320763662232,-0.0021019385340439456,-0.0009325540038471192,0.02730451357173147,0.01935904918209541,0.011486274089623827,-0.022678717026711148,-0.004540944812451042,-0.029794298515520012,0.00867038241304835,0.027087962431294355,0.005733897936612942,0.014476097095568075,0.022991753749540877,0.026288224975474783,-0.0005170112130321591,0.0,0.02042436714436696,0.01072108183878634,0.018098516696328837,0.02118738545168436,-0.004415169645187678,0.0,0.0,0.02782218108973611,-0.007332256607469834,0.0191906179810985,0.0,0.0,0.0,0.022610063457556007,0.0,0.03558002643646724,0.0,0.009508842092835368,0.0,0.019033798318377093,-0.009198308133866073,0.0,-0.00756814354634866,0.009104665347496821,0.005692770879999143,0.006642397252157095,0.0,-0.0397511279433006,0.03476106428376985,-0.00971164003240338,0.0020307188558787437,0.00019704578107254678,0.0028365612595902534,0.01060222217869744,0.00850534153029503,0.0007197007942420508,0.008853073804498734,0.0,0.00836707036100759
0.011637369849117007,0.0,-0.011116024741047892,0.0,0.026296232715504242,0.008724748019548034,0.031759027758125724,-0.04516344369354497,0.02602998752525726,0.00671027936855606,-0.0012719616272416912,-0.0033804655565216613,0.030935674600472363,0.0,-0.05234731711432955,0.005143267668205276,0.008197850225594105,0.005737900121562278,-0.009022513301185475,-0.020962784052061034,-0.037025436320974825,-0.010347634463306166,-0.03394164129324151,0.023640256409460936,0.008432747484827252,-0.0031103549909832773,-0.007390397177303498,0.0033160460819232074,0.0025347034273131563,-0.02430311146972497,0.023124698590815673,0.0026161200046390665,-0.0052950404187040445,0.013516466292132212,0.004898147755353244,-0.031125692252291448,0.015397393975237872,0.0006340882892122979,0.0025205613998589005,0.019096533983712527,0.011247701607923544,0.0011328048884283182,0.012209298176363848,0.0,-0.00010219732972793771,0.013379513222594452,0.007468064673216368,-0.007593549930236587,0.0,-5.551115123125783e-17,0.006075775554400753,0.020035957601716836,0.015577280630048373,-0.0041911210420104705,0.02989974929805833,0.0,0.021622533075257744,0.005999305873785055,0.0,-0.022531801616548552,0.007783879447236075,0.017579505042632837,0.008202133593523064,0.0,-0.019473801146836278,0.004189350911284528,-0.015085686064783499,-0.016372766217363832,0.02249414437591829,0.00851983716024568,0.008513714533129713,-0.020451073812068066,-0.03437237304195351,0.001005195583562768,0.014380700217172582,0.011364035282479479
0.009259772257580345,-0.011116024741047892,0.0,0.015590353462567708,0.025070355901283647,0.03044538490525478,0.011754395113819815,0.02892015196263975,0.03863863876546053,0.01565540431904433,0.017262600163624076,0.025025625944205987,0.006971164326185275,0.03068067610727987,-0.04097111084804944,-0.01085710650619226,0.01756111421015555,0.02005368777956129,0.022235559000590654,-0.01857782175112105,-0.03967814203863551,-0.023036645649425036,-0.04121474555913113,0.018704310411404135,0.049702224837537556,0.010848316361190435,0.027751870197744055,-0.0010707180190986931,-0.010461521641843996,-0.017393535578353048,0.00017507054527632349,0.014223322594336507,0.028526903686788008,0.012469066405047358,0.022217599817268008,0.017481127773330662,0.013994145436008965,0.03963661699464782,0.015028026244228943,-0.003498816483138767,-0.0034806610825222073,-0.018996511138234196,0.01591780499786999,0.012881434873594833,-0.0002972324015755867,0.0,0.0007179940923335848,-0.11677193006430442,0.0004433110511632976,0.03131245874411148,0.004034321978363398,0.014417600998650526,0.011375496921303463,0.03349773044093096,0.004863113308173794,-0.015332806896303564,-0.000996051403114373,-0.014258762912501832,0.026276086876578786,-0.00551889971679298,-0.0007773813137451624,0.0,0.0,-0.1064297154532503,-0.016415520849553222,-0.0012121910754252507,0.003865895590533075,0.005969361655503547,0.0,0.0,0.08403243252737724,-0.007853347399366162,-0.01619440292022445,-0.006851076054830152,-0.008174989924337073,-0.01849076800659366
0.0,0.0,0.015590353462567708,0.0,0.006301644191588129,0.0007177311478482884,0.02269430189403132,0.04312254033996343,0.04540186749858882,0.027098213451965003,0.01368789116835023,0.05813378797394553,0.024160154088993746,0.010182859120710486,0.002219872549245161,0.0,0.0003649674035239303,0.0,0.04130961309761344,-0.007326224494066724,-0.0002497780727592769,0.00034605857888558855,0.021398432277702772,0.006648980738488408,0.0,-0.003354378875648656,0.003130062246753884,0.007117450984370388,-0.001901192487842207,-0.0003143438681657007,0.015630106931938614,0.013898071279517199,-0.01879489091147818,0.0273398571161394,0.019487619259223266,0.0470757456962313,0.02032265960322896,-0.002698179856673699,-0.001506780102075611,0.0,0.001223216810692651,0.0,-0.0004235299561810568,0.0,0.0,0.0,0.0,-8.762908704768035e-05,0.0,0.0,-8.642249584023265e-05,0.0,0.0,0.00020515097626483403,0.0,0.00021002281335252837,0.0,-0.00015443771994538835,0.0,0.0,0.0,0.0,0.0,0.0,0.0,0.0,0.0,0.01949692629793165,0.0,0.0,0.0,-0.002510007780474832,0.00020108383334332958,0.0007908882165822972,0.0,0.0
-0.00034039108302752474,0.026296232715504242,0.025070355901283647,0.006301644191588129,0.0,0.021048846758089546,0.039568586108617854,0.016206514759303736,0.03205835086869119,0.023930639836554468,0.03454123979576473,0.04260620861765324,0.026511944376312047,0.014429328909368322,-0.01883452609579872,0.01701378844114604,0.01932784469968546,0.02501515175382729,0.04568356198538376,0.010452163993604158,-0.016451377045094195,0.0194643470891131,0.008028049174260254,0.03839823598507647,0.03507513698636361,0.0423967059882005,0.017390572232434398,0.03169798284810765,0.00142762083361192,-0.020386660079074692,0.01251093017089705,0.021912902680796542,0.013254265822133404,0.01371150638374996,0.023678084677564826,0.026876504463018147,0.03853029888937254,0.013076048314521471,0.01148697827637446,0.022189691954405732,-0.004245192554031552,0.018131580872103148,-0.003035973440680184,0.00021569943094351673,-0.0011615940692853433,0.0,0.0024168522092635203,0.023994774191757995,0.0,0.02841439746129515,0.0066578565500171605,0.019231528795068287,0.011090967913062022,0.02546687364722,-6.580121559557339e-05,0.013921865429444735,0.011270305748816434,-0.01811538531986745,-0.0017346805026872691,-0.06625056406739777,-0.0008129819993463183,0.0,0.0,0.02252506575672275,-0.04353613504873588,0.0,-0.028541664190081584,0.0036124106522010813,0.0,-0.00027373601749802745,0.03119756489823411,-0.002397756608406243,-0.022655577054268294,-0.019132646863275704,-0.005669591250350159,-0.037631253117997365
-0.008114846817327104,0.008724748019548034,0.03044538490525478,0.0007177311478482884,0.021048846758089546,0.0,0.009394459697365687,-0.00046511522116987614,0.03021959912958888,0.008294152480017247,0.012233078787622198,0.024265699208708635,0.016061601357316158,0.01291876041204959,-0.04641256080574313,0.008545682055238979,0.016215372275290796,0.011213283113270911,0.019921079669472985,-0.004722446480731335,-0.04292738200752866,-0.006762852109340578,0.02334955516604592,0.008991865926833709,0.025586332518027333,-0.02013545913580861,0.026234115032194916,0.007477841213875791,-0.0059816773511101595,-0.013957484107883278,-0.018443524920867316,-0.004168057188534857,-0.022258656412214473,0.0014520808403752916,-0.004867827327902585,-0.01144265607106576,0.006600026282909122,-0.0027974148614025585,-0.03998839929626519,-0.04851737418876284,-0.029104464302412758,-0.0440203962709913,-0.018807844700756082,-0.07107044828865638,-0.004206347081365414,-0.006420718880987719,-0.0018330732979745523,0.01138643251397864,0.0,-0.008334546572732249,-0.017172115402793953,-0.018741583447431376,-0.012955681765414895,0.013245764124206416,-0.0055010907491857,0.01041875484125565,-0.011756066113506214,-0.044660811213966534,0.016592591185684957,-0.06211448280247761,0.006739410555343273,5.551115123125783e-17,-0.0008223361454883782,0.012507684424376886,-0.05302442714100103,-0.04130096794026361,-0.03887646585628812,-0.022128084474241083,0.0,-0.022408509922956343,-0.013425103394038851,-0.02883997459529347,-0.05542744814723788,-0.04541537102137144,-0.08756187700001422,-0.04295428290393183
0.017323056592210895,0.031759027758125724,0.011754395113819815,0.02269430189403132,0.039568586108617854,0.009394459697365687,0.0,0.011042643850245615,0.013157173439228287,0.035121450154799616,0.02866243399911078,0.032660510144226496,0.008201396473643208,0.023452921356222844,-0.027864877731872406,0.025794529161437152,0.023434554592541734,0.017216379666136206,0.0210900809689199,0.013472503763788835,-0.015914321684899535,0.019797399746822764,0.0019286886907171619,0.019158254416426046,0.029708503230480965,0.024515398785754705,0.005676847222797432,0.03576840368082507,-0.0017972702872004476,-0.00861461673894659,0.045566880530617804,0.022418911673238895,0.019421271964282505,0.029759878078786717,0.044187164228578324,0.049275507426743026,0.06537256678257525,0.03362692752320662,-0.01605870022016942,0.008445746781495622,-0.008768124779031161,-0.01623928036091371,-0.007346754209765938,0.0016519824350739731,0.0019996074681351006,-5.191772031160058e-05,0.028744441776010043,0.031896812000066554,0.0,0.019895931535678812,-0.015727551138621343,-0.013500495261800971,0.001558332819900865,0.03181810637843696,0.01392986831990689,0.04104954443939368,0.006904705800491351,-0.044234319358435525,-0.0066248362924128945,-0.04504963797460387,0.012490627081223227,1.1102230246251565e-16,-0.0007660764408227716,0.01430192329789226,-0.03138379356014187,-0.040419166871238255,-0.02372155820134425,-0.018844376198038693,-0.021005392364239706,0.0039248133354445325,0.02119262766676877,-0.02290683186499759,-0.04514244822649505,-0.03991477826898132,-0.09533240890225869,-0.0394949361428264
0.013431995084592141,-0.04516344369354497,0.02892015196263975,0.04312254033996343,0.016206514759303736,-0.00046511522116987614,0.011042643850245615,0.0,0.04094090586470406,0.016102746455342876,0.05471616691927034,-0.010896734153454546,0.002363561745347187,0.035471156101999635,-0.043680755089100354,-0.01937813546825229,0.018634621057545486,0.01668760391320251,0.05756937280198132,-0.03594328802356761,0.007540210008454062,-0.03770322748852162,0.00368386899622386,0.020984697312258827,0.007422831007663555,-0.004799876241798562,0.01086637616584446,-0.008626230713713046,-0.02262023778975869,-0.012185797842178714,-0.015830466858612724,0.036210445237101485,-0.016615077145018142,0.012604361643943074,0.01672701598663373,0.039207042162152095,0.053928205454921885,0.02283187068790543,-0.05438228947834556,-0.05364954554981077,-0.07623470263392351,-0.016547616616202576,0.002728598454118103,-2.0036557950575684e-05,0.0003865206862486703,0.02888181809033208,2.5918542523872823e-06,0.03534326233132323,0.0,0.0476959469595184,-0.016206509944325875,-0.015547820792869482,0.03440117486769634,0.03742652161090365,1.031455707056761e-05,0.015534282429037871,-1.1102230246251565e-16,-0.05600377360067438,0.036873392651397274,-0.037521414135317344,-0.0014224443314826973,0.0,1.1560982413671983e-05,0.018025811483768917,-0.0578000277818308,-0.03077419500819989,-0.04645210601924704,-0.00952791814130105,0.0011762825374798114,-0.0007431617121189671,0.0030308874549934695,-0.01638713222638083,-0.07629357276202259,-0.06620265695652111,-0.006280543259446825,-0.0839597801084952
-0.0021465782175584813,0.02602998752525726,0.03863863876546053,0.04540186749858882,0.03205835086869119,0.03021959912958888,0.013157173439228287,0.04094090586470406,0.0,0.02448359971818659,0.04713545505288658,0.036484305009029716,0.024447255096674614,0.05463767750942217,-0.029473388112438048,0.041392898196333405,0.032611036465630516,0.03785740799997306,0.04761348217664091,-0.003987567476617493,-0.01456451718995394,0.009088790795400092,0.01492676360464218,0.030174481407474585,0.06414718296798394,0.05862897251099625,0.03490219129962224,0.015906656854229484,-0.009875734333967878,-0.0070249598632946,0.014302617903266812,0.029748605079391532,0.03278832337318244,0.032912883627974676,0.042798683008657135,0.02816053869128815,0.027469444817148803,0.031259886087394606,0.024684699505674534,0.0026205922053088027,0.026227520372747892,0.017377782447167478,0.031315280262723344,0.012530746447656227,-0.0096669882934447,0.0,-0.008277389976954264,0.0158089422444585,0.0009632817724698484,0.029171868013472046,0.01926000163749031,0.02391168850907588,0.03951159642502822,0.03655870681220952,-0.015327393963754488,0.04473694987633936,-0.010734470443803323,-0.006747307409274317,0.04013782837843294,-0.053013527691399664,-0.005441157774795258,5.551115123125783e-17,0.0,0.031428323168132155,-0.030956737710111815,0.006915102464464029,-0.024476866496302263,0.020075636040822187,-0.002022682717467139,-0.001156066165795,0.0652679140672191,0.02021582828840429,-0.009570967570654454,-0.020222077852205422,-0.011220009035636247,-0.011670591612310544
0.030426287094871163,0.00671027936855606,0.01565540431904433,0.027098213451965003,0.023930639836554468,0.008294152480017247,0.035121450154799616,0.016102746455342876,0.02448359971818659,0.0,0.03484476079096871,0.017955061777665926,0.028511898628747978,-0.1707274690938608,-0.01642213053450614,-0.0010237936145977011,-0.00871937091678282,0.0021356514811632366,0.02631078621840005,-0.0018274544275720395,0.031389724068007996,0.011497168990699136,-0.001366470436894085,-0.005170579153874977,0.02275615109375212,0.01133823835809089,0.01232137266680483,0.05680526282907555,0.004258596777643953,0.02266383861263732,0.02286092271124085,0.008631706931270633,0.004112232567023144,0.011110600532376669,0.03895114178955733,-0.01480720728952617,-0.009300390246422707,0.005104034195645979,0.023305845646811596,0.023859391418441844,0.09687131455501019,0.14165259536460112,0.0026945893084941996,-0.008677268825866835,0.02910097126268374,-0.016199475798686136,-0.007076616243416101,-0.007763910781962813,-1.1102230246251565e-16,1.6653345369377348e-16,-0.00601913805566856,0.010251861031192633,-0.0015514922074524318,-0.022721731279275736,0.005384467602687293,0.05542967644694169,0.013464052777252766,-0.030152864685304148,0.0,-7.274668638396209e-05,-0.008704696822953717,0.007169274693661243,0.0010622809099288255,-3.169324131779838e-05,0.0032268775525757243,0.0004004717251268053,-0.004684612665222465,-0.005807702001301207,0.00902696250815177,0.011844173608951292,0.020577433976512516,-0.005245214940445608,-0.005067947622916791,0.013022410971538556,-1.1102230246251565e-16,-0.00944337904339998
-0.024595978703018606,-0.0012719616272416912,0.017262600163624076,0.01368789116835023,0.03454123979576473,0.012233078787622198,0.02866243399911078,0.05471616691927034,0.04713545505288658,0.03484476079096871,0.0,0.053785174370518885,0.023290720790368313,0.010975715125960073,0.0,-2.3805065070159337e-05,0.02634304868568682,0.033755922859134424,0.02687790459582562,0.00010940495525790794,-0.012323579593010059,0.002802448262041457,0.0063325104318422976,0.02310370595762745,0.03366654871962638,0.020233021927377026,0.03533272265857351,0.03455184099477848,0.026320864444931813,0.006077393619933924,0.03497473699210962,0.03840381625190853,0.05379355540796876,0.04347243448595839,0.0633368087269191,0.01922126478901315,-0.00021211054363351467,0.051068794517224236,0.047728313102563036,0.012169528091028115,0.06154942508494582,0.0008541888603335046,0.035550587821719104,0.001875545670662948,-0.009284199846011754,0.0,5.551115123125783e-17,-0.07639573048262926,-0.000192007242407366,0.07087551064012693,0.029432317945068953,0.04450597383629984,0.04007928072140421,0.05424175407682652,0.006102486831725373,0.08357216786064037,0.0012093812189422626,0.010655149357712168,0.02632782237853809,-0.0010856704029728603,0.0,0.0,0.0,0.05665459232942471,-0.0297274577413133,0.0,-0.016426287062720812,0.03013285452039227,0.0,0.0,-0.006250163487065363,0.02441905926170518,0.010414545664845731,0.0087218086778042,-0.0002447215147521886,0.0259177171086743
0.02694239004715515,-0.0033804655565216613,0.025025625944205987,0.05813378797394553,0.04260620861765324,0.024265699208708635,0.032660510144226496,-0.010896734153454546,0.036484305009029716,0.017955061777665926,0.053785174370518885,0.0,0.03588252958199345,-0.007637614741891119,-0.016801623015772205,-0.003566583556910752,0.002376144429768079,0.0029196169045256903,0.02334298397509449,0.017243989601184728,0.04284257408517167,-0.01833971587404959,0.022281991758136444,0.018560475210652738,0.025794185939772785,-0.0028308020755998253,0.018149454914112018,0.043977835533025256,0.003638087751642205,-0.018039525595597794,0.019938133845946837,0.028705819481206707,0.007424418814980349,0.01685126303243567,0.04554143845441716,0.0034906426076320995,0.04454919928608303,0.04341368514493055,0.2285484080452912,0.023496979205334834,0.10042607211048443,0.047822863067309374,0.00789938133018625,-0.0027991486637281293,0.07590551980665816,-0.021569361404913723,0.012206907919598387,-0.009651401676644855,0.0,0.0004244224585951417,-0.0007737541726750008,0.007964032017324874,0.0,0.00918214832859815,0.0028441655107529495,-0.00843971163316043,0.024046344340509174,-0.0026252187344600886,0.0,0.0028049926314772655,-0.017052851886965537,0.004271444386983847,-7.516352722569675e-05,0.0,-0.0005967770468052747,0.00024211664597395544,0.003247761291487683,0.019540225214948248,0.005945068348764182,0.018787605836461163,0.011701266339888328,0.013259102021711155,0.025998891721572714,-0.01663883051638515,0.0,-0.019716025356297295
0.011568777395681518,0.030935674600472363,0.006971164326185275,0.024160154088993746,0.026511944376312047,0.016061601357316158,0.008201396473643208,0.002363561745347187,0.024447255096674614,0.028511898628747978,0.023290720790368313,0.03588252958199345,0.0,0.009781410871472829,-0.04101659906442273,0.01725824067679399,0.014732112516561091,0.00150627104991935,0.012962063127542278,0.007222197763340155,-0.02540071105551034,0.015495170668446079,-0.0056294061325775635,0.020478286266614965,0.01155548214958757,0.010175439026459898,0.005961228156121823,0.02428145914153862,-0.008048289119347352,0.0038195713526731345,0.028809353316272213,0.014115458849830897,0.019966423178724935,0.022865935318167996,0.035046548147859125,0.026721186791511198,0.03706093041528136,0.03054590795513501,-0.02341972771028117,0.009069870012549108,-0.02331380857976867,-0.030307497173725717,-0.011798733006407658,0.031088786725333162,0.02557480082005359,-0.0016689183797735097,0.0308612601977048,-0.012992738066551435,0.0,-0.0141045023981754,-0.02573795853953742,-0.025868564235854263,-0.016137501925159448,0.020987038222446297,0.008425786030767768,0.020401763283704133,0.012685053979442085,-0.04300989477974421,0.013200823061459144,-0.052402658950170544,0.03320708972604297,-0.0054398258307323255,-0.0013646559929467728,0.012292613647334805,-0.042923757475771596,-0.03277970314006351,-0.020563669737865053,-0.029052156790258077,0.007330511297691522,-0.012056695451719002,0.02516313145278909,-0.030371116352893968,-0.051111851789468254,-0.03757155518252997,-0.06600010817260493,-0.04287850247898495
0.009518167598359939,0.0,0.03068067610727987,0.010182859120710486,0.014429328909368322,0.01291876041204959,0.023452921356222844,0.035471156101999635,0.05463767750942217,-0.1707274690938608,0.010975715125960073,-0.007637614741891119,0.009781410871472829,0.0,-0.004341398742093383,0.0,0.0,0.0,0.04190990819718038,-0.0010577711196078088,0.0004687215493102137,-0.005452867512407922,0.029180957760171544,-0.014117999776831813,0.00018743741063492747,-0.026761196404171905,0.021688096343971508,0.01778652148723847,-0.02192927473344014,0.00013371354662389257,0.03797078521659586,-0.04260290600384209,-0.01174866029243904,0.04119016453142832,-0.0359599394426765,-0.006240945865415071,-0.008319752201724762,-0.012510370934077641,0.04563042028373915,0.0,0.002277466732277189,0.0,0.032827569943641,0.0,0.0,0.0,0.0,0.04833136949983596,0.0,0.024985277738881262,0.016754873728436093,0.03847858193374243,0.04742180132368601,0.04700947885448614,0.0,0.01751194046990906,0.0008344958185853013,0.0014303710961237615,0.005202187815921633,-5.551115123125783e-17,0.0,0.0,0.0,0.014165702149056214,-0.000924464248474699,0.0,0.0,0.006802206670975308,-0.0006985873056876146,0.0,0.0,0.00564796161872011,0.01492864903931318,0.0076650837587390885,0.0,-5.551115123125783e-17
-0.017226379034277872,-0.05234731711432955,-0.04097111084804944,0.002219872549245161,-0.01883452609579872,-0.04641256080574313,-0.027864877731872406,-0.043680755089100354,-0.029473388112438048,-0.01642213053450614,0.0,-0.016801623015772205,-0.04101659906442273,-0.004341398742093383,0.0,-0.03827518629715465,0.012948768274121225,-0.029327274352777488,0.0,-0.010119213240126934,-0.05719077040209386,-0.030993666959877098,-0.014940784407567576,-0.0016662183675503761,-0.03898099250004339,-0.036770444105050315,-0.0077928486772785854,-0.06069724773248525,-0.06774171699526549,-0.08861934797571158,-0.06033152774373063,-0.0841531950644333,-0.09344912778692427,-0.06608734766199942,-0.08715846017924672,-0.08013643946639665,0.007776272457567346,0.08789039512983654,-0.08359595658991725,-0.08627539491682046,-0.08035979287897305,-0.0806333579990271,-0.04410684361400191,-0.0006610755071209118,0.01857766358614532,-0.047215873598036806,-0.04443569208126874,-0.022262700795519952,0.0,0.0,-0.06237288382082912,-0.056558884050276426,-0.059264643747059864,-0.010245103522243504,0.00019396752136158213,0.0,-0.010518783643489737,-0.0714246456577804,0.0,-0.09118092424648222,-0.03651030959500495,0.0003746068572472727,-0.0192646756050735,0.0,-0.0725651690303809,-0.08651360040257827,-0.09115278828021334,-0.07589239897579148,-0.007720387203113688,-0.03976650354336109,-0.053245294932283915,-0.06939871794954822,-0.10189255851870893,-0.07929215995213823,-0.060901834187327586,-0.07001347296843646
0.011210484724378189,0.005143267668205276,-0.01085710650619226,0.0,0.01701378844114604,0.008545682055238979,0.025794529161437152,-0.01937813546825229,0.041392898196333405,-0.0010237936145977011,-2.3805065070159337e-05,-0.003566583556910752,0.01725824067679399,0.0,-0.03827518629715465,0.0,-0.012870770161699185,-0.0005797026483607692,0.0012828244699610303,-0.02381806923926505,-0.02124031522662434,-0.006128898481507439,-0.028211508811816055,0.007492053215802041,0.018475742503116066,-0.0027601463205783605,-0.00916823082580126,-0.0044660586675988045,-0.0133588191757823,-0.013745999529438058,0.0014074813051528912,0.0055049392030177,0.0027918955624229858,0.01086432884717592,0.01161122885401844,-0.043979799998671965,-0.007739643670336416,0.007750051667473945,-0.004845546969529602,0.020246569221441746,0.0072886942018315914,0.010280069684872828,-0.015949363254208704,0.0,0.0,0.0245587889742514,0.009241070394198136,0.0,0.0,0.0,-0.0012029656862560523,-0.005798587405646649,-0.011572528894585155,0.0,-0.005168546946498098,0.0,0.032846344799049354,0.021659305979833177,0.0,-0.04281408869177633,0.006047190241139699,0.013266003520782554,0.010638775589726313,0.0,-0.049752296383204664,-0.020859220819400226,-0.020421302944632402,-0.0426916257901519,0.035050905899287,0.003912045594248181,0.010518547896750885,-0.041611504644167685,-0.05821051949422207,-0.014369598681160944,0.00021629964638836263,0.004254017368011509
0.01912134680888683,0.008197850225594105,0.01756111421015555,0.0003649674035239303,0.01932784469968546,0.016215372275290796,0.023434554592541734,0.018634621057545486,0.032611036465630516,-0.00871937091678282,0.02634304868568682,0.002376144429768079,0.014732112516561091,0.0,0.012948768274121225,-0.012870770161699185,0.0,-5.926544181450444e-05,0.023492768230584105,-0.0008387528758351803,0.023886400496820892,0.002096186025199731,0.008606961457288231,-0.018320424784701028,0.03814358716435662,-0.00415307427358802,0.013659586706976035,0.03423861341293705,0.0012042718552323084,-0.006718468617020024,0.011646764227446427,0.01704054503043445,0.008384655692701304,0.0205908419654367,0.031027401456623138,-0.005017605154057692,-0.011513993146785917,0.010216677323336643,-0.009729236702035904,-0.004826624715027983,0.006256729155735219,0.005799521359835191,0.0,0.0,0.014219952815017978,-0.006512826879447042,0.0816433661147139,0.0,0.0,1.6653345369377348e-16,0.00019346635316419558,0.00028373751868077113,0.0,0.0,-0.0012395667567373092,-0.0005035579299645931,0.0029747141932921495,-0.005475493091064432,0.0,0.0,-0.015978828046184834,-0.001920057570955369,-0.013262299824258472,0.0,0.00036936037480628237,-5.551115123125783e-17,0.0010338869319493904,-0.002472024761951519,0.007655720548533029,0.00769826178475469,0.017156360049951136,0.0,-0.0013580300763466058,-0.010799056144757457,0.0,-0.008031843402809546
0.013137436109173395,0.005737900121562278,0.02005368777956129,0.0,0.02501515175382729,0.011213283113270911,0.017216379666136206,0.01668760391320251,0.03785740799997306,0.0021356514811632366,0.033755922859134424,0.0029196169045256903,0.00150627104991935,0.0,-0.029327274352777488,-0.0005797026483607692,-5.926544181450444e-05,0.0,0.022775116155912545,-0.004029426987621931,-0.021304654312341187,-0.008672799907229689,-0.016175599397888152,-0.008269950875203769,0.02034730316999228,0.007033591669540651,0.0010574831440440802,0.007930892034622161,0.004721821357102529,0.0039677486121402206,0.01053379918310382,0.012006292591015544,-0.000824537691472893,0.012577441016186242,0.02062944717425602,-0.009939878641218314,0.0,-0.007623470844779157,-0.0040029987258842215,0.008675741883390653,0.00384436661979487,0.007109080675894497,5.551115123125783e-17,0.0,-0.004497659331400117,-0.0009877639412500527,-0.007420875684047201,0.0,0.0,0.0,-0.012592418661394211,0.00026645880595038696,0.005940389935908064,0.0,-0.006984800724652129,0.0,-0.004315964593882837,-0.012253604146531816,0.0,-0.030168651573737493,-0.0011055094011205302,0.002047580160425999,0.004148908891489611,0.0,-0.024089559116054315,-0.005202382618205548,-0.021602614291262312,-0.0521052611191935,0.0009490764840504595,0.00583924972726485,0.014136580712058422,-0.034875500972525286,-0.005417265257076753,0.001917418378640623,0.0,0.005868573487717854
0.0,-0.009022513301185475,0.022235559000590654,0.04130961309761344,0.04568356198538376,0.019921079669472985,0.0210900809689199,0.05756937280198132,0.04761348217664091,0.02631078621840005,0.02687790459582562,0.02334298397509449,0.012962063127542278,0.04190990819718038,0.0,0.0012828244699610303,0.023492768230584105,0.022775116155912545,0.0,0.004061009574327534,-0.02950938041921758,-0.005085865754439423,-0.04638254947491721,0.016959648170169594,0.02616132177126823,0.018825584741950563,0.02653994468973031,0.02003250380115701,-0.024225343637392704,-0.00013502333659021204,0.02643610493963866,0.03491993163361112,0.05207099229596701,0.03430678513202434,0.03494364647831766,0.023986179285071463,0.029286330170436525,0.029348668571695047,0.047387454831252174,-0.02266709137631484,0.013018876104206045,-0.005952960692519382,0.031766173719969926,5.551115123125783e-17,-1.6653345369377348e-16,0.0,5.551115123125783e-17,-0.10356930749325449,0.0,0.022491578746978935,0.02246454254021013,0.029983172012904347,0.03777948580952173,0.034834291619190605,-0.0006027561247529123,0.017680962241725107,-0.001825897363546769,0.0009448998907035655,0.057021702254296036,-8.601280246905985e-05,0.0,0.0,0.0,0.029266779186221448,-0.016925089269705706,0.0,0.0033434760615755343,0.018913510107234632,0.0,0.0,-0.014107270034583452,0.02286053573122926,-0.008482543466544312,0.0029501656891890993,-0.0022622971614394416,-0.004053536043715611
-0.03662798010463253,-0.020962784052061034,-0.01857782175112105,-0.007326224494066724,0.010452163993604158,-0.004722446480731335,0.013472503763788835,-0.03594328802356761,-0.003987567476617493,-0.0018274544275720395,0.00010940495525790794,0.017243989601184728,0.007222197763340155,-0.0010577711196078088,-0.010119213240126934,-0.02381806923926505,-0.0008387528758351803,-0.004029426987621931,0.004061009574327534,0.0,-0.06707413827014941,-0.007108245457128681,0.012773379168282362,-0.008419749590040548,-0.005131354054042303,-0.041711387355683305,0.012562806165874352,-0.013052734637594765,-0.0005804100860952177,-0.01432865459316418,-0.015325010179370935,-0.03539262195295806,-0.042450161734374436,-0.014890894816398936,-0.03173055314226875,-0.034792582455945964,-0.029191311021995237,-0.003000807326368482,-0.07030145415683836,-0.06101631886824599,-0.07432067027633377,-0.06861679953192656,-0.0036686699020919145,-0.0011662180011199896,-0.019195771190029465,-0.023497904511589673,-0.02488206431408624,-0.01701337061733954,0.0,-0.007467785924854808,-0.06366649016555892,-0.05314347075219478,-0.07727980499705661,-0.015824835992532316,0.0020244760661107253,-0.036645203276973626,-0.01041106192255642,-0.06586273354098021,0.0,-0.0813469039328063,-0.020191664555231192,0.0030609254698049093,-0.021034714424368994,0.0017791092264526909,-0.06713770335283098,-0.08891038555630604,-0.07377040398870188,-0.07498703498814896,0.0028878781139744514,-0.02630196745468011,-0.03319827986901214,-0.07029704431565209,-0.08529690050483829,-0.08009025394780184,-0.06458015684344365,-0.0781386275028248
0.029269320763662232,-0.037025436320974825,-0.03967814203863551,-0.0002497780727592769,-0.016451377045094195,-0.04292738200752866,-0.015914321684899535,0.007540210008454062,-0.01456451718995394,0.031389724068007996,-0.012323579593010059,0.04284257408517167,-0.02540071105551034,0.0004687215493102137,-0.05719077040209386,-0.02124031522662434,0.023886400496820892,-0.021304654312341187,-0.02950938041921758,-0.06707413827014941,0.0,-0.07561580509661858,-0.02460596107560714,0.03150149603851099,-0.014286510261854457,-0.014320598347612512,-0.04419834731260619,-0.05424388981509387,-0.06986872878511685,-0.05512565294459226,-0.04388117821309323,-0.06482834505885654,-0.07866197654534701,-0.03638749436463645,-0.05815814739624964,-0.03615358365386345,0.008711381119829387,-0.009293237462888682,-0.04037253111342021,-0.0294589463902189,-0.04818405839551021,-0.03574268205884057,-0.013134089073809585,0.0,0.0005927228358990067,0.006529897213477076,0.004349905959823097,-0.0017910068019839631,0.0,0.0003431397611789455,-0.04634292012179464,-0.05103569852782153,-0.024352679565495805,0.009070004581996527,0.00012670828738670092,0.0,0.003523457650367434,-0.06645568170363841,0.0,-0.057282823995028265,0.004692051471299585,0.0,-0.01810892011042453,0.0,-0.04593108044295302,-0.03436411807742795,-0.0631663318144931,-0.049969711009577866,0.013996026657082938,-0.004964106098676868,-0.0047969881538708625,-0.05158324011971627,-0.09132272779095224,-0.06602620354033417,-0.10535341456090613,-0.06033692316252609
-0.0021019385340439456,-0.010347634463306166,-0.023036645649425036,0.00034605857888558855,0.0194643470891131,-0.006762852109340578,0.019797399746822764,-0.03770322748852162,0.009088790795400092,0.011497168990699136,0.002802448262041457,-0.01833971587404959,0.015495170668446079,-0.005452867512407922,-0.030993666959877098,-0.006128898481507439,0.002096186025199731,-0.008672799907229689,-0.005085865754439423,-0.007108245457128681,-0.07561580509661858,0.0,-0.0414352659746966,0.05954771572563844,-0.0019541939648466955,-0.031058463854757468,-0.014754682645977346,-0.012498293107618463,-0.011980194857080406,-0.023580003833959917,-0.021125478929151675,-0.05811351908725404,-0.04829870562733396,-0.030588746074735274,-0.05435273071057822,-0.05460886084240235,-0.006147143094936081,-0.06084057548649341,-0.0664617537322999,-0.05534900569451473,-0.05879876245078003,-0.06964854076796945,-0.03329474239073532,0.0,-0.011663089313857788,-0.015223548411305854,-0.011172862595016264,-0.027157704615457245,0.0,0.0008287024744280669,-0.042322962637346195,-0.03032523363214995,-0.0651132229800474,-0.023396530904746637,-0.0037585804833684677,0.0,-0.008020731749666221,-0.04452264807230999,0.0,-0.08827616796473553,-0.010094196318646276,-0.008414895198829042,-0.004326451885898086,-1.1102230246251565e-16,-0.0734452149582695,-0.0893263719613197,-0.07572217229037514,-0.06816633601700595,0.004353632929800122,-0.009857835381495816,-0.028017823390999008,-0.05644070203860985,-0.06820616403207669,-0.061022477486434745,-0.01254607214492337,-0.044260783173382
-0.0009325540038471192,-0.03394164129324151,-0.04121474555913113,0.021398432277702772,0.008028049174260254,0.02334955516604592,0.0019286886907171619,0.00368386899622386,0.01492676360464218,-0.001366470436894085,0.0063325104318422976,0.022281991758136444,-0.0056294061325775635,0.029180957760171544,-0.014940784407567576,-0.028211508811816055,0.008606961457288231,-0.016175599397888152,-0.04638254947491721,0.012773379168282362,-0.02460596107560714,-0.0414352659746966,0.0,0.014711443098929466,-0.01387868554948185,-0.03989451757226026,0.019232740340137555,-0.0162176763178547,-0.026276052721879162,-0.011923137077067658,-0.030974646907809156,-0.01921538007648993,-0.04128125371920005,-0.013996010838387363,-0.03054850702653239,-0.004645681690359005,-0.017309091129625753,-0.0035492928544392788,-0.06089755543964992,-0.059720761710198356,-0.04537311872636568,-0.054506320751076254,-2.6829880747758494e-05,-0.11230109260019822,0.009752550039865415,-0.022155397618389583,-0.024892671579433978,-0.13050054257964244,0.00010683672848571524,0.023423856971951373,-0.022355179776311185,-0.021300869329217154,-0.010219612705329006,0.017464475358716758,-0.011976202971821892,-0.012475904069280064,-0.03956829709560011,-0.04818692962808324,0.033815975897422024,-0.07668767805400978,-0.025679372088715124,-0.009843770326129153,-0.04529655668743576,0.05696281051976293,-0.06638203180053148,-0.06832472580276855,-0.07523283052258223,-0.027832245417545032,0.002574231957307438,-0.0058493784071896315,-0.03246402105236801,-0.033149092266137214,-0.06201063031636417,-0.060051276548026555,-0.08722696433530697,-0.06296428764291223
0.02730451357173147,0.023640256409460936,0.018704310411404135,0.006648980738488408,0.03839823598507647,0.008991865926833709,0.019158254416426046,0.020984697312258827,0.030174481407474585,-0.005170579153874977,0.02310370595762745,0.018560475210652738,0.020478286266614965,-0.014117999776831813,-0.0016662183675503761,0.007492053215802041,-0.018320424784701028,-0.008269950875203769,0.016959648170169594,-0.008419749590040548,0.03150149603851099,0.05954771572563844,0.014711443098929466,0.0,0.0063969715319991405,0.004158923648890811,0.02114184583125195,0.0329228510344185,0.009216085363274895,-0.012643837590118112,0.015875860501160688,0.021779438783819438,0.024469490844187758,-0.0035413093080085,0.03937323214694688,-0.018535854004795682,0.04532064890572396,0.004964505400427199,0.07058662442200153,0.037732640533789885,0.08678177846381074,0.12458721797510874,0.0007360051022533565,0.009984744744708174,0.039977940752031815,0.024851141944252753,0.00857653609659842,-0.00022916820194629484,0.0,0.0,-0.006824759449219342,-0.00234161039061348,-0.00012343740035875017,-0.003381618486057558,0.008083614187868737,0.001038864452999999,0.008748871123823776,-0.0039025644493266842,0.0,0.01661608785857621,0.009806057863108175,-0.0030971643947445004,0.009535980040325742,0.0,-0.004850799379159165,0.06638651408567858,0.059232789518537055,-0.026970146814010165,0.03258684181890159,0.017256983248727875,0.02025311763100507,-0.004954379172189549,0.07197341807454632,-0.012396759914680422,0.0,-0.00541737690715266
0.01935904918209541,0.008432747484827252,0.049702224837537556,0.0,0.03507513698636361,0.025586332518027333,0.029708503230480965,0.007422831007663555,0.06414718296798394,0.02275615109375212,0.03366654871962638,0.025794185939772785,0.01155548214958757,0.00018743741063492747,-0.03898099250004339,0.018475742503116066,0.03814358716435662,0.02034730316999228,0.02616132177126823,-0.005131354054042303,-0.014286510261854457,-0.0019541939648466955,-0.01387868554948185,0.0063969715319991405,0.0,0.009305650424699718,0.0024469077196987987,0.011739281991418327,0.009326878381767045,-0.0019352372466312495,0.016086909530584004,0.011018585017829596,0.0068228167758865865,0.013788806482164684,0.0207798066516916,-0.0195835980121018,0.0005623243293190194,0.004698996175079073,0.003316932953160212,0.006399387252395694,0.0066660940233704835,0.0070038666231858615,0.0019116951857338638,0.0,-0.004156009448352205,0.013428356535640285,0.0012518159747464952,0.0,0.0,0.0,0.006254813167606399,-0.0037076596320427258,-0.013684527823756287,0.00022608130660500825,-0.009015577085280668,0.0,0.0014434054004815455,0.011273617339344011,0.0,-0.04308359581312765,0.001977937145662134,0.0005818368675536978,0.0024481301723053295,0.0,-0.009442712979674639,-0.0009366279840735681,-0.015104055595234034,-0.006699746414716934,0.01245998129409992,0.005954360241090306,0.01566044791036214,-0.012674368448536477,-0.010092168217004982,0.007945548162975602,0.0,-0.004688042962583183
0.011486274089623827,-0.0031103549909832773,0.010848316361190435,-0.003354378875648656,0.0423967059882005,-0.02013545913580861,0.024515398785754705,-0.004799876241798562,0.05862897251099625,0.01133823835809089,0.020233021927377026,-0.0028308020755998253,0.010175439026459898,-0.026761196404171905,-0.036770444105050315,-0.0027601463205783605,-0.00415307427358802,0.007033591669540651,0.018825584741950563,-0.041711387355683305,-0.014320598347612512,-0.031058463854757468,-0.03989451757226026,0.004158923648890811,0.009305650424699718,0.0,-0.038739293196795144,0.007066282326857465,-0.01883646867238903,-0.019240340137166856,0.014747058687427206,-0.005234283090706893,0.005112478484667504,0.003881180992813149,-0.00491741866929013,0.04415770031639488,-0.02631492844504779,0.014563953264218221,-0.004337897835333893,0.004266672044699826,0.003615296594733697,-0.006986899728782581,-0.011206097633234158,0.0,0.0034464588765660276,0.004995857408667426,0.0037960772221458106,-0.00567794492107071,0.0,-0.0007587913157877657,0.004281277770510239,0.002343375488536581,0.011518802153379304,-0.005335903079581483,-0.0021206160491807347,0.00023219949128328032,-0.009238004227490937,0.004255934937724082,0.0,-0.047809066037815984,0.001407388369592033,0.002139340475956264,0.005014186544085697,-5.551115123125783e-17,-0.035471943752299395,-0.023039300941769425,-0.04111125827879969,-0.019433105670295214,0.004393613235713523,0.007358649863933753,0.0034384724774078057,-0.02619718395377646,-0.016126630956526722,0.016706447695403304,0.0002484291250379189,0.004332455327588414
-0.022678717026711148,-0.007390397177303498,0.027751870197744055,0.003130062246753884,0.017390572232434398,0.026234115032194916,0.005676847222797432,0.01086637616584446,0.03490219129962224,0.01232137266680483,0.03533272265857351,0.018149454914112018,0.005961228156121823,0.021688096343971508,-0.0077928486772785854,-0.00916823082580126,0.013659586706976035,0.0010574831440440802,0.02653994468973031,0.012562806165874352,-0.04419834731260619,-0.014754682645977346,0.019232740340137555,0.02114184583125195,0.0024469077196987987,-0.038739293196795144,0.0,-0.006790724434892426,-0.007351268417975398,0.002388268581905717,-0.010544022599888792,-0.012203872143574879,-0.02671415921688114,-0.004467236887557624,-0.01776339332449739,-0.01711765143065147,-0.004517675818251632,-0.005718649665110043,-0.054470847642835996,-0.05715971149824073,-0.04320451943642123,-0.05839669568358391,-0.0030851059656863966,0.007841545802847127,-0.010541550360137542,0.01954279284777294,-0.02393954495049111,0.004527327759105471,-1.6653345369377348e-16,0.007155811465076822,-0.014765711784467728,-0.012538859646091916,-0.0067802163833077245,0.02242784747502169,0.0038178248584790353,0.01663882205531142,0.008523964240280124,-0.04319793405604627,0.016868404460160247,-0.0759371959000576,-0.01646488906014848,-0.0001508153001157364,-0.029712659007242348,0.024970928186693775,-0.06186710634322534,-0.07015170650302177,-0.0670166693204885,-0.02356497342097974,-0.0074947071744335125,-0.013128339200454087,-0.02824568850819359,-0.028509951328103023,-0.05472986546995606,-0.056885726711497775,-0.08266864285503606,-0.053294184309462256
