0.0,0.7519579539467434,0.8927415497185619,0.9433521723339453,0.9095060125786728,0.7803693717457251,0.8851457740654488,0.9696728205870037,0.8152244219908626,0.8084782889628966,0.8659776847413294,0.827304039505332,0.9249202629155746,0.8035308354518816,0.834513051497237,0.7025652944077714,0.8383240404579467,0.795106588710882,0.8584884581486112,0.731171201331126,0.9763412505258481,0.7756962010509219,0.8187080588505566,0.8358290751807742,0.8047254270152667,0.8237377169014846,0.7666454280653738,0.8062865034264696,0.7553428778812774,0.7780960849821766,0.8667402358782992,0.8873429530526611,0.8630595672640324,0.8496818162534424,0.86418066389147,0.9295915325189453,0.9451645936953668,0.8141571953841146,0.9425213327855951,0.8588862572355227,0.9025422731714168,0.9415931005846064,0.8396316890994784,0.7133565382972626,0.8750273625010158,0.8427454099193535,0.7436952323241814,0.868808171048205,0.8776329594910209,0.867147022414631,0.832366242497708,0.8933946374593901,0.9353031560937352,0.8473978870318398,0.9225945094872914,0.8535024918765939,0.844269555897627,0.8536974532991286,0.8450040575544614,0.8498461495513716,0.8122284200320321,0.8027260823560578,0.8318524821660387,0.811877266150581,0.0,0.9609373139439227,0.7529454072231703,0.8019255003314615,0.7796178669911935,0.7329049556213902,0.8358230311997827,0.7680509772414191,0.8023041642398994,0.7914697410783029,0.7513801993994622,0.8517706265508472
0.7519579539467434,0.0,0.7674292324879946,0.8410221999782639,0.7885791800991921,0.7550221970506804,0.8313880732196652,0.732727169410879,0.7093524469093853,0.7232223466978996,0.6904826641442329,0.7468534755718,0.85141545191781,0.7260656102494183,0.6741665078483938,0.7227153719299011,0.7203563430810699,0.7389030985968251,0.7117940698434625,0.6304460835171304,0.691995116894298,0.6728002262277448,0.6552365190767002,0.6961709662418354,0.6945918590404858,0.667359400707958,0.5851625658270533,0.7441717746265825,0.6899543394756558,0.7492153231944041,0.7046209325801611,0.7633477048838012,0.8502512152876314,0.7667759375224148,0.792460442184062,0.8542685789680385,0.8355339484584793,0.6561102455833596,0.8039706981577824,0.8586190586945841,0.8092823876081772,0.8888592048813341,0.7938730903381407,0.71794791974062,0.80119198529348,0.7309102688198211,0.6742500973853786,0.6812560749486433,0.7904855161774736,0.73724281453773,0.7085243598895123,0.665948013319155,0.6704898788097655,0.8128061868828826,0.7897278684330326,0.6644305430729014,0.681287150981017,0.794999460098797,0.7606264637379752,0.6608894803824105,0.804672536538755,0.7858757002115109,0.7171014952628906,0.6506612884788149,0.7356107032751101,0.7188774139598986,0.7085853802757824,0.5740002250815501,0.7529641213329281,0.635633584777672,0.6648560395060282,0.7041566883896848,0.6975501794279111,0.7139434620202572,0.7415230577167393,0.7041543466135641
0.8927415497185619,0.7674292324879946,0.0,1.0576845599144207,0.9121816339493618,0.8482269170124148,0.9520906598594809,0.9350154025352327,0.9092418022180433,0.8186714212920703,0.770277488452063,0.731578247616449,0.8618309377088483,0.8847352949274319,0.659828975279519,0.7403030440787006,0.8495729918960675,0.8285112155874841,0.814109927756234,0.7018305086165347,0.9021518523481888,0.783834121876683,0.8014970146552998,0.8429118913198163,0.8088384451075099,0.7358805999932883,0.8121466833216546,0.8909735000101275,0.7385127222469855,0.8290655449261176,0.8459143126989623,0.9246908236665793,0.5800336787955116,0.8269306271057733,0.5777592134377213,0.9434996744121551,0.8955748955869126,0.8623851914157695,0.8754575647844492,0.5516757797190502,0.4877957853670402,0.6814687041561944,0.7771117681494539,0.7993260439233559,0.9178409766028711,0.8757652474360651,0.815068126285549,0.8219763552578376,0.9175546903795023,0.9321304223836454,0.8036255790557908,0.9299676512240814,0.7703901278718885,0.8840503446195799,0.9158524588134009,0.7157888477625057,0.6892979918060952,0.9010410439424068,0.8198301214380752,0.755877350128324,0.8603008007217143,0.8728630002644543,0.846897117103419,0.8108129478750338,0.7124097989379108,0.8270504229715495,0.801571245514345,0.8027786150744698,0.7561882147592855,0.8242166744772088,0.6816716280288393,0.8048986428922313,0.8715605234510834,0.8253315936920338,0.7713176139228934,0.8197298793502875
0.9433521723339453,0.8410221999782639,1.0576845599144207,0.0,0.8982822713957772,1.0729255480395719,0.973654252663442,1.175092560610087,1.0574262244329586,0.8117671958041839,0.7382717803492427,0.9741564310813583,1.112929705909315,1.0197311685942347,0.7795895319452748,0.8290651201667669,0.9885904893922187,0.977559411796141,1.0219068800408744,0.8644803382494736,1.1075450941584168,0.8972859992043907,1.0522946767124997,0.9771750259684958,0.699495137470928,0.885323205312754,0.9101524559991125,1.0748874709781413,0.9496984445243157,0.9556296224934362,1.0521794604698749,1.0228881473000868,0.9324527468053936,0.7619834723485126,0.8177487980222371,0.9828616348758118,1.0874428603365676,0.9842842842495421,0.9016203256652171,0.9591354982385214,0.9236152430479383,0.9648803865430193,0.512979751656926,0.3704601798943831,1.0260520250927914,0.9480786596227343,0.8822012495353768,0.9094050914605236,0.8764511136083729,0.9504124634437532,0.9364214275235637,0.9865775686688598,0.75250137321837,0.7635873493340937,1.1490470698549977,0.7146374015491321,0.9914687917616948,0.9414810956077674,0.6635507263453104,0.7582112360042951,0.9437007004952989,1.0908627549848897,0.9845187776216501,0.9011856002154064,0.7290627530047361,1.120223682550452,0.8379224282749648,0.8574346646907038,0.9652234977057841,1.082189694904589,0.9894228850455058,0.8975184654945159,1.0054074819392984,0.9366091763502364,0.9175430058758465,0.9097600740012999
0.9095060125786728,0.7885791800991921,0.9121816339493618,0.8982822713957772,0.0,0.9177156549753402,0.5130022548514347,0.7668613336627439,0.5942239148654505,0.5489286093544188,0.44613755416126455,0.47526883253255514,0.7106712607555281,0.6100514330068444,0.705801164316036,0.8318350501330315,0.8493974973466721,0.9079737860860293,0.873654992073348,0.7809567900740932,0.7732653364836479,0.9222235865110291,0.9308161031726508,0.38876580287437723,0.4798632601459844,0.9069894218559734,0.8996199631972739,0.6528116210101284,0.8938081087193205,0.89919118249783,0.4641454412577079,0.6410833335686824,0.6417604069066505,0.28023758780454233,0.49308276201021944,0.8346270605705246,0.6656159625851691,0.20680107877842485,0.6113044685759083,0.5547821791819738,0.5618799979409541,0.794234701979473,0.14472518516446997,0.17840520707295798,0.6201541835689242,0.863397780599092,0.8843513342618002,0.8932179690879831,0.5577909363486837,0.6156228444554535,0.34590531688170806,0.35774602726146015,0.4651991025626456,0.5177079373164556,0.7497429537446236,0.3536667498211659,0.8446506453910892,0.4388640870348798,0.4052983141181704,0.7380477720856033,0.9365056006668966,0.57110297629139,0.3727249103142914,0.798609593697092,0.724229225015653,0.5754834923127561,0.8581118339903423,0.8440484504779197,0.8241124270860638,0.9314277428400421,0.3501550398534407,0.8369054671570941,0.6316029175565098,0.8274614155832916,0.8505841425726258,0.4646800037686749
0.7803693717457251,0.7550221970506804,0.8482269170124148,1.0729255480395719,0.9177156549753402,0.0,0.9534474560902906,0.9420957946501335,0.8781765782624269,0.8333115649924552,0.8238525131061893,0.6207801075971653,0.9175942196360792,0.8665784547000884,0.6939466650756902,0.7172071639927677,0.7835145922617903,0.7882524234082876,0.8079864335740152,0.6910901097074001,0.8615544197476045,0.7436413790097456,0.8177224976757487,0.8846895696406871,0.8272734748517949,0.7419436003714889,0.7461525822228047,0.8745293244616895,0.7721855855299916,0.7629069005080421,0.8513537706362592,0.9496038289282558,0.9751505109283091,0.8536512162037527,0.9370490387202864,0.8177841971264577,0.9548227568962694,0.8158848972570311,0.9148562896240642,0.6939991225335387,0.9370187691981524,1.011809238992058,0.8240976385191805,0.2562911195003854,0.9426187943617814,0.7477006973097868,0.72633345863662,0.8202359059079924,0.9697489193244162,0.9973623552294038,0.8630320183151655,0.9584013471590065,0.8715023099726922,0.9011701392172854,0.9825562096316862,0.777374959471683,0.7461867335643093,0.953612697378065,0.8848314081666309,0.7303181753175376,0.8978137673174644,0.8721353966529151,0.8001660205763503,0.7844108828119333,0.6706564476375654,0.8602406101929813,0.761392708766141,0.7646886909741772,0.7931656588610536,0.9098975084362303,0.8336966154651559,0.6951729384662353,0.8965648223176483,0.8018601584959392,0.7303937513336682,0.8870630445743137
0.8851457740654488,0.8313880732196652,0.9520906598594809,0.973654252663442,0.5130022548514347,0.9534474560902906,0.0,0.8181936710181905,0.7081270422542352,0.6620971129760489,0.48355228498852043,0.9072817576458262,0.8170643160329887,0.7205788951467763,0.7276963984526051,0.8104968628350671,0.8794191832302183,0.8283753021588774,0.9326076244151721,0.7876828193521337,0.909051292003342,0.9122926035774641,0.6706246626496757,0.9252026957226152,0.4753661773366022,0.5221088906751077,0.9005635491023254,0.6389654601642979,0.9011072228256309,0.9173271654289934,0.5595616480334045,0.7871143560891912,0.6432396747001377,0.3819733586071199,0.4609416608409395,0.9288889651604908,0.8707019908556795,0.3247896313020654,0.7337834742092603,0.6439401222712294,0.5519141062791567,0.8724274922643198,0.11977409997217414,0.15043046224566176,0.6368769033474062,0.8785656102033466,0.8873367225240526,0.9101070809698135,0.5613043403411222,0.6497664678678905,0.2683032905297612,0.48756409419596114,0.5439380959099737,0.46449610950523046,0.7508328344871485,0.3347226131837648,0.9238412565102726,0.5927809909343458,0.41304127428622284,0.7598374614801178,0.9424219095725644,0.5107425955645291,0.44890135165058936,0.8065303368760588,0.764388216196385,0.7783518978627839,0.832636106084081,0.877632621312384,0.8358230168709866,0.7139232431619803,0.9065091745206211,0.8850370466628859,0.6742833503599792,0.9316001043993171,0.8483859215112839,0.49858592785753814
0.9696728205870037,0.732727169410879,0.9350154025352327,1.175092560610087,0.7668613336627439,0.9420957946501335,0.8181936710181905,0.0,0.9987301553956576,0.9853229763324174,0.608246739842405,1.0091662873830534,0.848617356141552,0.9854529009662016,0.8263361157041353,0.7822689087013963,0.89799486181227,0.9539264426048546,0.9970174460938771,0.6862363736083965,0.9151035495006264,0.8325108704351607,0.9490601156315808,0.6229008798149263,0.8687095722311439,0.9281814519800156,0.8083721717184218,1.0276480313095278,0.8024208141131979,0.8089629747087451,0.6306583367118725,1.0190907438591672,0.7620115501402225,0.5460128396930689,0.6132900059514645,1.0613775421030225,0.8366901792514303,0.8907573734489337,0.8225137186807887,0.7597801063975087,0.68422430404863,0.983777569144969,0.869969036352139,0.41113617752865794,0.9280403146910543,0.8821530042894838,0.8493295145569327,0.9924580426608571,0.718930353820827,1.0014685106990846,0.8970076559789296,1.0136866464611736,0.5784977763459311,0.9683499010869463,0.9719748193673429,0.9530953987098618,0.9110585443231078,0.9616832280014405,0.5280325408855968,0.7409424316153366,0.9841349019220202,1.0352095717096212,0.9518023181930971,0.8332000587010304,0.6271470934190356,0.886188905949241,0.7499946587463466,0.8426717301240582,0.8954440774845821,1.0833592382607302,0.9290547260885974,0.7418507093075807,0.9910436492328789,0.8414516224418477,0.8108781113085788,0.9615923345310149
0.8152244219908626,0.7093524469093853,0.9092418022180433,1.0574262244329586,0.5942239148654505,0.8781765782624269,0.7081270422542352,0.9987301553956576,0.0,0.8521723429323789,0.5255908115946485,0.7234529144116787,0.8631255038276815,0.6283768002467315,0.7159175037997824,0.7705340481781745,0.8482670049811335,0.8359979936566132,0.8985830018568778,0.728529929297687,1.0428908133913117,0.8561336080905543,0.9180141449183614,0.8952392110299359,0.7545739877312183,0.7715555992667578,0.7487718309075303,0.9719375568996831,0.9280699059876882,0.8692700999756953,0.9279630703709026,0.9694583316534862,0.7728842676693424,0.359137967466047,0.6359473660617008,0.8808630941707982,0.9032168646658254,0.37760782113755864,0.7788460909655107,0.707542274660458,0.5949970469882504,0.974899922905287,0.37782218599036954,0.21130101365235476,1.00032829711438,0.8046976889481025,0.8244478060851418,0.9029493727736724,0.9545286410911542,0.7529386666840128,0.501920160758393,0.723889963763164,0.6042935319430739,0.5347085360309756,0.8321467996456701,0.8561201946651168,0.7058494031317313,0.6902885084429228,0.453294049810935,0.7062700776828101,0.9043428472823182,0.8900095174030198,0.8269990845521927,0.7061689989884834,0.7480682415263759,0.9171133021846686,0.825751178262387,0.8171399776393836,0.8211953949006107,0.945093158057815,0.8662248663106996,0.7868215145860049,0.9880416173881973,0.8746135051124668,0.8042086005838599,0.9239604318618513
0.8084782889628966,0.7232223466978996,0.8186714212920703,0.8117671958041839,0.5489286093544188,0.8333115649924552,0.6620971129760489,0.9853229763324174,0.8521723429323789,0.0,0.8302091691860749,0.7770355263362783,0.6609679708169685,0.6441951249819825,0.618976007256938,0.7909019505679001,0.8205155260191341,0.7625790882103869,0.7403398830402648,0.6805725240752827,1.0694513008558633,0.6804063936636311,0.7645056445020655,0.9244940279614613,0.8100475650597697,0.7512581617422097,0.7388242818678148,0.9633397305900231,0.7762406288834492,0.900350186719747,0.8576416767900319,0.7242322011553219,0.7668036652036232,0.43524790452690787,0.5282464589503891,0.885061792981116,0.7408403785993027,0.3322106300784086,0.6728452658625621,0.6476650263197541,0.6007534938558227,0.7841385315704476,0.29636370303724763,0.3400371908938658,0.9680972630751211,0.7840290878998888,0.7570771032389348,0.8912132894158123,0.9438075240397106,0.673301094843383,0.7871499782149907,0.6574257551344632,0.8503185219199646,0.8384750319948493,0.9416465966793315,0.813119268239671,0.7939712144216493,0.8721674878417517,0.4332382595761242,0.7432411066430269,0.9367048571853056,0.9640075211605187,0.7779082298259136,0.7571461119423109,0.57083345493689,0.7874646957647615,0.6634435081950548,0.7121460190262725,0.6880324137235048,0.9089977246220331,0.6544139037755478,0.598811117331691,0.8978259832586956,0.768957439763083,0.8237036280167959,0.8758811661052315
0.8659776847413294,0.6904826641442329,0.770277488452063,0.7382717803492427,0.44613755416126455,0.8238525131061893,0.48355228498852043,0.608246739842405,0.5255908115946485,0.8302091691860749,0.0,0.7142102071505578,0.5995428969742718,0.6482575858373891,0.6446519312865204,0.6946820881201203,0.7720585619574689,0.7395676008935951,0.854308177329624,0.6569957194232774,0.6572475100321842,0.7541369724479635,0.8744199503966104,0.7821903231689037,0.8075562233368019,0.7580756981568959,0.7124391189177602,0.9095649576672417,0.7869585137916529,0.862154179323753,0.8838709083276319,0.49612144943357883,0.496757724099903,0.19529491920413303,0.29830681004094145,0.7471663909026836,0.5734210283405485,0.217183671434156,0.4726898328749049,0.4925119282107396,0.4446220334807106,0.620496443974365,0.25936586656286115,0.12497986738981237,0.9287650528420026,0.8134958890748959,0.8192751408041885,0.8546517279118085,0.8817615890294979,0.5957870503236391,0.8447742972747637,0.4733518792832565,0.8368785245206302,0.8729079009020527,0.8162467849099289,0.3164411267259384,0.7595661252411057,0.4570578483315906,0.30190040249301114,0.6535766636410711,0.8327173388605326,0.533975058198278,0.795571917864083,0.664554162102983,0.6580972590277773,0.6664390746125363,0.7295694182296303,0.6692435030350209,0.8123596176432227,0.873761556555359,0.8720462293780261,0.6831316359846396,0.5239383771911817,0.7787583544727378,0.7725042652886126,0.3741779836061411
0.827304039505332,0.7468534755718,0.731578247616449,0.9741564310813583,0.47526883253255514,0.6207801075971653,0.9072817576458262,1.0091662873830534,0.7234529144116787,0.7770355263362783,0.7142102071505578,0.0,0.897194801069077,0.8893528114720247,0.6268041419746956,0.7072313668668311,0.7117756669433509,0.76742725809633,0.7891616153705286,0.7261775841002958,1.0092498624418083,0.6967464468935062,0.6903204410814547,0.7924241618522844,0.6899967695064418,0.6743786955296522,0.7601972088916676,0.7441201358353753,0.680013246082423,0.8339442810230179,0.8769134339767962,0.9584740856772287,0.5995494611999388,0.32836142509784644,0.8233677217620838,1.0311827325560368,0.5770001073500628,0.7837638945841594,0.8902202313026011,0.44909374352705816,0.6428024060828363,0.6766997338241885,0.8033613097265446,0.17682819841704941,0.8885645936322836,0.8770695749308872,0.6684221330824803,0.8291874377045629,0.8782443527495171,0.9789618355677621,0.6707395256219588,0.8744894221230316,0.7892144458858745,0.6773084736281805,0.8922966340845919,0.6406764303538823,0.7729788514823236,0.7678856797632513,0.8344379754607429,0.7246585737271128,0.8639464663468143,0.836002182554827,0.7801524451539009,0.6643286113888848,0.0,0.9555518752725305,0.7512123823233343,0.6297162789708984,0.8309542362627909,0.7633972141252232,0.6609479259030699,0.7603707112611653,0.7699889549079256,0.8441908588965985,0.7847160240207327,0.7873621190769626
0.9249202629155746,0.85141545191781,0.8618309377088483,1.112929705909315,0.7106712607555281,0.9175942196360792,0.8170643160329887,0.848617356141552,0.8631255038276815,0.6609679708169685,0.5995428969742718,0.897194801069077,0.0,0.7603816409714926,0.7021273080529794,0.830711802116501,0.8380489979733875,0.8689039882361446,0.8991148913719412,0.7407808240040529,0.9492783383312462,0.9232234378269994,1.029448368326003,0.9298794494460544,0.8887127512036334,0.9226083834963557,0.8917938872705128,0.9901701745623709,0.9429944366486114,0.9116990155683151,0.9661801761971106,0.8341179035147717,0.8439834248443314,0.5230795814959036,0.6209528082098885,0.9817377171602417,0.9605541389932353,0.47381442655046574,0.8108434936843236,0.80404907658334,0.806728645326183,1.0103446074492308,0.23785327449119564,0.26928563868053434,0.8775351606858681,0.8917279092415649,0.8594295367603854,0.967000779082058,0.7855258831376554,0.8464216540930214,0.9131734677328,0.8557117165698083,0.6445827008525179,0.7409064777319769,0.9708912970688007,0.48008167737459306,0.8919126040313701,0.8123188381078279,0.5564127758541082,0.7138696851942207,0.9049223408421417,0.7434490735876078,0.5186084741312895,0.8544634142661244,0.730783375278798,0.8969187033680814,0.8701273996533886,0.8845961882214153,0.8244188130611554,0.9909454941319588,0.8949513244205173,0.784852410138148,1.0050625065192413,0.8125359311756534,0.8692046730617958,0.94470768602155
0.8035308354518816,0.7260656102494183,0.8847352949274319,1.0197311685942347,0.6100514330068444,0.8665784547000884,0.7205788951467763,0.9854529009662016,0.6283768002467315,0.6441951249819825,0.6482575858373891,0.8893528114720247,0.7603816409714926,0.0,0.7377154610848269,0.7672385262850308,0.827597790864005,0.8436894725246283,0.7905808186474974,0.7028594148671037,0.8407533441197632,0.7341007233150919,0.9686315401161352,0.8996249595666589,0.7912113649538203,0.8266193006639309,0.7345473391519026,0.7130376641286544,0.9196181686094943,0.8585565861993546,0.9116337056275587,0.9797589775232451,0.8822051957957134,0.5829530003404253,0.5432377476642258,0.8435487623605128,0.7836739221712229,0.5291343541151622,0.7048442675857003,0.7299041913827804,0.8161620323115253,0.9789108444366265,0.28218407110715227,0.2896522782668291,0.7343794457320203,0.7977024839861332,0.8300963387785774,0.9249611043037613,0.9693141406267725,0.8883971628638783,0.8560121231611839,0.6842597187955193,0.9008610744209338,0.6168670065216749,0.781994341647763,0.36678070720554334,0.8652209416037165,0.7043484721015651,0.4673340903533131,0.7738750358135453,0.8992911585794312,0.5192315840879339,0.8288178536116133,0.7832417616622906,0.7520863434561026,0.9958533275929153,0.6668395970956464,0.7615273421467494,0.7909218531550004,0.9294489616641012,0.8475883305806472,0.729724675096713,0.709059489444443,0.7985303245779364,0.7462780950293232,0.6001234877336548
0.834513051497237,0.6741665078483938,0.659828975279519,0.7795895319452748,0.705801164316036,0.6939466650756902,0.7276963984526051,0.8263361157041353,0.7159175037997824,0.618976007256938,0.6446519312865204,0.6268041419746956,0.7021273080529794,0.7377154610848269,0.0,0.6001773527073159,0.7214020896295732,0.661270494852926,0.6841299021382978,0.0,0.761364891569321,0.6667043855078456,0.6971032165205253,0.761372110093241,0.6838146699608774,0.6183711286113275,0.0,0.7035674684552466,0.6460271510826895,0.0,0.6901900221693689,0.6954164736588133,0.8279034500945958,0.6914541538318659,0.7613162263032698,0.7271988592011052,0.8127827024107017,0.7792793740031972,0.7096789496924905,0.79417483554286,0.8142132435860644,0.8405542618347234,0.7010105230017503,0.7158169417672099,0.8382326272522603,0.7634503238311687,0.7242298417724831,0.6605669892039311,0.7766367826279292,0.7498218710677689,0.6682482967697911,0.7110081917186489,0.7268544756888831,0.65343074221857,0.6917527754415052,0.6538894229276279,0.6881595816850415,0.7531905286806548,0.7250777660921759,0.6930315665507882,0.7428493561506131,0.7570064832413419,0.7053809956695503,0.573044401668161,0.0,0.7509379367144522,0.6720087827489212,0.6014820092512786,0.6152715831361941,0.6921878381114316,0.6917538870888378,0.0,0.6843253440226456,0.6913042443015824,0.0,0.7103954865364185
0.7025652944077714,0.7227153719299011,0.7403030440787006,0.8290651201667669,0.8318350501330315,0.7172071639927677,0.8104968628350671,0.7822689087013963,0.7705340481781745,0.7909019505679001,0.6946820881201203,0.7072313668668311,0.830711802116501,0.7672385262850308,0.6001773527073159,0.0,0.6923854769926766,0.7501736572406392,0.7630848289744133,0.6712273505225635,0.760981630139669,0.664006977135265,0.7323319814623517,0.7636110407219978,0.7310378814230715,0.663588070611446,0.5963604195754808,0.8515814477401873,0.6781126123325438,0.7233093366085968,0.7557996133569217,0.8234095525532165,0.8556617570062783,0.7719272362263654,0.7817954091000742,0.8474641332204119,0.8493148944092045,0.8370313745783927,0.7895461489879371,0.7990153924267862,0.8101095069489823,0.8484297972881781,0.7940596180547375,0.7464034396846582,0.8232941208993735,0.7175608342594344,0.7484893466577154,0.7678449140928978,0.8198660953077755,0.7622402674958173,0.7915617658125618,0.7609446562064148,0.759407244150757,0.7818714636212477,0.8747907388162959,0.7376757633879135,0.7034719168098464,0.7756775492011194,0.7672724879704487,0.7390317106548255,0.8390715237569026,0.7680363626760838,0.7641111160077781,0.742485942385382,0.6916908946265027,0.7701875878314589,0.6682506970338289,0.7266085357135358,0.6919079584182811,0.7292040463056698,0.7054256694457598,0.6457874388383925,0.8418789014044399,0.7145844119129997,0.6955430737619865,0.7538416891722549
0.8383240404579467,0.7203563430810699,0.8495729918960675,0.9885904893922187,0.8493974973466721,0.7835145922617903,0.8794191832302183,0.89799486181227,0.8482670049811335,0.8205155260191341,0.7720585619574689,0.7117756669433509,0.8380489979733875,0.827597790864005,0.7214020896295732,0.6923854769926766,0.0,0.7940552566139374,0.7970298704221621,0.7219065307350834,0.8778340980546631,0.6972401845878342,0.8247496032215694,0.834083710918622,0.6973183556480608,0.6810018619835895,0.7078377409269246,0.8650987372246776,0.7354750195974895,0.8471869518905599,0.8620943594361855,0.8248803457375503,0.9228909230233681,0.8595274040900933,0.849170336936815,0.9207397685708169,0.9836924593045616,0.8162309903302205,0.791663435100607,0.6247708315216495,0.8851953638454237,0.8650708615343392,0.751244007420753,0.3631453136796412,0.8666579550300565,0.8013591361636802,0.7904851009382896,0.718590486000056,0.8149200002811613,0.8353990058071918,0.819169690190987,0.8545241778896873,0.8305691129763239,0.8247336081595139,0.8916980395961529,0.7758206966303096,0.7563256214829845,0.8462058003689743,0.7650989717591994,0.7252281112626072,0.8728180991714198,0.812377634039923,0.851876998972804,0.7596749241829529,0.7169118070010878,0.8817909201462635,0.7431808975036817,0.6588310396761624,0.7578359144681538,0.7942469578044623,0.7869543336686415,0.6888893032098115,0.8213984645081376,0.7447171261950075,0.8207349103255972,0.8328490561493676
0.795106588710882,0.7389030985968251,0.8285112155874841,0.977559411796141,0.9079737860860293,0.7882524234082876,0.8283753021588774,0.9539264426048546,0.8359979936566132,0.7625790882103869,0.7395676008935951,0.76742725809633,0.8689039882361446,0.8436894725246283,0.661270494852926,0.7501736572406392,0.7940552566139374,0.0,0.7524370303024771,0.6839963376831716,0.8023183013266496,0.7627536302140733,0.7611559098925655,0.7281186299643377,0.8026095288304254,0.7137220736310933,0.7305735596467017,0.8873384088947506,0.7109376128620513,0.8039293997103405,0.8324921674166401,0.938671290387954,0.916460338203928,0.827782260231967,0.8223373442354259,0.9305416625419582,0.9387763204524482,0.7667510500279097,0.917962589983688,0.9178510096769789,0.8818287416269673,0.9457486552863229,0.8432064573250428,0.8020498296814405,0.8842553903467473,0.8467655489146061,0.7722498382226486,0.7549696104014407,0.8840472112443655,0.8294776002549277,0.7273732850185999,0.8072414816397617,0.8281848901146168,0.7868294746607396,0.902275427857072,0.7695717014811052,0.7500666389850134,0.8068326728074239,0.8197162640507977,0.716851673712032,0.8190303663846363,0.8653543806243152,0.7887660624295699,0.7005261181659184,0.7714513254960003,0.8273372883250847,0.7557139828614715,0.7595901757592336,0.7511983599603261,0.7360778716527222,0.683075916250262,0.7809564103803567,0.8232791782515192,0.7677445638533785,0.8206857433421196,0.7832157337992357
0.8584884581486112,0.7117940698434625,0.814109927756234,1.0219068800408744,0.873654992073348,0.8079864335740152,0.9326076244151721,0.9970174460938771,0.8985830018568778,0.7403398830402648,0.854308177329624,0.7891616153705286,0.8991148913719412,0.7905808186474974,0.6841299021382978,0.7630848289744133,0.7970298704221621,0.7524370303024771,0.0,0.7295435825795238,0.8999451873084054,0.6748247040441364,0.7177776925905072,0.8195481384670681,0.7413735897996534,0.6880036670482823,0.6944805872385043,0.7920882380156485,0.6501524464496926,0.805801969209266,0.8135356282403318,0.8858012718674693,0.9734025707103859,0.8476725022705355,0.8942090897513919,1.0164078199429734,0.9444229614796928,0.7108888215954263,0.8685235014514989,0.584904156282712,0.9391147140688006,0.9928635434207466,0.8350556860759496,0.8001854521030708,0.9011675281243248,0.8215946049040764,0.7525761344712248,0.8151364863640201,0.9072210496575924,0.9337685218277455,0.8675888252863858,0.9165824221708622,0.6632854558286084,0.890077113772984,0.9629261139354558,0.6605712870174443,0.6929115699925406,0.8497535483011799,0.8100298020729406,0.6778402402205346,0.8415746367030248,0.8636062223780085,0.8454796403406774,0.7323775084716854,0.0,0.8545318490134052,0.6880577699345627,0.6796748016176987,0.74672524539065,0.7512822337034017,0.7109295526389331,0.7184692139575406,0.8347827900330362,0.7979514410059467,0.8361166155667517,0.8456677902856178
0.731171201331126,0.6304460835171304,0.7018305086165347,0.8644803382494736,0.7809567900740932,0.6910901097074001,0.7876828193521337,0.6862363736083965,0.728529929297687,0.6805725240752827,0.6569957194232774,0.7261775841002958,0.7407808240040529,0.7028594148671037,0.0,0.6712273505225635,0.7219065307350834,0.6839963376831716,0.7295435825795238,0.0,0.7324967986716724,0.6536173679608093,0.7247126613853211,0.6408413614902364,0.6938673422796208,0.7041264618645621,0.0,0.7318333673395796,0.6599878096485258,0.0,0.7077269966256168,0.7817293611508307,0.9931726371127092,0.8025690740582726,0.8130613007335603,0.8911453367740695,0.9024079284264578,0.792281724664756,0.7279652568844541,0.9285255191916688,0.892397261059662,0.8860812750924221,0.7330042105008191,0.756827944465121,0.8269116125053901,0.0,0.7230629723180768,0.6941668266061445,0.8592410716165899,0.7559843385606888,0.6955319672081789,0.7309383274850615,0.6980480382701313,0.7222117405194675,0.781784626641453,0.6965174736307795,0.6537660640978188,0.6943414832925692,0.7604947165522707,0.0,0.7545275095861113,0.7128525209669964,0.7574401596440856,0.6746137572809039,0.0,0.7131036076756198,0.7118933662749235,0.6724070661123734,0.6958467774392456,0.6861738002419072,0.6672292433178141,0.0,0.6820070696315521,0.744205400148549,0.0,0.7552265834930867
0.9763412505258481,0.691995116894298,0.9021518523481888,1.1075450941584168,0.7732653364836479,0.8615544197476045,0.909051292003342,0.9151035495006264,1.0428908133913117,1.0694513008558633,0.6572475100321842,1.0092498624418083,0.9492783383312462,0.8407533441197632,0.761364891569321,0.760981630139669,0.8778340980546631,0.8023183013266496,0.8999451873084054,0.7324967986716724,0.0,0.7688199110269553,0.9126699445579552,0.6946380767720381,0.9090745746354733,0.8693543205686161,0.7916865265854156,0.9879027774016016,0.8342442028057425,0.8519571070597678,0.9177727245952383,0.9352823609845724,0.7576612202863601,0.5367537093577401,0.7127934907195372,1.0671064791561546,0.8921355582378452,0.6949512361357404,0.9475011452506552,0.7607840447767168,0.8282002319578715,1.0685153780544452,0.47765714806739196,0.343938362634622,0.760169764391813,1.0508012591922888,0.8260133129645337,0.9042311507274046,0.8758987817561614,0.9217729819746621,0.925524068520631,0.9388962970983638,0.8136575789813979,0.9534077450432465,1.0996485105306641,0.952276345368569,0.9652637746976518,0.7612124609526676,0.5259364792766298,0.7696672691109507,0.884103729846824,0.9158866546724155,0.911212520202198,0.7813523102126001,0.8068289747590606,0.9195517430752629,0.7718871425142476,0.8502244710756931,0.877184981452268,0.903957734760895,0.957832201094195,0.7537174485557706,1.002364057280814,0.812602352595291,0.8222566623592229,1.0074742351132027
0.7756962010509219,0.6728002262277448,0.783834121876683,0.8972859992043907,0.9222235865110291,0.7436413790097456,0.9122926035774641,0.8325108704351607,0.8561336080905543,0.6804063936636311,0.7541369724479635,0.6967464468935062,0.9232234378269994,0.7341007233150919,0.6667043855078456,0.664006977135265,0.6972401845878342,0.7627536302140733,0.6748247040441364,0.6536173679608093,0.7688199110269553,0.0,0.6467415555832322,0.7356811158988963,0.7027018084075592,0.6330656961154721,0.6867542746117096,0.7896277332017736,0.6922823002907031,0.6843983117922271,0.7801296071630165,0.8511265578439712,0.9846256092703531,0.8532656295739683,0.8685838246372038,0.947678565229372,0.9407537451678663,0.786144117495439,0.7966102238731275,0.9372718188669876,0.90373300260801,0.9377683240907934,0.8667149110327405,0.8201481780665509,0.8904251230456219,0.7505918412338148,0.682508265174026,0.790905576501188,0.9112662243292456,0.8613965713257054,0.7329415526745513,0.8197867850223283,0.660699217350427,0.7655840666681364,0.8194455025537527,0.6444734967432648,0.664052875357249,0.8313638553940815,0.8193385558226722,0.7618204750877637,0.7855799142454802,0.7542306171258641,0.7478236774631294,0.628937670188216,0.7073619844840479,0.7072898765965236,0.6959773341250262,0.5817796675941437,0.7516614047026866,0.6639668116985157,0.5765049023316606,0.7016384089000995,0.7885611844969141,0.7713984313372932,0.7255630343307846,0.7603119694729431
0.8187080588505566,0.6552365190767002,0.8014970146552998,1.0522946767124997,0.9308161031726508,0.8177224976757487,0.6706246626496757,0.9490601156315808,0.9180141449183614,0.7645056445020655,0.8744199503966104,0.6903204410814547,1.029448368326003,0.9686315401161352,0.6971032165205253,0.7323319814623517,0.8247496032215694,0.7611559098925655,0.7177776925905072,0.7247126613853211,0.9126699445579552,0.6467415555832322,0.0,0.8904184573851729,0.8096312574662988,0.7191384049165757,0.6754662185932118,0.9457445193882941,0.6941823966883074,0.7345910871971925,0.856785381913878,1.0446375952196145,0.7863670888673107,0.39157562496152204,0.5495772123730437,1.0528073602312278,0.9918683230057995,0.828975945335414,0.9152604087870257,0.6326493738575094,0.9946876318327174,0.8551332450567366,0.8396507627701321,0.27067608102100565,0.9485521416249603,0.7682038531564632,0.7172373754716248,0.7975962912581523,0.940919674532298,0.9517360174852157,0.8349679791989377,0.9435286401219333,0.8333353830811714,0.9317297021985175,0.9246005326252351,0.7962786053756691,0.6585102278759072,0.8488245783015632,0.8487036702343816,0.7168193924216517,0.8000887050776324,0.8136020209260646,0.7879991936239054,0.7461588847273393,0.6813688066547982,0.8843230438159684,0.6739929324999052,0.6091574082227893,0.7687063401519746,0.7151951455756445,0.6499284477559694,0.6408326975296056,0.8385155586039071,0.731035015507845,0.7482767312854364,0.879802621106422
0.8358290751807742,0.6961709662418354,0.8429118913198163,0.9771750259684958,0.38876580287437723,0.8846895696406871,0.9252026957226152,0.6229008798149263,0.8952392110299359,0.9244940279614613,0.7821903231689037,0.7924241618522844,0.9298794494460544,0.8996249595666589,0.761372110093241,0.7636110407219978,0.834083710918622,0.7281186299643377,0.8195481384670681,0.6408413614902364,0.6946380767720381,0.7356811158988963,0.8904184573851729,0.0,0.6737399119772631,0.8186565377944698,0.7842326824676594,0.8481893467790261,0.7369543638924636,0.8255593327074027,0.8479978829176471,0.9212354852058022,0.5270334445959904,0.347104821632015,0.41836263914871163,0.7654143728520686,0.9101595624042316,0.38170057247695943,0.9023590922307319,0.4815022176279287,0.5786339458415222,0.9740894951962165,0.785499830141837,0.0036688948461092163,0.8898168782809832,0.8773602569091166,0.7763323796367347,0.8215081627998604,0.8915550339896351,0.9124851539649169,0.7888003952388184,0.5564671961436622,0.8482627123304469,0.8413205868636958,1.0092383284361288,0.7861809738469312,0.7920679468275306,0.9082329315607518,0.8035967039393287,0.745736354035345,0.8329303521915237,0.8683048355256273,0.8284318927013492,0.5845301781592303,0.8061292061003602,0.5786411356717275,0.6957366106466395,0.8070700712324684,0.7738630933961729,0.8388109298304701,0.7998847768269419,0.7230100811401796,0.848607360353455,0.7774121947264109,0.7563310718323488,0.8707935101946003
0.8047254270152667,0.6945918590404858,0.8088384451075099,0.699495137470928,0.4798632601459844,0.8272734748517949,0.4753661773366022,0.8687095722311439,0.7545739877312183,0.8100475650597697,0.8075562233368019,0.6899967695064418,0.8887127512036334,0.7912113649538203,0.6838146699608774,0.7310378814230715,0.6973183556480608,0.8026095288304254,0.7413735897996534,0.6938673422796208,0.9090745746354733,0.7027018084075592,0.8096312574662988,0.6737399119772631,0.0,0.6591375110715408,0.6519284976475372,0.7816069105169235,0.7300550633991549,0.7542699361333489,0.8189960472452406,0.8951727314110253,0.5070811959162348,0.2890825790501151,0.8732748355961719,0.6892644264277472,0.6300283469421568,0.7943214540016466,0.9063154436274072,0.520227285332779,0.8803347765672334,0.6064394551036172,0.7657190489267268,0.22327718695679663,0.8827590312713585,0.7899602646430649,0.7687497800895027,0.8197796338706088,0.8518586879764204,0.8808110398875162,0.7469022087470614,0.7801649969938738,0.7682349563560136,0.7437607968301468,0.9072430772685958,0.7162549254640499,0.6670293191281511,0.8262098704416861,0.8061975545150317,0.7291150287552833,0.8388563326624218,0.8682015324718088,0.7474118856313224,0.7876979871121048,0.6693426295827729,0.726285541072324,0.7467767674831093,0.6966038948817476,0.7570558673788151,0.7493829435747718,0.5577486149447228,0.6792380968561034,0.7525582251410683,0.7616995732152287,0.735982848435679,0.797221310607971
0.8237377169014846,0.667359400707958,0.7358805999932883,0.885323205312754,0.9069894218559734,0.7419436003714889,0.5221088906751077,0.9281814519800156,0.7715555992667578,0.7512581617422097,0.7580756981568959,0.6743786955296522,0.9226083834963557,0.8266193006639309,0.6183711286113275,0.663588070611446,0.6810018619835895,0.7137220736310933,0.6880036670482823,0.7041264618645621,0.8693543205686161,0.6330656961154721,0.7191384049165757,0.8186565377944698,0.6591375110715408,0.0,0.6327618857795935,0.7986347845558199,0.6275155791888918,0.7253755263598533,0.7479252877583198,0.8635327010182512,0.6321476806663634,0.25848349720157204,0.8544137456368777,0.9880989970525416,0.9407989698431488,0.8136997864367996,0.840636109865474,0.4814757303286389,0.5886885983516027,0.668547845962564,0.8215129584132198,0.12722914683177322,0.8871192923489204,0.8332827121155002,0.7463678311892382,0.7987570863881758,0.8933848056004492,0.8675909691329009,0.7722915272504848,0.8412440219884272,0.765356250642063,0.7858842357792356,0.9060299114164043,0.6893287318231488,0.6891590220405817,0.9078591810591216,0.8091621977470539,0.6731441464253358,0.8060190712258944,0.8698245024085718,0.742200215278895,0.6186774338694512,0.6743612405527422,0.8886152390952106,0.6114197022425442,0.5941053456365756,0.7318797145889216,0.6730442273252563,0.6267372205534544,0.5629506819275424,0.715520927425864,0.7185228523010297,0.7595652084038449,0.7523903808470446
0.7666454280653738,0.5851625658270533,0.8121466833216546,0.9101524559991125,0.8996199631972739,0.7461525822228047,0.9005635491023254,0.8083721717184218,0.7487718309075303,0.7388242818678148,0.7124391189177602,0.7601972088916676,0.8917938872705128,0.7345473391519026,0.0,0.5963604195754808,0.7078377409269246,0.7305735596467017,0.6944805872385043,0.0,0.7916865265854156,0.6867542746117096,0.6754662185932118,0.7842326824676594,0.6519284976475372,0.6327618857795935,0.0,0.7799396731894763,0.7030355219819601,0.0,0.8256665770317176,0.8377794383775307,0.7865769832506131,0.8871632001799713,0.874194544843447,1.00241516155186,1.0383131716266314,0.748679143661165,0.7704962603203883,0.9496593489238421,0.9435076402390258,0.910186479011612,0.8504708695469322,0.808017117382248,0.9370779677427369,0.7172407682249368,0.7211149708383866,0.7700485326519538,0.8789739758746975,0.9262383300971945,0.73891498732114,0.7941798545729865,0.635573385212194,0.8208754655947035,0.7588363586244621,0.6237938041331085,0.6918201305483214,0.7139129964753834,0.8688921592245286,0.7152573167740873,0.8355729741613158,0.7533541546532988,0.7318794607872227,0.6631907260153339,0.0,0.7455383613506928,0.6675785383107735,0.6751819287420558,0.7805063256791068,0.7304517955357094,0.6924800284486301,0.0,0.7252811537058604,0.7514325522232811,0.0,0.7676010663630934
0.8062865034264696,0.7441717746265825,0.8909735000101275,1.0748874709781413,0.6528116210101284,0.8745293244616895,0.6389654601642979,1.0276480313095278,0.9719375568996831,0.9633397305900231,0.9095649576672417,0.7441201358353753,0.9901701745623709,0.7130376641286544,0.7035674684552466,0.8515814477401873,0.8650987372246776,0.8873384088947506,0.7920882380156485,0.7318333673395796,0.9879027774016016,0.7896277332017736,0.9457445193882941,0.8481893467790261,0.7816069105169235,0.7986347845558199,0.7799396731894763,0.0,0.8816500605845929,0.8365820573836169,0.9015195908734038,0.9882789656484932,0.6679546853897235,0.3825330668309312,0.8933811167254102,0.863989628929283,0.8160517301417036,0.3634217667062177,0.6824293904151701,0.7214042662027421,0.5807705239857149,0.9994228423541691,0.381427775770828,0.28909210212802583,0.9458004657692125,0.841662797260972,0.869027673403491,0.8838528295199425,0.9509315417163319,0.67505184850594,0.9151610491809716,0.6719774482498131,0.591422097292449,0.9254135275405255,1.0476158620736058,0.8897789592535106,0.8035386766421063,0.9440896269167848,0.9351623583348432,0.752723670236489,0.9158780859743335,0.9954753633744157,0.9222110225474345,0.8747273890090127,0.7210082137304429,0.7469539787241618,0.8480795263347394,0.6939951442063163,0.789865891020611,0.942598116445596,0.8421722538779077,0.7443383437756858,0.984736203091596,0.8571365032309691,0.8229381639395482,0.9216436966133448
0.7553428778812774,0.6899543394756558,0.7385127222469855,0.9496984445243157,0.8938081087193205,0.7721855855299916,0.9011072228256309,0.8024208141131979,0.9280699059876882,0.7762406288834492,0.7869585137916529,0.680013246082423,0.9429944366486114,0.9196181686094943,0.6460271510826895,0.6781126123325438,0.7354750195974895,0.7109376128620513,0.6501524464496926,0.6599878096485258,0.8342442028057425,0.6922823002907031,0.6941823966883074,0.7369543638924636,0.7300550633991549,0.6275155791888918,0.7030355219819601,0.8816500605845929,0.0,0.6794745028392319,0.8331195032142956,0.9636418745571291,0.9658280187538293,0.8388572713044603,0.9216444039349901,0.808846899296062,0.937121912079911,0.7607241475525035,0.8798168475731476,0.7292033405235094,0.9257064447218891,0.9929498160479605,0.8924875932904244,0.8840795509286202,0.8672294312887429,0.7588858929105787,0.7836865080967851,0.7868333816132013,0.8767743941427032,0.9421685437259557,0.764428139164982,0.8613735318011588,0.6958867077061496,0.8841354584848873,0.9112333202282086,0.688608839541106,0.7797807100817005,0.8992825110056444,0.8959325918022922,0.7392761639437069,0.7841019041893244,0.8015575493838298,0.7928435085134381,0.6538263777006496,0.0,0.7619341148903241,0.6673887008142905,0.6483568821673069,0.7391088559528893,0.732953429305666,0.6811056983101311,0.7169224540611822,0.8573969601560687,0.766051572317935,0.7184360603837103,0.775865169605343
0.7780960849821766,0.7492153231944041,0.8290655449261176,0.9556296224934362,0.89919118249783,0.7629069005080421,0.9173271654289934,0.8089629747087451,0.8692700999756953,0.900350186719747,0.862154179323753,0.8339442810230179,0.9116990155683151,0.8585565861993546,0.0,0.7233093366085968,0.8471869518905599,0.8039293997103405,0.805801969209266,0.0,0.8519571070597678,0.6843983117922271,0.7345910871971925,0.8255593327074027,0.7542699361333489,0.7253755263598533,0.0,0.8365820573836169,0.6794745028392319,0.0,0.7277974577645343,0.923437496711199,0.8936795835509413,0.7929116592858354,0.881506072556143,0.9051037351922375,0.8702371246814679,0.8072355356357662,0.852349403831662,0.8920035615874726,0.7822073327792178,1.0029412652491938,0.7826948346343311,0.8304255424222318,0.8052154296771057,0.0,0.8241785638269824,0.8097945100202752,0.9384549112756482,0.9388272162103981,0.8057136936953506,0.8902699857403881,0.7806735404828108,0.854575989118526,0.9241487609254659,0.7873027482078685,0.7565351135465914,0.8511190143115877,0.8829654352223821,0.0,0.8650010094858552,0.8797191168046542,0.8110814128560375,0.7943883558071078,0.0,0.8177757644919943,0.6946670397709183,0.7186415155154395,0.7913210841808683,0.8116154507053799,0.741168018250088,0.0,0.8960095746495638,0.7190923800811924,0.8141245905957577,0.7260163974503941
0.8667402358782992,0.7046209325801611,0.8459143126989623,1.0521794604698749,0.4641454412577079,0.8513537706362592,0.5595616480334045,0.6306583367118725,0.9279630703709026,0.8576416767900319,0.8838709083276319,0.8769134339767962,0.9661801761971106,0.9116337056275587,0.6901900221693689,0.7557996133569217,0.8620943594361855,0.8324921674166401,0.8135356282403318,0.7077269966256168,0.9177727245952383,0.7801296071630165,0.856785381913878,0.8479978829176471,0.8189960472452406,0.7479252877583198,0.8256665770317176,0.9015195908734038,0.8331195032142956,0.7277974577645343,0.0,0.7080793429852167,0.6009868777847363,0.8658553129249948,0.5243992499889998,0.9866621352154881,0.7357184335406306,0.8813855361645834,0.935653484986853,0.5908367848531639,0.5782915077217137,0.9970836398002921,0.8180194060108246,0.17601643166260755,0.9607534783592561,0.856367917521289,0.8419431071876902,0.8474493268033313,0.9303519966444393,0.5819792966790688,0.8221508099798222,0.9280789816051808,0.522473986147189,0.8792347334527004,1.0399758157674182,0.8654120733085005,0.8532335327352547,0.8916153689029365,0.8882535152590405,0.7448514033748158,0.8824132732460287,0.9415589420581447,0.8729071509268311,0.7374323392681255,0.7525531944493496,0.6955777380091127,0.806693629390673,0.6870221307529922,0.7544485994809375,0.8155877081608317,0.79863401671073,0.7296900239309927,0.8830331413965988,0.7966405576391907,0.7386410186621059,0.9210483648039383
0.8873429530526611,0.7633477048838012,0.9246908236665793,1.0228881473000868,0.6410833335686824,0.9496038289282558,0.7871143560891912,1.0190907438591672,0.9694583316534862,0.7242322011553219,0.49612144943357883,0.9584740856772287,0.8341179035147717,0.9797589775232451,0.6954164736588133,0.8234095525532165,0.8248803457375503,0.938671290387954,0.8858012718674693,0.7817293611508307,0.9352823609845724,0.8511265578439712,1.0446375952196145,0.9212354852058022,0.8951727314110253,0.8635327010182512,0.8377794383775307,0.9882789656484932,0.9636418745571291,0.923437496711199,0.7080793429852167,0.0,0.914094947228359,0.5642637738519317,0.6452259314180298,0.9388358733907056,0.9812647774837793,0.5001688152806635,0.7101961848591316,0.9709265785284884,0.7053898048144509,1.0188528108729304,0.310703609094534,0.17556436990053725,0.8809677368935869,0.9006681974960165,0.9252292311232345,0.9497560973127329,0.6760951157456303,0.9297067528811243,0.8579399690681323,0.7553061689488445,0.5175736106715281,0.665208277332338,0.9521526093028603,0.4489169014024578,0.9421721870084659,0.7607499709908678,0.4042935634124281,0.7478830662789739,0.9207558078276851,0.9267424971579028,0.49145370896837015,0.768151010202806,0.7206502926495278,0.9195957346333351,0.7801263846524089,0.8384485226163462,0.8828405894241356,0.7507485302577942,0.9244041699805017,0.6611098445376882,0.9984956249541341,0.8281030061936008,0.8381889782119963,0.5946811835951746
0.8630595672640324,0.8502512152876314,0.5800336787955116,0.9324527468053936,0.6417604069066505,0.9751505109283091,0.6432396747001377,0.7620115501402225,0.7728842676693424,0.7668036652036232,0.496757724099903,0.5995494611999388,0.8439834248443314,0.8822051957957134,0.8279034500945958,0.8556617570062783,0.9228909230233681,0.916460338203928,0.9734025707103859,0.9931726371127092,0.7576612202863601,0.9846256092703531,0.7863670888673107,0.5270334445959904,0.5070811959162348,0.6321476806663634,0.7865769832506131,0.6679546853897235,0.9658280187538293,0.8936795835509413,0.6009868777847363,0.914094947228359,0.0,0.47838797664934646,0.6034965042500018,0.9739923505411869,0.9324074173953101,0.3689560464436854,0.8653489874965989,0.7544259521341105,0.4769303544046916,0.7731352399860034,0.39410192310170955,0.2711533132056738,0.7387829765257825,0.9165575199501791,0.9626192105527287,0.9271025196015044,0.7599796208157701,0.7203558795531468,0.43065420911702723,0.7864523397707548,0.5581162305732771,0.631869478440038,0.9337855139065094,0.49634538067412254,0.8944183332020837,0.7307770498852284,0.47035853704890107,0.771009151279554,0.9417421317598287,0.7446031351327507,0.5020951584256802,0.3212732550870057,0.8496249591575112,0.8945874782078029,0.9311250751624763,0.5997385547217785,0.4052519712114071,0.7139387623307721,0.5292981491039729,0.9412459855583158,0.7613776111450481,0.9338754473388706,0.8322397649948005,0.5369029820611194
0.8496818162534424,0.7667759375224148,0.8269306271057733,0.7619834723485126,0.28023758780454233,0.8536512162037527,0.3819733586071199,0.5460128396930689,0.359137967466047,0.43524790452690787,0.19529491920413303,0.32836142509784644,0.5230795814959036,0.5829530003404253,0.6914541538318659,0.7719272362263654,0.8595274040900933,0.827782260231967,0.8476725022705355,0.8025690740582726,0.5367537093577401,0.8532656295739683,0.39157562496152204,0.347104821632015,0.2890825790501151,0.25848349720157204,0.8871632001799713,0.3825330668309312,0.8388572713044603,0.7929116592858354,0.8658553129249948,0.5642637738519317,0.47838797664934646,0.0,0.3423208981007926,0.6942445319976557,0.5485930187678497,0.19152482416821665,0.37353506149117843,0.3958018152088681,0.3928961015396619,0.5428124487569461,0.1661002558217201,0.0002535835344000814,0.3826255210256796,0.929711593204593,0.8224497495997525,0.8154471243789251,0.5046792983299945,0.48564227183994735,0.2536676898761998,0.3940612512125387,0.3408243777198606,0.1935730636290632,0.683849949186329,0.14455349232809356,0.8274442085572564,0.3675813366857035,0.17721187488530177,0.7039009021403833,0.8570483222644698,0.8671303509376006,0.8454626706738682,0.7670181628744592,0.7265846763113438,0.3969770099209091,0.8087988780646924,0.275547699284259,0.2635648059623919,0.8889438552396747,0.28928894436122277,0.8694367570148006,0.4026099997118665,0.8506712187094452,0.7773258688723379,0.35250143348378704
0.86418066389147,0.792460442184062,0.5777592134377213,0.8177487980222371,0.49308276201021944,0.9370490387202864,0.4609416608409395,0.6132900059514645,0.6359473660617008,0.5282464589503891,0.29830681004094145,0.8233677217620838,0.6209528082098885,0.5432377476642258,0.7613162263032698,0.7817954091000742,0.849170336936815,0.8223373442354259,0.8942090897513919,0.8130613007335603,0.7127934907195372,0.8685838246372038,0.5495772123730437,0.41836263914871163,0.8732748355961719,0.8544137456368777,0.874194544843447,0.8933811167254102,0.9216444039349901,0.881506072556143,0.5243992499889998,0.6452259314180298,0.6034965042500018,0.3423208981007926,0.0,0.6900140478393975,0.7740404137888586,0.1735597598028224,0.5818535082200643,0.5176963159989945,0.3732139746780702,0.570066931429603,0.1306995071036754,0.06705305290657532,0.5544841517760201,0.8656041182419079,0.795264042026877,0.8990382230294944,0.540689677714208,0.6977397247158955,0.3938102107431199,0.5038231822134885,0.3783503717595417,0.47095345943949135,0.7200295884877269,0.28635868583178126,0.8247979384279076,0.5285857825667633,0.16674189583305382,0.741264865888614,0.8510925551967057,0.8700187358237494,0.47061172655064465,0.796100269631812,0.7764932993726084,0.7311834641608939,0.8254079670596774,0.8580772718362474,0.3666823415414193,0.6319793686971765,0.8687053338231415,0.8773159921328213,0.9165149311592066,0.8370333666217243,0.8545125485048687,0.43705401428829055
0.9295915325189453,0.8542685789680385,0.9434996744121551,0.9828616348758118,0.8346270605705246,0.8177841971264577,0.9288889651604908,1.0613775421030225,0.8808630941707982,0.885061792981116,0.7471663909026836,1.0311827325560368,0.9817377171602417,0.8435487623605128,0.7271988592011052,0.8474641332204119,0.9207397685708169,0.9305416625419582,1.0164078199429734,0.8911453367740695,1.0671064791561546,0.947678565229372,1.0528073602312278,0.7654143728520686,0.6892644264277472,0.9880989970525416,1.00241516155186,0.863989628929283,0.808846899296062,0.9051037351922375,0.9866621352154881,0.9388358733907056,0.9739923505411869,0.6942445319976557,0.6900140478393975,0.0,0.9499774109172319,0.5858022167420289,0.8956681623250231,0.9873543887721641,0.8368684706023801,1.003154259181248,0.3543630779688025,0.12138772143373594,0.8989340345130801,0.9042359118888564,0.9592801508936741,0.9845516789644365,0.8878880954638788,0.9858179968308166,0.6515335187544625,0.9682801784991117,0.8557958106547947,0.7425126585824239,1.0219988014263248,0.5262664676573588,1.0168916596507196,0.9840892155782042,0.6031707958299589,0.7835689565787627,0.9172284744584387,0.6509055762173765,0.6379914492406222,0.8487812360735317,0.7964910880415547,1.0465858224738558,0.9246152250255445,0.9201960256209308,0.8904825793028132,0.9089863572994554,0.9785113413431998,0.9087263730577447,0.9765230204170448,0.9165770058346693,0.8222031823283142,0.7288741587955503
0.9451645936953668,0.8355339484584793,0.8955748955869126,1.0874428603365676,0.6656159625851691,0.9548227568962694,0.8707019908556795,0.8366901792514303,0.9032168646658254,0.7408403785993027,0.5734210283405485,0.5770001073500628,0.9605541389932353,0.7836739221712229,0.8127827024107017,0.8493148944092045,0.9836924593045616,0.9387763204524482,0.9444229614796928,0.9024079284264578,0.8921355582378452,0.9407537451678663,0.9918683230057995,0.9101595624042316,0.6300283469421568,0.9407989698431488,1.0383131716266314,0.8160517301417036,0.937121912079911,0.8702371246814679,0.7357184335406306,0.9812647774837793,0.9324074173953101,0.5485930187678497,0.7740404137888586,0.9499774109172319,0.0,0.5393910154865809,0.8686918264327281,0.7815526461656842,0.6346597713940434,0.9079690788522483,0.4538103011469376,0.2751971173059137,0.8307649562665909,0.9347610737882263,0.9802736809171224,0.9637916702257869,0.7480912159715889,0.8877123045951174,0.7013391781259606,0.8840963132532225,0.8215118849229692,0.7159111687223578,0.9876962476528597,0.5764174841434774,0.961167260309365,0.8932672797947395,0.5295817002861256,0.788869978175504,0.9503631556470737,0.6749776794830603,0.5769746822289903,0.8963673619374036,0.7896430999073888,0.9213821260723596,0.8727445623980149,0.9470452183369703,0.85185449178613,0.8549176393761606,0.9404747276991714,0.9660750842932915,0.9011850163162585,0.8938209699644147,0.8946906688593065,0.7180729968506294
0.8141571953841146,0.6561102455833596,0.8623851914157695,0.9842842842495421,0.20680107877842485,0.8158848972570311,0.3247896313020654,0.8907573734489337,0.37760782113755864,0.3322106300784086,0.217183671434156,0.7837638945841594,0.47381442655046574,0.5291343541151622,0.7792793740031972,0.8370313745783927,0.8162309903302205,0.7667510500279097,0.7108888215954263,0.792281724664756,0.6949512361357404,0.786144117495439,0.828975945335414,0.38170057247695943,0.7943214540016466,0.8136997864367996,0.748679143661165,0.3634217667062177,0.7607241475525035,0.8072355356357662,0.8813855361645834,0.5001688152806635,0.3689560464436854,0.19152482416821665,0.1735597598028224,0.5858022167420289,0.5393910154865809,0.0,0.42577232593160885,0.3493037889055777,0.21638311858059167,0.3585639370004085,0.14687504677887403,0.10876147980146117,0.4359128736828974,0.9148385743694196,0.7123533747991262,0.8462833996742045,0.8707339969058645,0.47469909689651885,0.22428566313530868,0.3793746234311148,0.21326475876805126,0.2730303257248192,0.6169655554033296,0.19510238694238285,0.7914727416575675,0.31324600359163757,0.15531607235521094,0.7625822807322192,0.7475997991291906,0.36456187868771356,0.8321630480404244,0.676861029300398,0.7264222955878871,0.522949659218526,0.6944928549086998,0.7864686905488246,0.7888482502728593,0.8564339356941622,0.29223152790561246,0.7012055769158636,0.4601862113867024,0.7836212613405181,0.8084568702424465,0.3218818941126559
0.9425213327855951,0.8039706981577824,0.8754575647844492,0.9016203256652171,0.6113044685759083,0.9148562896240642,0.7337834742092603,0.8225137186807887,0.7788460909655107,0.6728452658625621,0.4726898328749049,0.8902202313026011,0.8108434936843236,0.7048442675857003,0.7096789496924905,0.7895461489879371,0.791663435100607,0.917962589983688,0.8685235014514989,0.7279652568844541,0.9475011452506552,0.7966102238731275,0.9152604087870257,0.9023590922307319,0.9063154436274072,0.840636109865474,0.7704962603203883,0.6824293904151701,0.8798168475731476,0.852349403831662,0.935653484986853,0.7101961848591316,0.8653489874965989,0.37353506149117843,0.5818535082200643,0.8956681623250231,0.8686918264327281,0.42577232593160885,0.0,0.7654176332765867,0.5787831635192825,0.9237701336414519,0.32110261242426125,0.20291090496363562,0.9192114649013651,0.9136516365865193,0.8366461626667014,0.8301386041142657,0.6508041726131678,0.8655544477978536,0.5028554961503191,0.6606146017095597,0.5629672087997106,0.6297013726891411,0.9785288999305057,0.8190722948962941,0.7888377302999496,0.7486486207643814,0.4451910537034819,0.6761570582823633,0.930263896074269,0.6721010396551786,0.45675632732032206,0.7023525837499566,0.6002199496786802,0.82081053645918,0.7710803249514396,0.8316453166931932,0.8116662144426506,0.9576141404209101,0.8293275845294414,0.7767230102291575,0.9606526547235565,0.895601871933626,0.8375345694855927,0.5028840392087823
0.8588862572355227,0.8586190586945841,0.5516757797190502,0.9591354982385214,0.5547821791819738,0.6939991225335387,0.6439401222712294,0.7597801063975087,0.707542274660458,0.6476650263197541,0.4925119282107396,0.44909374352705816,0.80404907658334,0.7299041913827804,0.79417483554286,0.7990153924267862,0.6247708315216495,0.9178510096769789,0.584904156282712,0.9285255191916688,0.7607840447767168,0.9372718188669876,0.6326493738575094,0.4815022176279287,0.520227285332779,0.4814757303286389,0.9496593489238421,0.7214042662027421,0.7292033405235094,0.8920035615874726,0.5908367848531639,0.9709265785284884,0.7544259521341105,0.3958018152088681,0.5176963159989945,0.9873543887721641,0.7815526461656842,0.3493037889055777,0.7654176332765867,0.0,0.5675664267514295,0.8981177291983822,0.27525723603573743,-0.01114707424265643,0.686220115972287,0.9213257028913552,0.8996711108316048,0.9298644472776205,0.7353278325798517,0.8326517118917275,0.5332246111194543,0.6670833017825384,0.6281171972709046,0.6053471801703211,0.8359451897042041,0.47999141206160734,0.49101744870976477,0.6719270038097277,0.3908715042346911,0.766074211120893,0.7061089851580653,0.5826409697384084,0.5477087325180022,0.3541976642358541,0.8552700507575435,0.852701075870715,0.5877489365699409,0.5486055872566958,0.2718397030998669,0.7987378956702382,0.4735574255687305,0.7127949140835138,0.7391002484874654,0.8995594485280499,0.7776878937823646,0.6075394833343356
0.9025422731714168,0.8092823876081772,0.4877957853670402,0.9236152430479383,0.5618799979409541,0.9370187691981524,0.5519141062791567,0.68422430404863,0.5949970469882504,0.6007534938558227,0.4446220334807106,0.6428024060828363,0.806728645326183,0.8161620323115253,0.8142132435860644,0.8101095069489823,0.8851953638454237,0.8818287416269673,0.9391147140688006,0.892397261059662,0.8282002319578715,0.90373300260801,0.9946876318327174,0.5786339458415222,0.8803347765672334,0.5886885983516027,0.9435076402390258,0.5807705239857149,0.9257064447218891,0.7822073327792178,0.5782915077217137,0.7053898048144509,0.4769303544046916,0.3928961015396619,0.3732139746780702,0.8368684706023801,0.6346597713940434,0.21638311858059167,0.5787831635192825,0.5675664267514295,0.0,0.5431050065380479,0.23024047647664414,0.15412890631081996,0.5966385704249879,0.9864200299111945,0.9191707509989157,0.8877260732026248,0.6439740482355404,0.6251265992669683,0.3508385440914944,0.5558147430987783,0.5113820485631638,0.4293717167599168,0.8003918392042995,0.36179754016675936,0.6055256728616101,0.5961592544809993,0.29196815547222854,0.7939840769059615,0.9126020732788541,0.9163468479391352,0.9014730350146044,0.8099050181102453,0.8034544999152838,0.7683942047845912,0.8849082403920867,0.8662021456086811,0.3551402483297798,0.713094098019769,0.5746476000263673,0.9289147352136901,0.7200020192088821,0.8671325940611023,0.8141486798653796,0.45078728048738387
0.9415931005846064,0.8888592048813341,0.6814687041561944,0.9648803865430193,0.794234701979473,1.011809238992058,0.8724274922643198,0.983777569144969,0.974899922905287,0.7841385315704476,0.620496443974365,0.6766997338241885,1.0103446074492308,0.9789108444366265,0.8405542618347234,0.8484297972881781,0.8650708615343392,0.9457486552863229,0.9928635434207466,0.8860812750924221,1.0685153780544452,0.9377683240907934,0.8551332450567366,0.9740894951962165,0.6064394551036172,0.668547845962564,0.910186479011612,0.9994228423541691,0.9929498160479605,1.0029412652491938,0.9970836398002921,1.0188528108729304,0.7731352399860034,0.5428124487569461,0.570066931429603,1.003154259181248,0.9079690788522483,0.3585639370004085,0.9237701336414519,0.8981177291983822,0.5431050065380479,0.0,0.30528944758475196,0.2186668830041326,0.8442252077880579,0.9795902284723899,0.8997156038288097,0.98673614638332,0.6915766874499976,0.8692223087866082,0.6224368195701854,0.7616314355092578,0.8141864786712856,0.7516244561928205,0.882560446467825,0.6174708142843103,0.9200022405012661,0.8386343929362785,0.560900389183636,0.7838809838753006,0.9881158921963614,0.6723396308626399,0.9263723334123452,0.84679875796121,0.7689276215169457,1.0283859369662889,0.937918493736932,0.9666224859161346,0.5490684713568216,0.8624736158503966,0.6921126559106158,0.8035126462592259,0.8656428015756576,0.9492936696860499,0.8333219682227773,0.6068706419739001
0.8396316890994784,0.7938730903381407,0.7771117681494539,0.512979751656926,0.14472518516446997,0.8240976385191805,0.11977409997217414,0.869969036352139,0.37782218599036954,0.29636370303724763,0.25936586656286115,0.8033613097265446,0.23785327449119564,0.28218407110715227,0.7010105230017503,0.7940596180547375,0.751244007420753,0.8432064573250428,0.8350556860759496,0.7330042105008191,0.47765714806739196,0.8667149110327405,0.8396507627701321,0.785499830141837,0.7657190489267268,0.8215129584132198,0.8504708695469322,0.381427775770828,0.8924875932904244,0.7826948346343311,0.8180194060108246,0.310703609094534,0.39410192310170955,0.1661002558217201,0.1306995071036754,0.3543630779688025,0.4538103011469376,0.14687504677887403,0.32110261242426125,0.27525723603573743,0.23024047647664414,0.30528944758475196,0.0,-0.03356983382185941,0.3102506733300454,0.7778117643518526,0.7950418518802431,0.7845948749015291,0.4045173759240741,0.27592290700032623,0.120549944750511,0.23212327638856448,0.19773406771630703,0.13002010733144015,0.4705860161203487,0.09258426340183395,0.739421747598989,0.22383548200176556,0.2183289992286957,0.697273798122057,0.871186320761747,0.355797415806668,0.2746682723118434,0.7443399918955089,0.6261477173898204,0.3576196395602748,0.802434073000696,0.7166446969960913,0.6278071674970016,0.34484429778602405,0.8008956954448865,0.7156631165965754,0.42363712901665757,0.7654505449705942,0.837157721570247,0.1389063398512223
0.7133565382972626,0.71794791974062,0.7993260439233559,0.3704601798943831,0.17840520707295798,0.2562911195003854,0.15043046224566176,0.41113617752865794,0.21130101365235476,0.3400371908938658,0.12497986738981237,0.17682819841704941,0.26928563868053434,0.2896522782668291,0.7158169417672099,0.7464034396846582,0.3631453136796412,0.8020498296814405,0.8001854521030708,0.756827944465121,0.343938362634622,0.8201481780665509,0.27067608102100565,0.0036688948461092163,0.22327718695679663,0.12722914683177322,0.808017117382248,0.28909210212802583,0.8840795509286202,0.8304255424222318,0.17601643166260755,0.17556436990053725,0.2711533132056738,0.0002535835344000814,0.06705305290657532,0.12138772143373594,0.2751971173059137,0.10876147980146117,0.20291090496363562,-0.01114707424265643,0.15412890631081996,0.2186668830041326,-0.03356983382185941,0.0,0.2563270440349957,0.7829480607924804,0.8398882917007043,0.8072639706449316,0.7365225802555277,0.2877294737556234,0.11854657721271672,0.21730551464766806,0.15696327828029408,0.21064587328381373,0.3232194563816666,0.14578816378310827,0.11560713863176902,0.2362372492842294,0.1251907729925021,0.7265797038405936,0.8820083147733624,0.22162195084392677,0.17929807027496844,0.09075028179659922,0.5991836287522296,0.305268301164239,0.7804859625308067,0.21192191970678548,0.7010422030069539,0.3929730744220123,0.026869882764366804,0.7647218831216323,0.22846377370185256,0.7968310500996284,0.7990902553451094,0.12217260707042354
0.8750273625010158,0.80119198529348,0.9178409766028711,1.0260520250927914,0.6201541835689242,0.9426187943617814,0.6368769033474062,0.9280403146910543,1.00032829711438,0.9680972630751211,0.9287650528420026,0.8885645936322836,0.8775351606858681,0.7343794457320203,0.8382326272522603,0.8232941208993735,0.8666579550300565,0.8842553903467473,0.9011675281243248,0.8269116125053901,0.760169764391813,0.8904251230456219,0.9485521416249603,0.8898168782809832,0.8827590312713585,0.8871192923489204,0.9370779677427369,0.9458004657692125,0.8672294312887429,0.8052154296771057,0.9607534783592561,0.8809677368935869,0.7387829765257825,0.3826255210256796,0.5544841517760201,0.8989340345130801,0.8307649562665909,0.4359128736828974,0.9192114649013651,0.686220115972287,0.5966385704249879,0.8442252077880579,0.3102506733300454,0.2563270440349957,0.0,0.9107457342340542,0.90223399608701,0.9316314750171305,0.7176711634625608,0.7467457723878057,0.9491826979294451,0.6795715643876789,0.7020087598160805,0.945212605033614,1.037265908377927,0.8809638243637091,0.9096579074568282,0.6019258421500726,0.3957463638754935,0.8050113636373761,0.901028675582829,0.9653150402175785,0.862335563644358,0.8311707718728916,0.7956312885066633,0.7249171743181324,0.8604262998215265,0.8849922998293909,0.7877417889165036,0.9068402663627458,0.9089131191990779,0.914713754433634,0.9932069172476163,0.9185615018325837,0.8561230591810127,0.9459953340796353
0.8427454099193535,0.7309102688198211,0.8757652474360651,0.9480786596227343,0.863397780599092,0.7477006973097868,0.8785656102033466,0.8821530042894838,0.8046976889481025,0.7840290878998888,0.8134958890748959,0.8770695749308872,0.8917279092415649,0.7977024839861332,0.7634503238311687,0.7175608342594344,0.8013591361636802,0.8467655489146061,0.8215946049040764,0.0,1.0508012591922888,0.7505918412338148,0.7682038531564632,0.8773602569091166,0.7899602646430649,0.8332827121155002,0.7172407682249368,0.841662797260972,0.7588858929105787,0.0,0.856367917521289,0.9006681974960165,0.9165575199501791,0.929711593204593,0.8656041182419079,0.9042359118888564,0.9347610737882263,0.9148385743694196,0.9136516365865193,0.9213257028913552,0.9864200299111945,0.9795902284723899,0.7778117643518526,0.7829480607924804,0.9107457342340542,0.0,0.7966966743971795,0.8479196774825565,0.9032277885116312,0.8984654261384366,0.8081346766913234,0.9006842056624996,0.8942626395596206,0.8542027328368105,0.9195342427178832,0.8107937770452518,0.9664557723981375,0.8490236759863983,0.8123516023122834,0.798165544980711,0.8126601952827579,0.8421883107055381,0.8096548496396163,0.7650999682602124,0.0,0.921049705584932,0.7299212556342967,0.7984528696802441,0.835078690733937,0.792247089105947,0.8363478155808604,0.7633446206893852,0.828241251373294,0.8201074014697572,0.0,0.9056997342222919
0.7436952323241814,0.6742500973853786,0.815068126285549,0.8822012495353768,0.8843513342618002,0.72633345863662,0.8873367225240526,0.8493295145569327,0.8244478060851418,0.7570771032389348,0.8192751408041885,0.6684221330824803,0.8594295367603854,0.8300963387785774,0.7242298417724831,0.7484893466577154,0.7904851009382896,0.7722498382226486,0.7525761344712248,0.7230629723180768,0.8260133129645337,0.682508265174026,0.7172373754716248,0.7763323796367347,0.7687497800895027,0.7463678311892382,0.7211149708383866,0.869027673403491,0.7836865080967851,0.8241785638269824,0.8419431071876902,0.9252292311232345,0.9626192105527287,0.8224497495997525,0.795264042026877,0.9592801508936741,0.9802736809171224,0.7123533747991262,0.8366461626667014,0.8996711108316048,0.9191707509989157,0.8997156038288097,0.7950418518802431,0.8398882917007043,0.90223399608701,0.7966966743971795,0.0,0.7004236113148546,0.8888062103005948,0.844224848008713,0.7810206664758945,0.8111181956327367,0.7690021953350349,0.7604953763647185,0.9293094650896376,0.6306188181050298,0.6858870039305692,0.8268001768724067,0.8507261694662219,0.7082008112926342,0.7982496192158444,0.8293531620640573,0.7954352751677317,0.7421901292828594,0.0,0.8327930571955113,0.7802971987873617,0.6267816316294279,0.8021721232374784,0.7019162115136385,0.7219151894838927,0.6920189285845101,0.7879002286117152,0.7345046007134624,0.7090292287414586,0.786833726759228
0.868808171048205,0.6812560749486433,0.8219763552578376,0.9094050914605236,0.8932179690879831,0.8202359059079924,0.9101070809698135,0.9924580426608571,0.9029493727736724,0.8912132894158123,0.8546517279118085,0.8291874377045629,0.967000779082058,0.9249611043037613,0.6605669892039311,0.7678449140928978,0.718590486000056,0.7549696104014407,0.8151364863640201,0.6941668266061445,0.9042311507274046,0.790905576501188,0.7975962912581523,0.8215081627998604,0.8197796338706088,0.7987570863881758,0.7700485326519538,0.8838528295199425,0.7868333816132013,0.8097945100202752,0.8474493268033313,0.9497560973127329,0.9271025196015044,0.8154471243789251,0.8990382230294944,0.9845516789644365,0.9637916702257869,0.8462833996742045,0.8301386041142657,0.9298644472776205,0.8877260732026248,0.98673614638332,0.7845948749015291,0.8072639706449316,0.9316314750171305,0.8479196774825565,0.7004236113148546,0.0,0.8842599898234086,0.9464772910109317,0.8575409587584917,0.9269671445050874,0.7721144334553688,0.8703384802514219,0.9144398958978361,0.7907484875100543,0.8502724833288877,0.8562220441994147,0.8772050830149983,0.7849176425126386,0.8680582337919618,0.8692593183202398,0.8369252462890485,0.7043329836819805,0.7206407534278222,0.8747630315110724,0.8027891771970399,0.7456292980964738,0.7563274354616307,0.7271421068689222,0.7900849253728762,0.73500785305546,0.852936122525811,0.7995716489771538,0.7887028319623729,0.8572556394730628
0.8776329594910209,0.7904855161774736,0.9175546903795023,0.8764511136083729,0.5577909363486837,0.9697489193244162,0.5613043403411222,0.718930353820827,0.9545286410911542,0.9438075240397106,0.8817615890294979,0.8782443527495171,0.7855258831376554,0.9693141406267725,0.7766367826279292,0.8198660953077755,0.8149200002811613,0.8840472112443655,0.9072210496575924,0.8592410716165899,0.8758987817561614,0.9112662243292456,0.940919674532298,0.8915550339896351,0.8518586879764204,0.8933848056004492,0.8789739758746975,0.9509315417163319,0.8767743941427032,0.9384549112756482,0.9303519966444393,0.6760951157456303,0.7599796208157701,0.5046792983299945,0.540689677714208,0.8878880954638788,0.7480912159715889,0.8707339969058645,0.6508041726131678,0.7353278325798517,0.6439740482355404,0.6915766874499976,0.4045173759240741,0.7365225802555277,0.7176711634625608,0.9032277885116312,0.8888062103005948,0.8842599898234086,0.0,0.6197241632905263,0.8738969295272948,0.5571982092709657,0.6085475594809068,0.9061973832102495,0.9621146031133263,0.840958812518226,0.8694178045160486,0.5425779611111289,0.46644751205582596,0.6898734696432239,0.9162906564966593,0.45389069351222355,0.8625035540491532,0.8197971166364486,0.6756235264181365,0.8314810912505208,0.8703243842211291,0.8633168251578859,0.8383847250672871,0.9177422367006017,0.8810027572151551,0.871444860810075,0.9128508538355231,0.8806288799717715,0.8426190713656054,0.8695766933832556
0.867147022414631,0.73724281453773,0.9321304223836454,0.9504124634437532,0.6156228444554535,0.9973623552294038,0.6497664678678905,1.0014685106990846,0.7529386666840128,0.673301094843383,0.5957870503236391,0.9789618355677621,0.8464216540930214,0.8883971628638783,0.7498218710677689,0.7622402674958173,0.8353990058071918,0.8294776002549277,0.9337685218277455,0.7559843385606888,0.9217729819746621,0.8613965713257054,0.9517360174852157,0.9124851539649169,0.8808110398875162,0.8675909691329009,0.9262383300971945,0.67505184850594,0.9421685437259557,0.9388272162103981,0.5819792966790688,0.9297067528811243,0.7203558795531468,0.48564227183994735,0.6977397247158955,0.9858179968308166,0.8877123045951174,0.47469909689651885,0.8655544477978536,0.8326517118917275,0.6251265992669683,0.8692223087866082,0.27592290700032623,0.2877294737556234,0.7467457723878057,0.8984654261384366,0.844224848008713,0.9464772910109317,0.6197241632905263,0.0,0.5798879775725154,0.6341654076341124,0.6814635943397771,0.7139296704512322,0.8250657157203862,0.5213751776112148,0.8768946120190438,0.6627175952837663,0.5593525143565443,0.697513180228845,0.8967058245957198,0.62886971494579,0.8909883061484902,0.814978410077425,0.6379685522304299,0.8590495858159171,0.7909360755241008,0.8425067523464244,0.889678887581831,0.924806500984267,0.9174515470037197,0.8264203360761712,0.9737318126385133,0.769484993992076,0.8210723546257584,0.5690694902759996
0.832366242497708,0.7085243598895123,0.8036255790557908,0.9364214275235637,0.34590531688170806,0.8630320183151655,0.2683032905297612,0.8970076559789296,0.501920160758393,0.7871499782149907,0.8447742972747637,0.6707395256219588,0.9131734677328,0.8560121231611839,0.6682482967697911,0.7915617658125618,0.819169690190987,0.7273732850185999,0.8675888252863858,0.6955319672081789,0.925524068520631,0.7329415526745513,0.8349679791989377,0.7888003952388184,0.7469022087470614,0.7722915272504848,0.73891498732114,0.9151610491809716,0.764428139164982,0.8057136936953506,0.8221508099798222,0.8579399690681323,0.43065420911702723,0.2536676898761998,0.3938102107431199,0.6515335187544625,0.7013391781259606,0.22428566313530868,0.5028554961503191,0.5332246111194543,0.3508385440914944,0.6224368195701854,0.120549944750511,0.11854657721271672,0.9491826979294451,0.8081346766913234,0.7810206664758945,0.8575409587584917,0.8738969295272948,0.5798879775725154,0.0,0.46888401877381913,0.7609271133880698,0.31516205091572264,0.9974523786349783,0.7035053943553815,0.6546104105567758,0.44048897965732875,0.1662251407384353,0.7221204839210948,0.906800121801891,0.85252446980267,0.8691421267308174,0.6510295645644232,0.6998885068007223,0.8554227526293753,0.7521700902203352,0.7076266175335382,0.7413723472836191,0.8450516861821002,0.6816011301941233,0.6361645598916538,0.9119008500323984,0.7910672610463453,0.7414678278674672,0.8779449707034097
0.8933946374593901,0.665948013319155,0.9299676512240814,0.9865775686688598,0.35774602726146015,0.9584013471590065,0.48756409419596114,1.0136866464611736,0.723889963763164,0.6574257551344632,0.4733518792832565,0.8744894221230316,0.8557117165698083,0.6842597187955193,0.7110081917186489,0.7609446562064148,0.8545241778896873,0.8072414816397617,0.9165824221708622,0.7309383274850615,0.9388962970983638,0.8197867850223283,0.9435286401219333,0.5564671961436622,0.7801649969938738,0.8412440219884272,0.7941798545729865,0.6719774482498131,0.8613735318011588,0.8902699857403881,0.9280789816051808,0.7553061689488445,0.7864523397707548,0.3940612512125387,0.5038231822134885,0.9682801784991117,0.8840963132532225,0.3793746234311148,0.6606146017095597,0.6670833017825384,0.5558147430987783,0.7616314355092578,0.23212327638856448,0.21730551464766806,0.6795715643876789,0.9006842056624996,0.8111181956327367,0.9269671445050874,0.5571982092709657,0.6341654076341124,0.46888401877381913,0.0,0.588599408359817,0.5972250065756326,0.7122991425615698,0.3406450799787556,0.878701403324444,0.5522961048523816,0.3403050506098242,0.6972018006763208,0.9064493147313133,0.5229091068164178,0.882436986979505,0.7342672802646726,0.7111069692351212,0.6984474253253636,0.7411729724968014,0.7975132643798091,0.8604507031467773,0.9347415338025207,0.9076546650333838,0.8229548948434963,0.641175136040523,0.8033285049714992,0.8129259335898328,0.5351730390722279
0.9353031560937352,0.6704898788097655,0.7703901278718885,0.75250137321837,0.4651991025626456,0.8715023099726922,0.5439380959099737,0.5784977763459311,0.6042935319430739,0.8503185219199646,0.8368785245206302,0.7892144458858745,0.6445827008525179,0.9008610744209338,0.7268544756888831,0.759407244150757,0.8305691129763239,0.8281848901146168,0.6632854558286084,0.6980480382701313,0.8136575789813979,0.660699217350427,0.8333353830811714,0.8482627123304469,0.7682349563560136,0.765356250642063,0.635573385212194,0.591422097292449,0.6958867077061496,0.7806735404828108,0.522473986147189,0.5175736106715281,0.5581162305732771,0.3408243777198606,0.3783503717595417,0.8557958106547947,0.8215118849229692,0.21326475876805126,0.5629672087997106,0.6281171972709046,0.5113820485631638,0.8141864786712856,0.19773406771630703,0.15696327828029408,0.7020087598160805,0.8942626395596206,0.7690021953350349,0.7721144334553688,0.6085475594809068,0.6814635943397771,0.7609271133880698,0.588599408359817,0.0,0.42279119417989086,0.944571005851087,0.7745140380191974,0.7726833798991063,0.5935027029563662,0.337469669581539,0.7318350428069541,0.8684760376818068,0.8447293891696035,0.799857999794026,0.668778258323016,0.6358450565234245,0.5603757751286298,0.6467343935748611,0.7945505297463884,0.2633310779990278,0.8001136217204592,0.8104096869701143,0.6402950122363286,0.8970831065018975,0.6769567251257056,0.7557388977332178,0.8726724870072788
0.8473978870318398,0.8128061868828826,0.8840503446195799,0.7635873493340937,0.5177079373164556,0.9011701392172854,0.46449610950523046,0.9683499010869463,0.5347085360309756,0.8384750319948493,0.8729079009020527,0.6773084736281805,0.7409064777319769,0.6168670065216749,0.65343074221857,0.7818714636212477,0.8247336081595139,0.7868294746607396,0.890077113772984,0.7222117405194675,0.9534077450432465,0.7655840666681364,0.9317297021985175,0.8413205868636958,0.7437607968301468,0.7858842357792356,0.8208754655947035,0.9254135275405255,0.8841354584848873,0.854575989118526,0.8792347334527004,0.665208277332338,0.631869478440038,0.1935730636290632,0.47095345943949135,0.7425126585824239,0.7159111687223578,0.2730303257248192,0.6297013726891411,0.6053471801703211,0.4293717167599168,0.7516244561928205,0.13002010733144015,0.21064587328381373,0.945212605033614,0.8542027328368105,0.7604953763647185,0.8703384802514219,0.9061973832102495,0.7139296704512322,0.31516205091572264,0.5972250065756326,0.42279119417989086,0.0,0.7913528054200409,0.3270529682423947,0.7442041934279942,0.5263377658881425,0.2315394467322903,0.6801891441296448,0.8199105920483147,0.44073711045884834,0.8532894530583919,0.6872616321300721,0.6622184256223111,0.9484404929798308,0.6955299869975224,0.8208299958055105,0.7503198098597468,0.9302983767035462,0.828972042760645,0.7518256065066528,0.8739556560967696,0.7537916851706902,0.7916648514015806,0.8744976353760927
0.9225945094872914,0.7897278684330326,0.9158524588134009,1.1490470698549977,0.7497429537446236,0.9825562096316862,0.7508328344871485,0.9719748193673429,0.8321467996456701,0.9416465966793315,0.8162467849099289,0.8922966340845919,0.9708912970688007,0.781994341647763,0.6917527754415052,0.8747907388162959,0.8916980395961529,0.902275427857072,0.9629261139354558,0.781784626641453,1.0996485105306641,0.8194455025537527,0.9246005326252351,1.0092383284361288,0.9072430772685958,0.9060299114164043,0.7588363586244621,1.0476158620736058,0.9112333202282086,0.9241487609254659,1.0399758157674182,0.9521526093028603,0.9337855139065094,0.683849949186329,0.7200295884877269,1.0219988014263248,0.9876962476528597,0.6169655554033296,0.9785288999305057,0.8359451897042041,0.8003918392042995,0.882560446467825,0.4705860161203487,0.3232194563816666,1.037265908377927,0.9195342427178832,0.9293094650896376,0.9144398958978361,0.9621146031133263,0.8250657157203862,0.9974523786349783,0.7122991425615698,0.944571005851087,0.7913528054200409,0.0,0.505477197162156,0.9448998484251848,0.7961258040650219,0.5955032557742707,0.7693983616679225,0.8874702418869526,0.6401614460197551,0.8817525429825336,0.7071467534679057,0.7068829908569473,1.0785031509654524,0.7682926898292828,0.8529922778422039,0.886201583455732,1.0514455158813838,0.8592306138934659,0.720140516163113,1.0322545115658102,0.8660341525185968,0.834277107350484,0.950864863155238
0.8535024918765939,0.6644305430729014,0.7157888477625057,0.7146374015491321,0.3536667498211659,0.777374959471683,0.3347226131837648,0.9530953987098618,0.8561201946651168,0.813119268239671,0.3164411267259384,0.6406764303538823,0.48008167737459306,0.36678070720554334,0.6538894229276279,0.7376757633879135,0.7758206966303096,0.7695717014811052,0.6605712870174443,0.6965174736307795,0.952276345368569,0.6444734967432648,0.7962786053756691,0.7861809738469312,0.7162549254640499,0.6893287318231488,0.6237938041331085,0.8897789592535106,0.688608839541106,0.7873027482078685,0.8654120733085005,0.4489169014024578,0.49634538067412254,0.14455349232809356,0.28635868583178126,0.5262664676573588,0.5764174841434774,0.19510238694238285,0.8190722948962941,0.47999141206160734,0.36179754016675936,0.6174708142843103,0.09258426340183395,0.14578816378310827,0.8809638243637091,0.8107937770452518,0.6306188181050298,0.7907484875100543,0.840958812518226,0.5213751776112148,0.7035053943553815,0.3406450799787556,0.7745140380191974,0.3270529682423947,0.505477197162156,0.0,0.6673348656982666,0.8478737212711018,0.14281425928437425,0.7158652616658131,0.8509638169626296,0.853409061215811,0.7313434306431098,0.6158678803690604,0.5821441721520652,0.5328967953632694,0.6159448566142128,0.6488937891397288,0.700274314414461,0.8555512536919653,0.6961714097297339,0.615532728448933,0.7967552958395718,0.643479993975542,0.7765471725352092,0.7615631669345313
0.844269555897627,0.681287150981017,0.6892979918060952,0.9914687917616948,0.8446506453910892,0.7461867335643093,0.9238412565102726,0.9110585443231078,0.7058494031317313,0.7939712144216493,0.7595661252411057,0.7729788514823236,0.8919126040313701,0.8652209416037165,0.6881595816850415,0.7034719168098464,0.7563256214829845,0.7500666389850134,0.6929115699925406,0.6537660640978188,0.9652637746976518,0.664052875357249,0.6585102278759072,0.7920679468275306,0.6670293191281511,0.6891590220405817,0.6918201305483214,0.8035386766421063,0.7797807100817005,0.7565351135465914,0.8532335327352547,0.9421721870084659,0.8944183332020837,0.8274442085572564,0.8247979384279076,1.0168916596507196,0.961167260309365,0.7914727416575675,0.7888377302999496,0.49101744870976477,0.6055256728616101,0.9200022405012661,0.739421747598989,0.11560713863176902,0.9096579074568282,0.9664557723981375,0.6858870039305692,0.8502724833288877,0.8694178045160486,0.8768946120190438,0.6546104105567758,0.878701403324444,0.7726833798991063,0.7442041934279942,0.9448998484251848,0.6673348656982666,0.0,0.7977495957414645,0.7414275510108008,0.6383437356106171,0.7884796288793747,0.823796589683895,0.7701581012321086,0.6055307418910112,0.6741148506021364,0.5409978996413123,0.6889287439119767,0.6434152995020828,0.6338843700179844,0.6606122272571436,0.699973995342498,0.7431310674188716,0.7472774594380166,0.7291423118111896,0.7264953289793467,0.8108239039650105
0.8536974532991286,0.794999460098797,0.9010410439424068,0.9414810956077674,0.4388640870348798,0.953612697378065,0.5927809909343458,0.9616832280014405,0.6902885084429228,0.8721674878417517,0.4570578483315906,0.7678856797632513,0.8123188381078279,0.7043484721015651,0.7531905286806548,0.7756775492011194,0.8462058003689743,0.8068326728074239,0.8497535483011799,0.6943414832925692,0.7612124609526676,0.8313638553940815,0.8488245783015632,0.9082329315607518,0.8262098704416861,0.9078591810591216,0.7139129964753834,0.9440896269167848,0.8992825110056444,0.8511190143115877,0.8916153689029365,0.7607499709908678,0.7307770498852284,0.3675813366857035,0.5285857825667633,0.9840892155782042,0.8932672797947395,0.31324600359163757,0.7486486207643814,0.6719270038097277,0.5961592544809993,0.8386343929362785,0.22383548200176556,0.2362372492842294,0.6019258421500726,0.8490236759863983,0.8268001768724067,0.8562220441994147,0.5425779611111289,0.6627175952837663,0.44048897965732875,0.5522961048523816,0.5935027029563662,0.5263377658881425,0.7961258040650219,0.8478737212711018,0.7977495957414645,0.0,0.3813627596620965,0.6875471181612741,0.9102252241563221,0.5887551885387899,0.8774023381565464,0.6964935836323625,0.5816776254896857,0.9851999801393839,0.7692924769457318,0.8576002855323099,0.8141416950330245,0.9048116266916182,0.8229603546556161,0.7573948898222753,0.9417206159072209,0.8749660066127131,0.781645681800397,0.9039577730080246
0.8450040575544614,0.7606264637379752,0.8198301214380752,0.6635507263453104,0.4052983141181704,0.8848314081666309,0.41304127428622284,0.5280325408855968,0.453294049810935,0.4332382595761242,0.30190040249301114,0.8344379754607429,0.5564127758541082,0.4673340903533131,0.7250777660921759,0.7672724879704487,0.7650989717591994,0.8197162640507977,0.8100298020729406,0.7604947165522707,0.5259364792766298,0.8193385558226722,0.8487036702343816,0.8035967039393287,0.8061975545150317,0.8091621977470539,0.8688921592245286,0.9351623583348432,0.8959325918022922,0.8829654352223821,0.8882535152590405,0.4042935634124281,0.47035853704890107,0.17721187488530177,0.16674189583305382,0.6031707958299589,0.5295817002861256,0.15531607235521094,0.4451910537034819,0.3908715042346911,0.29196815547222854,0.560900389183636,0.2183289992286957,0.1251907729925021,0.3957463638754935,0.8123516023122834,0.8507261694662219,0.8772050830149983,0.46644751205582596,0.5593525143565443,0.1662251407384353,0.3403050506098242,0.337469669581539,0.2315394467322903,0.5955032557742707,0.14281425928437425,0.7414275510108008,0.3813627596620965,0.0,0.7212718962758925,0.8653186361938009,0.2979571994464425,0.2456992946768128,0.7865220470800017,0.7009155186743452,0.5339226337239963,0.8130970033184217,0.7729562061415534,0.7089505196635575,0.8778476341993318,0.8207852764014533,0.7322157604208418,0.9351786799299457,0.8326415740075082,0.8093760449332056,0.17727899073705106
0.8498461495513716,0.6608894803824105,0.755877350128324,0.7582112360042951,0.7380477720856033,0.7303181753175376,0.7598374614801178,0.7409424316153366,0.7062700776828101,0.7432411066430269,0.6535766636410711,0.7246585737271128,0.7138696851942207,0.7738750358135453,0.6930315665507882,0.7390317106548255,0.7252281112626072,0.716851673712032,0.6778402402205346,0.0,0.7696672691109507,0.7618204750877637,0.7168193924216517,0.745736354035345,0.7291150287552833,0.6731441464253358,0.7152573167740873,0.752723670236489,0.7392761639437069,0.0,0.7448514033748158,0.7478830662789739,0.771009151279554,0.7039009021403833,0.741264865888614,0.7835689565787627,0.788869978175504,0.7625822807322192,0.6761570582823633,0.766074211120893,0.7939840769059615,0.7838809838753006,0.697273798122057,0.7265797038405936,0.8050113636373761,0.798165544980711,0.7082008112926342,0.7849176425126386,0.6898734696432239,0.697513180228845,0.7221204839210948,0.6972018006763208,0.7318350428069541,0.6801891441296448,0.7693983616679225,0.7158652616658131,0.6383437356106171,0.6875471181612741,0.7212718962758925,0.0,0.7679999169282921,0.7752624571848876,0.7315692154607076,0.7202682274607076,0.706397931222704,0.7584858145684138,0.7171910996201398,0.7572853821621189,0.7053201889935937,0.7457002749915222,0.6559718310119113,0.7751095830507324,0.7258919147769183,0.7421330306172421,0.0,0.779725754908731
0.8122284200320321,0.804672536538755,0.8603008007217143,0.9437007004952989,0.9365056006668966,0.8978137673174644,0.9424219095725644,0.9841349019220202,0.9043428472823182,0.9367048571853056,0.8327173388605326,0.8639464663468143,0.9049223408421417,0.8992911585794312,0.7428493561506131,0.8390715237569026,0.8728180991714198,0.8190303663846363,0.8415746367030248,0.7545275095861113,0.884103729846824,0.7855799142454802,0.8000887050776324,0.8329303521915237,0.8388563326624218,0.8060190712258944,0.8355729741613158,0.9158780859743335,0.7841019041893244,0.8650010094858552,0.8824132732460287,0.9207558078276851,0.9417421317598287,0.8570483222644698,0.8510925551967057,0.9172284744584387,0.9503631556470737,0.7475997991291906,0.930263896074269,0.7061089851580653,0.9126020732788541,0.9881158921963614,0.871186320761747,0.8820083147733624,0.901028675582829,0.8126601952827579,0.7982496192158444,0.8680582337919618,0.9162906564966593,0.8967058245957198,0.906800121801891,0.9064493147313133,0.8684760376818068,0.8199105920483147,0.8874702418869526,0.8509638169626296,0.7884796288793747,0.9102252241563221,0.8653186361938009,0.7679999169282921,0.0,0.903511155301762,0.8689920301878485,0.702704030359801,0.7140350678658536,0.9078705985351321,0.7583197479649104,0.8235900705420265,0.7980764445415233,0.8657565537672562,0.8101951036235768,0.7434199349981994,0.8920636887060864,0.8395715887945754,0.7411165411850835,0.9127255073128355
0.8027260823560578,0.7858757002115109,0.8728630002644543,1.0908627549848897,0.57110297629139,0.8721353966529151,0.5107425955645291,1.0352095717096212,0.8900095174030198,0.9640075211605187,0.533975058198278,0.836002182554827,0.7434490735876078,0.5192315840879339,0.7570064832413419,0.7680363626760838,0.812377634039923,0.8653543806243152,0.8636062223780085,0.7128525209669964,0.9158866546724155,0.7542306171258641,0.8136020209260646,0.8683048355256273,0.8682015324718088,0.8698245024085718,0.7533541546532988,0.9954753633744157,0.8015575493838298,0.8797191168046542,0.9415589420581447,0.9267424971579028,0.7446031351327507,0.8671303509376006,0.8700187358237494,0.6509055762173765,0.6749776794830603,0.36456187868771356,0.6721010396551786,0.5826409697384084,0.9163468479391352,0.6723396308626399,0.355797415806668,0.22162195084392677,0.9653150402175785,0.8421883107055381,0.8293531620640573,0.8692593183202398,0.45389069351222355,0.62886971494579,0.85252446980267,0.5229091068164178,0.8447293891696035,0.44073711045884834,0.6401614460197551,0.853409061215811,0.823796589683895,0.5887551885387899,0.2979571994464425,0.7752624571848876,0.903511155301762,0.0,0.861605448593434,0.7554906431829114,0.6956871511449612,0.9224407196810994,0.7995204613864147,0.792647934643376,0.8256021008887983,0.893930343866656,0.8683126995872614,0.7623689757265848,0.8623039953501132,0.8474030439255018,0.8420776696051677,0.8853288070363827
0.8318524821660387,0.7171014952628906,0.846897117103419,0.9845187776216501,0.3727249103142914,0.8001660205763503,0.44890135165058936,0.9518023181930971,0.8269990845521927,0.7779082298259136,0.795571917864083,0.7801524451539009,0.5186084741312895,0.8288178536116133,0.7053809956695503,0.7641111160077781,0.851876998972804,0.7887660624295699,0.8454796403406774,0.7574401596440856,0.911212520202198,0.7478236774631294,0.7879991936239054,0.8284318927013492,0.7474118856313224,0.742200215278895,0.7318794607872227,0.9222110225474345,0.7928435085134381,0.8110814128560375,0.8729071509268311,0.49145370896837015,0.5020951584256802,0.8454626706738682,0.47061172655064465,0.6379914492406222,0.5769746822289903,0.8321630480404244,0.45675632732032206,0.5477087325180022,0.9014730350146044,0.9263723334123452,0.2746682723118434,0.17929807027496844,0.862335563644358,0.8096548496396163,0.7954352751677317,0.8369252462890485,0.8625035540491532,0.8909883061484902,0.8691421267308174,0.882436986979505,0.799857999794026,0.8532894530583919,0.8817525429825336,0.7313434306431098,0.7701581012321086,0.8774023381565464,0.2456992946768128,0.7315692154607076,0.8689920301878485,0.861605448593434,0.0,0.7776920529986553,0.7398636309861448,0.858707680223256,0.770210592836751,0.7695436953960416,0.7280130604230709,0.8422469934707042,0.8033757807871301,0.7498412325365112,0.8869928902242139,0.7912404861608334,0.7698339700258181,0.870622962966889
0.811877266150581,0.6506612884788149,0.8108129478750338,0.9011856002154064,0.798609593697092,0.7844108828119333,0.8065303368760588,0.8332000587010304,0.7061689989884834,0.7571461119423109,0.664554162102983,0.6643286113888848,0.8544634142661244,0.7832417616622906,0.573044401668161,0.742485942385382,0.7596749241829529,0.7005261181659184,0.7323775084716854,0.6746137572809039,0.7813523102126001,0.628937670188216,0.7461588847273393,0.5845301781592303,0.7876979871121048,0.6186774338694512,0.6631907260153339,0.8747273890090127,0.6538263777006496,0.7943883558071078,0.7374323392681255,0.768151010202806,0.3212732550870057,0.7670181628744592,0.796100269631812,0.8487812360735317,0.8963673619374036,0.676861029300398,0.7023525837499566,0.3541976642358541,0.8099050181102453,0.84679875796121,0.7443399918955089,0.09075028179659922,0.8311707718728916,0.7650999682602124,0.7421901292828594,0.7043329836819805,0.8197971166364486,0.814978410077425,0.6510295645644232,0.7342672802646726,0.668778258323016,0.6872616321300721,0.7071467534679057,0.6158678803690604,0.6055307418910112,0.6964935836323625,0.7865220470800017,0.7202682274607076,0.702704030359801,0.7554906431829114,0.7776920529986553,0.0,0.0,0.87124643133684,0.7160856406236138,0.547270976123537,0.5693288764225304,0.7074359097580152,0.6310259933358074,0.6496683376756979,0.634078016900104,0.6930604578019633,0.7494193455678649,0.7282093592537513
0.0,0.7356107032751101,0.7124097989379108,0.7290627530047361,0.724229225015653,0.6706564476375654,0.764388216196385,0.6271470934190356,0.7480682415263759,0.57083345493689,0.6580972590277773,0.0,0.730783375278798,0.7520863434561026,0.0,0.6916908946265027,0.7169118070010878,0.7714513254960003,0.0,0.0,0.8068289747590606,0.7073619844840479,0.6813688066547982,0.8061292061003602,0.6693426295827729,0.6743612405527422,0.0,0.7210082137304429,0.0,0.0,0.7525531944493496,0.7206502926495278,0.8496249591575112,0.7265846763113438,0.7764932993726084,0.7964910880415547,0.7896430999073888,0.7264222955878871,0.6002199496786802,0.8552700507575435,0.8034544999152838,0.7689276215169457,0.6261477173898204,0.5991836287522296,0.7956312885066633,0.0,0.0,0.7206407534278222,0.6756235264181365,0.6379685522304299,0.6998885068007223,0.7111069692351212,0.6358450565234245,0.6622184256223111,0.7068829908569473,0.5821441721520652,0.6741148506021364,0.5816776254896857,0.7009155186743452,0.706397931222704,0.7140350678658536,0.6956871511449612,0.7398636309861448,0.0,0.0,0.7294653938131248,0.0,0.7083895756013412,0.7346542327423583,0.6890732850139203,0.6643460045142189,0.0,0.7124716677473407,0.0,0.0,0.6979288486696128
0.9609373139439227,0.7188774139598986,0.8270504229715495,1.120223682550452,0.5754834923127561,0.8602406101929813,0.7783518978627839,0.886188905949241,0.9171133021846686,0.7874646957647615,0.6664390746125363,0.9555518752725305,0.8969187033680814,0.9958533275929153,0.7509379367144522,0.7701875878314589,0.8817909201462635,0.8273372883250847,0.8545318490134052,0.7131036076756198,0.9195517430752629,0.7072898765965236,0.8843230438159684,0.5786411356717275,0.726285541072324,0.8886152390952106,0.7455383613506928,0.7469539787241618,0.7619341148903241,0.8177757644919943,0.6955777380091127,0.9195957346333351,0.8945874782078029,0.3969770099209091,0.7311834641608939,1.0465858224738558,0.9213821260723596,0.522949659218526,0.82081053645918,0.852701075870715,0.7683942047845912,1.0283859369662889,0.3576196395602748,0.305268301164239,0.7249171743181324,0.921049705584932,0.8327930571955113,0.8747630315110724,0.8314810912505208,0.8590495858159171,0.8554227526293753,0.6984474253253636,0.5603757751286298,0.9484404929798308,1.0785031509654524,0.5328967953632694,0.5409978996413123,0.9851999801393839,0.5339226337239963,0.7584858145684138,0.9078705985351321,0.9224407196810994,0.858707680223256,0.87124643133684,0.7294653938131248,0.0,0.767493667575911,0.7872941256392499,0.8234209505253732,0.8980175962984498,0.8519809932045845,0.7183805893922749,0.969840825648742,0.8064563010706359,0.8457152352469983,0.969140436295335
0.7529454072231703,0.7085853802757824,0.801571245514345,0.8379224282749648,0.8581118339903423,0.761392708766141,0.832636106084081,0.7499946587463466,0.825751178262387,0.6634435081950548,0.7295694182296303,0.7512123823233343,0.8701273996533886,0.6668395970956464,0.6720087827489212,0.6682506970338289,0.7431808975036817,0.7557139828614715,0.6880577699345627,0.7118933662749235,0.7718871425142476,0.6959773341250262,0.6739929324999052,0.6957366106466395,0.7467767674831093,0.6114197022425442,0.6675785383107735,0.8480795263347394,0.6673887008142905,0.6946670397709183,0.806693629390673,0.7801263846524089,0.9311250751624763,0.8087988780646924,0.8254079670596774,0.9246152250255445,0.8727445623980149,0.6944928549086998,0.7710803249514396,0.5877489365699409,0.8849082403920867,0.937918493736932,0.802434073000696,0.7804859625308067,0.8604262998215265,0.7299212556342967,0.7802971987873617,0.8027891771970399,0.8703243842211291,0.7909360755241008,0.7521700902203352,0.7411729724968014,0.6467343935748611,0.6955299869975224,0.7682926898292828,0.6159448566142128,0.6889287439119767,0.7692924769457318,0.8130970033184217,0.7171910996201398,0.7583197479649104,0.7995204613864147,0.770210592836751,0.7160856406236138,0.0,0.767493667575911,0.0,0.6382188800522948,0.6914202850772256,0.724513310859685,0.6475481161416119,0.6990811890159332,0.6817636692366993,0.7300922960384199,0.0,0.7199345810677956
0.8019255003314615,0.5740002250815501,0.8027786150744698,0.8574346646907038,0.8440484504779197,0.7646886909741772,0.877632621312384,0.8426717301240582,0.8171399776393836,0.7121460190262725,0.6692435030350209,0.6297162789708984,0.8845961882214153,0.7615273421467494,0.6014820092512786,0.7266085357135358,0.6588310396761624,0.7595901757592336,0.6796748016176987,0.6724070661123734,0.8502244710756931,0.5817796675941437,0.6091574082227893,0.8070700712324684,0.6966038948817476,0.5941053456365756,0.6751819287420558,0.6939951442063163,0.6483568821673069,0.7186415155154395,0.6870221307529922,0.8384485226163462,0.5997385547217785,0.275547699284259,0.8580772718362474,0.9201960256209308,0.9470452183369703,0.7864686905488246,0.8316453166931932,0.5486055872566958,0.8662021456086811,0.9666224859161346,0.7166446969960913,0.21192191970678548,0.8849922998293909,0.7984528696802441,0.6267816316294279,0.7456292980964738,0.8633168251578859,0.8425067523464244,0.7076266175335382,0.7975132643798091,0.7945505297463884,0.8208299958055105,0.8529922778422039,0.6488937891397288,0.6434152995020828,0.8576002855323099,0.7729562061415534,0.7572853821621189,0.8235900705420265,0.792647934643376,0.7695436953960416,0.547270976123537,0.7083895756013412,0.7872941256392499,0.6382188800522948,0.0,0.7068076734517792,0.6061575908461465,0.606140657586728,0.6481851965791428,0.6612624014553616,0.7078679041292288,0.0,0.7684162056623658
0.7796178669911935,0.7529641213329281,0.7561882147592855,0.9652234977057841,0.8241124270860638,0.7931656588610536,0.8358230168709866,0.8954440774845821,0.8211953949006107,0.6880324137235048,0.8123596176432227,0.8309542362627909,0.8244188130611554,0.7909218531550004,0.6152715831361941,0.6919079584182811,0.7578359144681538,0.7511983599603261,0.74672524539065,0.6958467774392456,0.877184981452268,0.7516614047026866,0.7687063401519746,0.7738630933961729,0.7570558673788151,0.7318797145889216,0.7805063256791068,0.789865891020611,0.7391088559528893,0.7913210841808683,0.7544485994809375,0.8828405894241356,0.4052519712114071,0.2635648059623919,0.3666823415414193,0.8904825793028132,0.85185449178613,0.7888482502728593,0.8116662144426506,0.2718397030998669,0.3551402483297798,0.5490684713568216,0.6278071674970016,0.7010422030069539,0.7877417889165036,0.835078690733937,0.8021721232374784,0.7563274354616307,0.8383847250672871,0.889678887581831,0.7413723472836191,0.8604507031467773,0.2633310779990278,0.7503198098597468,0.886201583455732,0.700274314414461,0.6338843700179844,0.8141416950330245,0.7089505196635575,0.7053201889935937,0.7980764445415233,0.8256021008887983,0.7280130604230709,0.5693288764225304,0.7346542327423583,0.8234209505253732,0.6914202850772256,0.7068076734517792,0.0,0.7932709413803785,0.682587968859162,0.6894549865417342,0.7227067739316139,0.7394675519390775,0.8283838176679492,0.806609683884475
0.7329049556213902,0.635633584777672,0.8242166744772088,1.082189694904589,0.9314277428400421,0.9098975084362303,0.7139232431619803,1.0833592382607302,0.945093158057815,0.9089977246220331,0.873761556555359,0.7633972141252232,0.9909454941319588,0.9294489616641012,0.6921878381114316,0.7292040463056698,0.7942469578044623,0.7360778716527222,0.7512822337034017,0.6861738002419072,0.903957734760895,0.6639668116985157,0.7151951455756445,0.8388109298304701,0.7493829435747718,0.6730442273252563,0.7304517955357094,0.942598116445596,0.732953429305666,0.8116154507053799,0.8155877081608317,0.7507485302577942,0.7139387623307721,0.8889438552396747,0.6319793686971765,0.9089863572994554,0.8549176393761606,0.8564339356941622,0.9576141404209101,0.7987378956702382,0.713094098019769,0.8624736158503966,0.34484429778602405,0.3929730744220123,0.9068402663627458,0.792247089105947,0.7019162115136385,0.7271421068689222,0.9177422367006017,0.924806500984267,0.8450516861821002,0.9347415338025207,0.8001136217204592,0.9302983767035462,1.0514455158813838,0.8555512536919653,0.6606122272571436,0.9048116266916182,0.8778476341993318,0.7457002749915222,0.8657565537672562,0.893930343866656,0.8422469934707042,0.7074359097580152,0.6890732850139203,0.8980175962984498,0.724513310859685,0.6061575908461465,0.7932709413803785,0.0,0.6804376281683997,0.7471825185028402,0.8065153466853674,0.7332806415584769,0.7517270752132832,0.8307845392851386
0.8358230311997827,0.6648560395060282,0.6816716280288393,0.9894228850455058,0.3501550398534407,0.8336966154651559,0.9065091745206211,0.9290547260885974,0.8662248663106996,0.6544139037755478,0.8720462293780261,0.6609479259030699,0.8949513244205173,0.8475883305806472,0.6917538870888378,0.7054256694457598,0.7869543336686415,0.683075916250262,0.7109295526389331,0.6672292433178141,0.957832201094195,0.5765049023316606,0.6499284477559694,0.7998847768269419,0.5577486149447228,0.6267372205534544,0.6924800284486301,0.8421722538779077,0.6811056983101311,0.741168018250088,0.79863401671073,0.9244041699805017,0.5292981491039729,0.28928894436122277,0.8687053338231415,0.9785113413431998,0.9404747276991714,0.29223152790561246,0.8293275845294414,0.4735574255687305,0.5746476000263673,0.6921126559106158,0.8008956954448865,0.026869882764366804,0.9089131191990779,0.8363478155808604,0.7219151894838927,0.7900849253728762,0.8810027572151551,0.9174515470037197,0.6816011301941233,0.9076546650333838,0.8104096869701143,0.828972042760645,0.8592306138934659,0.6961714097297339,0.699973995342498,0.8229603546556161,0.8207852764014533,0.6559718310119113,0.8101951036235768,0.8683126995872614,0.8033757807871301,0.6310259933358074,0.6643460045142189,0.8519809932045845,0.6475481161416119,0.606140657586728,0.682587968859162,0.6804376281683997,0.0,0.6424862562176789,0.7068902645760463,0.6847929886323628,0.7228728520498612,0.7763150657399237
0.7680509772414191,0.7041566883896848,0.8048986428922313,0.8975184654945159,0.8369054671570941,0.6951729384662353,0.8850370466628859,0.7418507093075807,0.7868215145860049,0.598811117331691,0.6831316359846396,0.7603707112611653,0.784852410138148,0.729724675096713,0.0,0.6457874388383925,0.6888893032098115,0.7809564103803567,0.7184692139575406,0.0,0.7537174485557706,0.7016384089000995,0.6408326975296056,0.7230100811401796,0.6792380968561034,0.5629506819275424,0.0,0.7443383437756858,0.7169224540611822,0.0,0.7296900239309927,0.6611098445376882,0.9412459855583158,0.8694367570148006,0.8773159921328213,0.9087263730577447,0.9660750842932915,0.7012055769158636,0.7767230102291575,0.7127949140835138,0.9289147352136901,0.8035126462592259,0.7156631165965754,0.7647218831216323,0.914713754433634,0.7633446206893852,0.6920189285845101,0.73500785305546,0.871444860810075,0.8264203360761712,0.6361645598916538,0.8229548948434963,0.6402950122363286,0.7518256065066528,0.720140516163113,0.615532728448933,0.7431310674188716,0.7573948898222753,0.7322157604208418,0.7751095830507324,0.7434199349981994,0.7623689757265848,0.7498412325365112,0.6496683376756979,0.0,0.7183805893922749,0.6990811890159332,0.6481851965791428,0.6894549865417342,0.7471825185028402,0.6424862562176789,0.0,0.7619813954354872,0.7161761389684979,0.0,0.7221415251052432
0.8023041642398994,0.6975501794279111,0.8715605234510834,1.0054074819392984,0.6316029175565098,0.8965648223176483,0.6742833503599792,0.9910436492328789,0.9880416173881973,0.8978259832586956,0.5239383771911817,0.7699889549079256,1.0050625065192413,0.709059489444443,0.6843253440226456,0.8418789014044399,0.8213984645081376,0.8232791782515192,0.8347827900330362,0.6820070696315521,1.002364057280814,0.7885611844969141,0.8385155586039071,0.848607360353455,0.7525582251410683,0.715520927425864,0.7252811537058604,0.984736203091596,0.8573969601560687,0.8960095746495638,0.8830331413965988,0.9984956249541341,0.7613776111450481,0.4026099997118665,0.9165149311592066,0.9765230204170448,0.9011850163162585,0.4601862113867024,0.9606526547235565,0.7391002484874654,0.7200020192088821,0.8656428015756576,0.42363712901665757,0.22846377370185256,0.9932069172476163,0.828241251373294,0.7879002286117152,0.852936122525811,0.9128508538355231,0.9737318126385133,0.9119008500323984,0.641175136040523,0.8970831065018975,0.8739556560967696,1.0322545115658102,0.7967552958395718,0.7472774594380166,0.9417206159072209,0.9351786799299457,0.7258919147769183,0.8920636887060864,0.8623039953501132,0.8869928902242139,0.634078016900104,0.7124716677473407,0.969840825648742,0.6817636692366993,0.6612624014553616,0.7227067739316139,0.8065153466853674,0.7068902645760463,0.7619813954354872,0.0,0.8419851245434694,0.7978872223126323,0.8542853310136715
0.7914697410783029,0.7139434620202572,0.8253315936920338,0.9366091763502364,0.8274614155832916,0.8018601584959392,0.9316001043993171,0.8414516224418477,0.8746135051124668,0.768957439763083,0.7787583544727378,0.8441908588965985,0.8125359311756534,0.7985303245779364,0.6913042443015824,0.7145844119129997,0.7447171261950075,0.7677445638533785,0.7979514410059467,0.744205400148549,0.812602352595291,0.7713984313372932,0.731035015507845,0.7774121947264109,0.7616995732152287,0.7185228523010297,0.7514325522232811,0.8571365032309691,0.766051572317935,0.7190923800811924,0.7966405576391907,0.8281030061936008,0.9338754473388706,0.8506712187094452,0.8370333666217243,0.9165770058346693,0.8938209699644147,0.7836212613405181,0.895601871933626,0.8995594485280499,0.8671325940611023,0.9492936696860499,0.7654505449705942,0.7968310500996284,0.9185615018325837,0.8201074014697572,0.7345046007134624,0.7995716489771538,0.8806288799717715,0.769484993992076,0.7910672610463453,0.8033285049714992,0.6769567251257056,0.7537916851706902,0.8660341525185968,0.643479993975542,0.7291423118111896,0.8749660066127131,0.8326415740075082,0.7421330306172421,0.8395715887945754,0.8474030439255018,0.7912404861608334,0.6930604578019633,0.0,0.8064563010706359,0.7300922960384199,0.7078679041292288,0.7394675519390775,0.7332806415584769,0.6847929886323628,0.7161761389684979,0.8419851245434694,0.0,0.0,0.8111944617243999
0.7513801993994622,0.7415230577167393,0.7713176139228934,0.9175430058758465,0.8505841425726258,0.7303937513336682,0.8483859215112839,0.8108781113085788,0.8042086005838599,0.8237036280167959,0.7725042652886126,0.7847160240207327,0.8692046730617958,0.7462780950293232,0.0,0.6955430737619865,0.8207349103255972,0.8206857433421196,0.8361166155667517,0.0,0.8222566623592229,0.7255630343307846,0.7482767312854364,0.7563310718323488,0.735982848435679,0.7595652084038449,0.0,0.8229381639395482,0.7184360603837103,0.8141245905957577,0.7386410186621059,0.8381889782119963,0.8322397649948005,0.7773258688723379,0.8545125485048687,0.8222031823283142,0.8946906688593065,0.8084568702424465,0.8375345694855927,0.7776878937823646,0.8141486798653796,0.8333219682227773,0.837157721570247,0.7990902553451094,0.8561230591810127,0.0,0.7090292287414586,0.7887028319623729,0.8426190713656054,0.8210723546257584,0.7414678278674672,0.8129259335898328,0.7557388977332178,0.7916648514015806,0.834277107350484,0.7765471725352092,0.7264953289793467,0.781645681800397,0.8093760449332056,0.0,0.7411165411850835,0.8420776696051677,0.7698339700258181,0.7494193455678649,0.0,0.8457152352469983,0.0,0.0,0.8283838176679492,0.7517270752132832,0.7228728520498612,0.0,0.7978872223126323,0.0,0.0,0.785761722638674
0.8517706265508472,0.7041543466135641,0.8197298793502875,0.9097600740012999,0.4646800037686749,0.8870630445743137,0.49858592785753814,0.9615923345310149,0.9239604318618513,0.8758811661052315,0.3741779836061411,0.7873621190769626,0.94470768602155,0.6001234877336548,0.7103954865364185,0.7538416891722549,0.8328490561493676,0.7832157337992357,0.8456677902856178,0.7552265834930867,1.0074742351132027,0.7603119694729431,0.879802621106422,0.8707935101946003,0.797221310607971,0.7523903808470446,0.7676010663630934,0.9216436966133448,0.775865169605343,0.7260163974503941,0.9210483648039383,0.5946811835951746,0.5369029820611194,0.35250143348378704,0.43705401428829055,0.7288741587955503,0.7180729968506294,0.3218818941126559,0.5028840392087823,0.6075394833343356,0.45078728048738387,0.6068706419739001,0.1389063398512223,0.12217260707042354,0.9459953340796353,0.9056997342222919,0.786833726759228,0.8572556394730628,0.8695766933832556,0.5690694902759996,0.8779449707034097,0.5351730390722279,0.8726724870072788,0.8744976353760927,0.950864863155238,0.7615631669345313,0.8108239039650105,0.9039577730080246,0.17727899073705106,0.779725754908731,0.9127255073128355,0.8853288070363827,0.870622962966889,0.7282093592537513,0.6979288486696128,0.969140436295335,0.7199345810677956,0.7684162056623658,0.806609683884475,0.8307845392851386,0.7763150657399237,0.7221415251052432,0.8542853310136715,0.8111944617243999,0.785761722638674,0.0
