0.0,0.014735248654197683,0.01827537278756131,0.0,0.0003239865632985288,0.012686304734489685,0.010321819579937677,0.02012121687241279,0.013167130531053773,0.012583541025975644,0.0010980278618765308,0.007893939332557167,0.015464257824984475,0.005117762376705065,0.008159271715899,0.01406419359137682,0.01716017317711718,0.014127356033978297,0.0,0.01382318708652691,0.02121290047494414,0.013240351237350553,0.018032354002938247,0.012480409057415438,0.012096113923891216,0.008488587849796338,0.015293810597772505,0.018397412724277525,0.017755418990109535,0.016785409131667484,0.009345225872012494,0.005614768188847098,0.015009252156276109,0.00857272158371783,0.010263960912786635,0.009264661913445856,0.0,0.0139629808098365,0.010550204902165483,0.01771219128523371,0.012831351165647981,0.012298395461153137,0.0,0.0,0.001286813655420872,0.01801770865748482,0.01992703348861331,0.0,0.0,0.0,0.008957704151809937,0.0,0.009243806088237303,0.0,0.016281348719654715,0.0,0.010474013733483806,0.011640811367832543,0.0,0.01456789066574217,0.016333719595074028,0.016534039624683913,0.017526138073550093,0.0,0.01850247614138384,0.011996139962388828,0.015856920227571198,0.017332605559177757,0.005057059265452634,0.018211918672167385,0.017275943636095217,0.007756154143308924,2.178876290100395e-05,0.012417767406807539,0.0,0.016514412576763213
0.014735248654197683,0.0,0.010271347514227027,0.0,0.009989589204667304,0.009927716483330571,0.012288806624498636,0.01805232425488557,0.010334302925020961,0.004358642004857135,-3.926217022216139e-05,0.008801127636979067,0.013627046166365352,0.0,0.011790605640524587,0.008235077970211084,0.009199375076231999,0.009015323452458528,0.009219195768397852,0.009940302357077468,0.01598054077247368,0.006543012594685812,0.015237271249728167,0.006129103171101978,0.005297041855799201,0.004948290180249636,0.009322679838380272,0.015320626139907097,0.011303352226146481,0.016540082181011807,0.0037897575152462727,0.0011617266375820075,0.00953828312135791,0.0032910895675690136,0.005561343396020267,-0.01075526450663221,0.00564251127704891,-0.0006174639751984225,0.012225742007658425,0.014215623123172412,0.01467069508218071,0.014073533332763954,0.00869021683938395,0.0,-6.71614948287577e-05,0.021253665788443087,0.017316181340846847,0.002193471848719774,0.0,-5.551115123125783e-17,0.012716394582493507,0.011023861086503235,0.014987084819051397,0.0024412425131188982,0.014505947995406455,0.0,0.008296592333083788,0.011968662427360633,0.0,0.01821355807631633,0.015017729521432615,0.012337589476598139,0.014916949275083927,0.0,0.017483761265171118,0.02106925138906068,0.014807567037691101,0.019562912095340005,0.013110153053051622,0.01718182582745948,0.018398441505887687,0.016879819158501418,0.01572093140147071,0.015550210761912816,0.0020974479946284925,0.013794792728644593
0.01827537278756131,0.010271347514227027,0.0,0.017852263760753065,0.011990342013974278,0.005094470742240044,0.018989468355839895,0.016818526099546878,0.0056833784404093386,0.021068133909888136,0.00494013332486969,0.016030401499098353,0.021668652862217235,0.01576911001145214,0.01723019909853277,0.011710184900403934,0.013567831111506994,0.014959681714349292,0.0031005959681305274,0.011565124589965356,0.016255030455897507,0.011341649673080259,0.010040102612017121,0.014373613512762047,0.01267599341212284,0.010487941684678532,0.0005980094647078675,0.022541358089523667,0.014516818248404282,0.018535293870278507,0.022881818965351956,0.01982342658600067,0.014968879852981848,0.022611776358342602,0.020480373214359734,0.021925069702769525,0.021740228821997932,0.015879486356140882,0.014737855233683714,0.005170167382428162,0.016885023094589745,0.006529661723276514,0.02157623100314898,0.002352309842329988,0.0008136554695746634,0.0,-0.001487430060310169,0.030820784966669627,1.3421132034790691e-05,0.021299129832248916,0.017850480127544196,0.022670263996426184,0.01775062258291193,0.022004043602419268,0.005398110917897128,0.025769766277262806,0.0022888475315968417,0.02053779754069416,0.02386749054525033,0.016751417462354562,0.0010389719817529449,0.0,0.0,0.024179378742624553,0.012350075329056163,-0.00038321840209187515,0.017497307604716166,0.020072232614099465,0.0,0.0,0.0113037866274564,0.021254357978016322,0.020568257624714942,0.018745267272395557,0.01486594539402165,0.019741345538719226
0.0,0.0,0.017852263760753065,0.0,0.011620324708880051,0.016925685904793354,0.014735743236919582,0.01507264253761204,0.022242887217540103,0.015638531202289422,0.01798621270910443,0.006008346991326711,0.015426288853089254,0.012437726386737295,0.00519213512222303,0.0,0.001036447896180523,0.0,0.02134848172569743,0.013307000359203635,-0.0004118990571295387,0.008461296140154388,0.01760863462033026,0.003371445353032539,0.0,-0.0017194835695150668,0.016047227565369238,0.014290575838205135,0.005630256947955738,0.000407801301657082,0.011715210852142999,0.009288307352073458,0.008910294392291762,0.01693508818692738,0.006445878431578149,-0.001286539181913842,-0.0012726583726555577,0.005687472821573789,-4.561739357629671e-05,0.0,3.703258531592544e-05,0.0,8.076894347810846e-05,0.0,0.0,0.0,0.0,-2.652948858835581e-06,0.0,0.0,0.0005760418161539724,0.0,0.0,6.210894883686225e-06,0.0,6.358388542221267e-06,0.0,7.628615248527371e-05,0.0,0.0,0.0,0.0,0.0,0.0,0.0,0.0,0.0,0.012113018238587691,0.0,0.0,0.0,0.0009257218306135003,-0.00037251137913875697,0.0004946443370825946,0.0,0.0
0.0003239865632985288,0.009989589204667304,0.011990342013974278,0.011620324708880051,0.0,0.006056889205797251,0.007890820597058704,0.02264603214327056,0.00587294899013738,0.021983086756421147,0.011427228498658716,0.01779603002946056,0.018183238772469267,0.014511428832527326,0.012860519823253643,0.013352149678478205,0.013407554950901008,0.014795401870110246,0.014703417096039185,0.011847095531651725,0.021224245446704808,0.010430942466459134,0.01625356965126383,0.019137833647434717,0.009759984753646993,0.010363174215661424,0.006775075232100443,0.02176359736214748,0.011099677317481061,0.014372144233651057,0.023301891707450197,0.018515739527513907,0.016537361171226256,0.02232855748354572,0.019937612209599134,0.011499881546785898,-0.005931984060121177,0.01905605999945807,0.009169354358628588,0.0009396882211760171,0.01932363355190225,0.00846563538447721,0.016820272217595404,6.530246730731632e-06,0.0046913398871162824,0.0,0.004390629225671917,0.023830342607464566,0.0,0.020934960638146396,0.019459818170114548,0.02106854061923231,0.015882059920691027,0.02199378724875082,-0.001059275487500233,0.0241909127298527,0.007649008959748704,0.022856601311366045,0.0123197238527803,0.00981350984333576,-2.461282823128896e-05,0.0,0.0,0.021668476393736646,0.019202691921197612,0.0,0.014762304116723577,0.01937049067363866,0.0,-1.037382014095473e-05,0.009776817111635016,0.018553983824479675,0.022065267581321834,0.02066228802785521,0.008184158502182673,0.022528765840539915
0.012686304734489685,0.009927716483330571,0.005094470742240044,0.016925685904793354,0.006056889205797251,0.0,0.010373050620490248,0.011634418335763006,0.002336122737796714,0.015482185939882457,0.01406661715926938,0.012448490392395536,0.008624359522167524,0.01223466409185888,0.01221708185611572,0.01324461893037669,0.00884995261269144,0.011953179770016541,0.013827999760636386,0.007706682890998599,0.016854095731759774,0.008883094087398027,0.005921321029077752,0.007109514773437413,0.009470455134108258,0.008139005175633162,0.001066790602446603,0.011011494629029398,0.002041299341407003,0.01304707110081825,0.014500552941863,0.0101294661552474,0.012789004974976412,0.014137089556002118,0.011258410412813937,0.019357583512737444,0.014792213429049343,0.01172717823557128,0.01583310348508312,0.00902789506176903,0.017819613362764122,0.016611590161345415,0.016391478271413764,0.019633902683578862,0.0012767859514757477,0.009214172604756451,0.012556385258197003,0.017784514253723772,0.0,0.01611812315074382,0.012997299417680805,0.016669904802556985,0.012292330879765277,0.016621159758797275,0.00889373399898683,0.018135288109023144,0.00759134553871075,0.017274900255609425,0.01557694270660801,0.019280920714429713,0.009909987766141751,5.551115123125783e-17,0.004995588965798927,0.018847231861384157,0.0194582969445636,0.018945754753503165,0.014602951805938949,0.012777607627418558,0.0,0.011480112537434542,0.013119522803153611,0.013524803567337493,0.018108256552026473,0.0178711344282191,0.015910156222434104,0.018162310065408225
0.010321819579937677,0.012288806624498636,0.018989468355839895,0.014735743236919582,0.007890820597058704,0.010373050620490248,0.0,0.02215415299679358,0.014051614630841407,0.012826610556868326,0.02258243149003905,0.010485160861613838,0.007505108818743123,0.012829560448717891,0.015813224658517935,0.015372756803582608,0.00965220398666069,0.013843222549854482,0.02476634018199425,0.0138134607422951,0.02163942036193769,0.013447588785180292,0.018859015975516518,0.01064342981017864,0.01068705384143756,0.009764244643908208,0.012672112109317055,0.012646380708229314,0.01218748268416949,0.017656561370410575,0.012991301037766084,0.017978872894334016,0.013719939119647247,0.013102375910961864,0.010342557758511487,0.01748711769657075,0.006940815811405231,0.00908314918729928,0.013571992823332933,0.011064156253220074,0.01637755984586603,0.012952601968246175,0.023570734154686513,5.808713389268222e-05,0.0013480455958951047,1.0742054500377649e-06,0.011650605244180705,0.022843610651265778,0.0,0.023800727391526368,0.020441531733347933,0.024189951915560448,0.019125076423880037,0.022825540040565206,-0.0009723964656722441,0.024147638300215164,-0.000996670034636464,0.02313982871187698,0.01613623846360192,0.019771683395834176,0.007559593949663596,1.1102230246251565e-16,-0.0013738485416374627,0.025295514029626844,0.02054477015298025,0.01846821750567122,0.01755993250871725,0.0208982986277776,0.006368115310218221,0.009615793523690493,0.015864755703566887,0.019717194897903523,0.023339686985197106,0.022239583529202345,0.021092805745822413,0.022580489819640285
0.02012121687241279,0.01805232425488557,0.016818526099546878,0.01507264253761204,0.02264603214327056,0.011634418335763006,0.02215415299679358,0.0,0.019815501474882563,0.021526724490122422,0.014810491221187062,0.015520826625787316,0.021803049592744792,0.01942017904115236,0.016368954264103338,0.016672746304420814,0.00989649532283676,0.016117409255745296,0.02008226408023361,0.012402251376583249,0.014467106347420454,0.014684393367586345,0.010723684395858642,0.017547930320590162,0.016393888161057104,0.015121941493166003,0.011379170945744255,0.019670548436799145,0.015932428328081345,0.015346688432772211,0.01728749329900549,0.009983355998816576,0.010726806851203512,0.018060890394716228,0.016102174081412474,0.01651605125036978,-0.0017060005863562015,0.020514520869824613,0.016888830526861624,0.010392533877908366,0.01591567994114386,0.015163625816991023,0.020601056455196158,-3.272619534877982e-05,1.383631102565155e-05,0.003853599261152713,0.018670479994114867,0.01922471637739652,0.0,0.019543570100284298,0.011669371361194556,0.01670139708090306,0.008944022891186681,0.01768049688151914,0.004259209877070049,0.021098503755247137,-1.1102230246251565e-16,0.017777444122456482,0.01631042289382162,0.020248076899653824,0.015308034923729768,0.0,-9.494250332623431e-06,0.021067806789180493,0.022754732798117367,0.0187684093242956,0.021322896491152765,0.01619053325287047,3.082296098462998e-05,0.016272734801101016,0.018476173974605506,0.01198165145177106,0.018401624283658845,0.01878726587329183,0.015106121199510747,0.016168289176380052
0.013167130531053773,0.010334302925020961,0.0056833784404093386,0.022242887217540103,0.00587294899013738,0.002336122737796714,0.014051614630841407,0.019815501474882563,0.0,0.02385080018575689,0.006074106470251306,0.02023415389389741,0.01787083959321987,0.01834291680845993,0.011359420250957241,0.012820844514761476,0.017518315305377088,0.015922965180370237,0.004393202374359458,0.011088716293356414,0.01389854801843254,0.011292033219639267,0.011256964383983624,0.021361397641662568,0.011414495512704806,0.009693708889599152,0.001144099521845304,0.024624337965976444,0.012010638438796203,0.020250220010281386,0.025427871855813595,0.022543796659853992,0.02135338604735233,0.024522137209422933,0.023279955204456457,0.02611893587543899,0.02308146044137075,0.020817503374287002,0.0152899863034546,0.00887761141220431,0.018566322252865593,0.015990323474212146,0.021162037082533353,0.008465619187206636,0.006131370831037531,0.0,0.009830869231841064,0.03416432433113153,0.003985915042821432,0.02238021289453742,0.01700285739896767,0.01990474915925492,0.01716109821509909,0.020541386664636774,0.0036053989172722786,0.030029543548622258,0.005977273045225425,0.01955338288644721,0.020693508184642547,0.018379299130507926,0.00938881002023976,5.551115123125783e-17,0.0,0.02265586645944851,0.02105403872867401,0.014566144050182547,0.013226624444040368,0.017885369880851952,0.0005459440751949294,0.0012694380138619599,0.012119056456333184,0.016344977088940504,0.021070736379479923,0.018939028845626538,0.02087926226887913,0.020046010329169188
0.012583541025975644,0.004358642004857135,0.021068133909888136,0.015638531202289422,0.021983086756421147,0.015482185939882457,0.012826610556868326,0.021526724490122422,0.02385080018575689,0.0,0.025584015725056884,-0.00032029043283564605,0.011820132542025028,0.04137238477298962,0.0034044178508291466,0.009376129106255498,0.00451331453458405,0.00782776385894112,0.025772247538358526,-0.001607915064022927,0.015532001427230109,-9.543952340759096e-05,0.019556677728000516,0.0013151171852848135,0.002948216083825995,0.004109490026839181,0.013737923630816553,0.0069120732344654925,0.005260838672656347,0.013408415935328185,0.0035457821162859413,0.0011031270384070954,0.0034434105109591713,0.0005288787231602884,0.0010404998819739863,0.016528950722416166,-0.002661763856259943,-0.00119326643675388,-0.012415141942148168,0.007409299030856677,-0.0038628639048020157,-0.0017255698141633061,-0.007002036207582461,-0.0034292419651014185,-0.0038973395580841476,0.013646799666981355,0.014866115428038782,0.011246035917762461,-1.1102230246251565e-16,1.6653345369377348e-16,0.018375654857313305,0.001887466001018901,0.0010484202324349827,0.009302100344330176,0.01069546439164319,0.005203233423203991,0.011052752018790187,0.006544828922274431,0.0,-8.958137588428282e-06,0.0158340293990582,0.01508927340207648,0.01531509724159536,-0.00022541798512276773,0.008850224020147204,0.0011489525894750052,0.011652926344366455,0.017922463900305243,0.009198890223344273,0.012686001833611208,0.012260671663494972,0.01782712040183657,0.005316208318039504,0.01298247922979667,-1.1102230246251565e-16,0.01446729693409449
0.0010980278618765308,-3.926217022216139e-05,0.00494013332486969,0.01798621270910443,0.011427228498658716,0.01406661715926938,0.02258243149003905,0.014810491221187062,0.006074106470251306,0.025584015725056884,0.0,0.021053452001337843,0.027924276905333875,0.012967971561994555,0.0,-7.206924359410461e-07,0.014603561634632157,0.01623372596268341,0.004074750909472587,-0.0002628550934711344,0.016611488693740985,0.008839624505858689,0.012131067886545853,0.019762826505613357,0.01668646650936264,0.016303971530348845,0.005421817932795129,0.028749449851276268,0.019624393754052335,0.022873135590140398,0.029113674397605045,0.020935107192636655,0.01946105911963264,0.026562885049005197,0.02517677522540048,0.01625217776736751,0.0156638906085303,0.021774132688709008,0.008740894540093783,0.001377005488977292,0.013385932840724165,0.004823989801734243,0.016987746275683398,0.0014173236908290624,0.001772178007348133,0.0,5.551115123125783e-17,0.01295598543630839,-5.8129716037546925e-06,0.018199965174408354,0.017764137994686284,0.020266926265357983,0.01678992807240818,0.01843829764016547,0.0049216242165595935,0.011196333299324773,0.009695259518942751,0.017820504498916912,0.021203794810837385,0.00037409341157844313,0.0,0.0,0.0,0.004025028493035541,0.0075458855952132715,0.0,0.005671045982169646,0.02093402867506567,0.0,0.0,0.0020844581013395036,0.014808713262360796,0.017974762962985592,0.019540763709377764,0.0006025739738313775,0.018688156956631452
0.007893939332557167,0.008801127636979067,0.016030401499098353,0.006008346991326711,0.01779603002946056,0.012448490392395536,0.010485160861613838,0.015520826625787316,0.02023415389389741,-0.00032029043283564605,0.021053452001337843,0.0,0.010835567455327124,0.015513639980370907,0.005234162837064005,0.007675240808238549,0.006506700092740165,0.007842113209720124,0.022228996643158788,-0.002175503198465841,0.013914234277078172,0.00038267739556867324,0.01371987804888365,-0.0005378965370397513,0.007024046550707172,0.004665554054478273,0.00782353677254349,0.0059036453932134,0.007816096332785774,0.007893185260221836,0.0032420053750228392,-0.00463931263322232,-0.0016646835274932259,-0.0038000424367723696,-0.001672974021395796,0.0048571455855487625,-0.007168452834753305,-0.00912200944868713,-0.010766613108578023,0.00627726362766525,-0.00879037971989396,-0.011013894639507301,0.004072914065797654,0.001680535650414448,-0.008353893141608865,0.01011242381298683,0.010963271929502012,0.003870396186320512,0.0,-0.001432633851878161,-0.0023753383485098827,-0.0018132532161538684,0.0,0.0017939923323682494,0.011472272475538106,0.006667474642549097,0.00449804621480281,0.005249869175978571,0.0,0.0036423323243457272,0.014520997794989346,0.013865811112934235,0.016202395269648808,0.0,-0.0013811745095370402,0.00015701427919378693,0.008511134817344362,0.008517739298439152,0.0077886947781944426,0.012925754340847749,0.012668987994817613,0.005370762326455812,-0.002859241438719381,-0.005952266443459586,0.0,0.014501408244449948
0.015464257824984475,0.013627046166365352,0.021668652862217235,0.015426288853089254,0.018183238772469267,0.008624359522167524,0.007505108818743123,0.021803049592744792,0.01787083959321987,0.011820132542025028,0.027924276905333875,0.010835567455327124,0.0,0.017877137770071015,0.0159771836860043,0.016378009996106297,0.010534499238638913,0.014194589027404078,0.028677634617498532,0.013095683580061725,0.019277673401382783,0.013718830060111886,0.018403339527730066,0.011392741058908366,0.013034853963636257,0.010414128091234811,0.011570081000295059,0.007950865879487963,0.010185042634378005,0.01206853893675809,0.01212657717887191,0.015973722706388447,0.014123770563833522,0.01267998395482834,0.011540528612427886,0.022449785207371266,0.015492279020031753,0.01141368556373844,0.012490464745412318,0.010000494376092475,0.017911320937528296,0.009761734840484705,0.022423851082127418,0.0029753645613206955,0.004748096698329458,0.005837074253494921,0.013456769766040773,0.02342881411661167,0.0,0.022739040028624077,0.019592835705586384,0.022163521265518675,0.020398316076150152,0.022118061470158108,0.005786635502145192,0.02513145031734621,0.006561739582674288,0.02171500311042264,0.015167523610856399,0.019953260836428944,0.012459724438232372,0.004065624189518546,0.008792709128584986,0.024089275144021195,0.020732990845478187,0.022660479401673428,0.016331029931404846,0.01989489297247496,0.0011682235143684386,0.01130433936153572,0.015162906112691846,0.019083294843138063,0.021793436707460607,0.02180774644431478,0.021005034591299765,0.021827730057086575
0.005117762376705065,0.0,0.01576911001145214,0.012437726386737295,0.014511428832527326,0.01223466409185888,0.012829560448717891,0.01942017904115236,0.01834291680845993,0.04137238477298962,0.012967971561994555,0.015513639980370907,0.017877137770071015,0.0,0.0021802477095779625,0.0,0.0,0.0,0.015854775955681764,-0.0007250079259542532,0.008558573295198737,0.0007565595363301264,0.016694856552068718,0.01468846664509682,5.674621081114796e-06,0.01024741084462147,0.01565034829935933,0.016180438969747662,0.01983127704701195,0.0005299309622710283,0.0260493693031738,0.015748880952381115,0.002014670561149928,0.022681097354246744,0.0220269098610566,0.011269778964936686,0.002413542583266292,0.02236619013762149,0.010647657598142925,0.0,8.315156197213798e-05,0.0,0.01766821191237889,0.0,0.0,0.0,0.0,0.01867509795420993,0.0,0.01681025910790139,0.016295241789094417,0.013506569127660661,0.014843696722406274,0.016559844419213165,0.0,0.023624866960570992,0.0006169961187519272,0.017758149115291475,0.01587238090455855,-5.551115123125783e-17,0.0,0.0,0.0,0.018800453896672682,-4.009043628713217e-05,0.0,0.0,0.015702684532400698,-2.114955727584096e-05,0.0,0.0,0.011817728747127219,0.024121986947822412,0.006832920106668411,0.0,-5.551115123125783e-17
0.008159271715899,0.011790605640524587,0.01723019909853277,0.00519213512222303,0.012860519823253643,0.01221708185611572,0.015813224658517935,0.016368954264103338,0.011359420250957241,0.0034044178508291466,0.0,0.005234162837064005,0.0159771836860043,0.0021802477095779625,0.0,0.013102501567580443,0.008923075394900037,0.013602760926865158,0.0,0.006460034087608293,0.008306212690887953,0.003766550828446687,0.0073327524552477,0.012259305121333485,0.013775520315501142,0.005346112093924176,0.004300659779153202,0.014225071843112716,0.01233228988452528,0.014740382121549114,0.008541106119910453,0.004954591823723041,0.016134464102362325,0.008249980157206396,0.010922511778770733,0.0016394908249657743,0.011115263771517574,0.0063210428959433,0.013374103771865223,0.015398007882996962,0.01566321434287342,0.015179534975668565,0.008083132736959339,0.0005724085674974087,-0.005697053519390458,0.01089971685746178,0.01603619595887597,0.009585341017335332,0.0,0.0,0.016948827885766772,0.011081638480024993,0.02035157822554061,0.016100947354453304,9.608629594554631e-05,0.0,0.0028114899306279062,0.016208283586797476,0.0,0.019269880989110776,0.015517688446068654,-0.0005228975055889493,0.011801978168046167,0.0,0.021879982405952347,0.01611586775555827,0.018602644657601274,0.02026445045895045,0.007158801236271373,0.015988701715210794,0.01618716765517469,0.019311557846430183,0.019378298585999786,0.02209449491284648,0.016288177241084226,0.016394772470778123
0.01406419359137682,0.008235077970211084,0.011710184900403934,0.0,0.013352149678478205,0.01324461893037669,0.015372756803582608,0.016672746304420814,0.012820844514761476,0.009376129106255498,-7.206924359410461e-07,0.007675240808238549,0.016378009996106297,0.0,0.013102501567580443,0.0,0.009189531366774641,0.007916658553928028,0.0011812740351810629,0.008143755844310532,0.01648969604664136,0.005875858318315482,0.017274223434563335,0.010835020691986082,0.005870693215212485,0.010673110477780986,0.011841214654917458,0.01592214509985554,0.011902892876306635,0.01219122510735832,0.006034562898434558,0.003336584273620422,0.008327408669461049,0.005619097108769834,0.008091985047072583,-0.0037094367510738017,0.004035250470156194,-0.007457775629051207,0.011902775485730037,0.013257145871137457,0.013004106241694622,0.01322315529247803,0.008505656055766383,0.0,0.0,0.02079831023635649,0.01630736359597604,0.0,0.0,0.0,0.011771276373954394,0.005558013658308462,0.014712258153918887,0.0,0.01611337031961883,0.0,0.01196613968767112,0.011242519695542299,0.0,0.017325029712126808,0.013710703590441223,0.014770514160258487,0.013285584445530641,0.0,0.019353688697777514,0.020029094280143548,0.015508256904025266,0.01818103848284743,0.014705512529926908,0.015343420525236106,0.016574754374394898,0.016896384297807925,0.017806134901826167,0.016597401713984182,-0.0001623445206118396,0.013288688181369019
0.01716017317711718,0.009199375076231999,0.013567831111506994,0.001036447896180523,0.013407554950901008,0.00884995261269144,0.00965220398666069,0.00989649532283676,0.017518315305377088,0.00451331453458405,0.014603561634632157,0.006506700092740165,0.010534499238638913,0.0,0.008923075394900037,0.009189531366774641,0.0,0.006629382077242426,0.014494447850577264,0.006290827792373879,0.015367458804717933,0.00932755172085101,0.01313552892995098,0.011707465013350998,0.0004151127707141806,0.008120018502629856,0.006879240291018814,0.007575609372088847,0.00861141046051312,0.007387565653840067,0.0048778379853064375,0.005183939404215921,0.0076892585988553325,0.00444341339385237,0.006004048848456845,0.014470357321085784,0.0014717835692054186,0.006547560100145451,0.007164797359827097,0.014394322043137562,0.012656339007059331,0.010880883875472085,0.0,0.0,0.014070982600697605,0.017261850564530376,0.0104635981553861,0.0,0.0,1.6653345369377348e-16,-0.0008105952079947356,-0.00020699488037059422,0.0,0.0,0.014802316972128207,0.00026844301331513176,0.015182665296226963,0.00568905915378615,0.0,0.0,0.014700732934449031,0.01667236542717468,0.017002655954662212,0.0,0.0005992604477579018,-5.551115123125783e-17,0.015526378786242108,0.001042482791746688,0.015475966032955573,0.01568093979649775,0.014046020136677472,0.0,0.00841234569527185,0.00790648058493507,0.0,0.01689267184432069
0.014127356033978297,0.009015323452458528,0.014959681714349292,0.0,0.014795401870110246,0.011953179770016541,0.013843222549854482,0.016117409255745296,0.015922965180370237,0.00782776385894112,0.01623372596268341,0.007842113209720124,0.014194589027404078,0.0,0.013602760926865158,0.007916658553928028,0.006629382077242426,0.0,0.015051281517369853,0.010602724092643168,0.017873092530090968,0.0106303955746559,0.016380527926712823,0.010665071016101427,0.0038029063508550434,0.008475807616944992,0.012840961205787524,0.012959124178544454,0.014750423205954192,0.01180499420507631,0.006171014449193839,0.005544026754895791,0.008737977530884154,0.006070832355491325,0.008396847750616101,-0.0009420527665530248,0.0,0.00576216134205038,0.01136323962030775,0.01274834496806167,0.012437162757095213,0.013836434463788266,5.551115123125783e-17,0.0,0.0077659537301242405,0.018284612475801636,0.017546274173883596,0.0,0.0,0.0,0.0134703561721712,-0.0010360566134818168,0.010528067502153834,0.0,0.014811998880836032,0.0,0.016670032061303713,0.007991979165493011,0.0,0.017209230911138313,0.014567872397742012,0.01512253522574891,0.014862766725490566,0.0,0.017384411099712095,0.015526926449750907,0.01611376685024691,0.01830582431173227,0.016299336703363046,0.015249155462882828,0.01456094957651361,0.01451942492375415,0.011683442416217679,0.013292026678519546,0.0,0.01475520912360819
0.0,0.009219195768397852,0.0031005959681305274,0.02134848172569743,0.014703417096039185,0.013827999760636386,0.02476634018199425,0.02008226408023361,0.004393202374359458,0.025772247538358526,0.004074750909472587,0.022228996643158788,0.028677634617498532,0.015854775955681764,0.0,0.0011812740351810629,0.014494447850577264,0.015051281517369853,0.0,0.00787519034868736,0.010738239824606028,0.017981134910834702,0.011455484147517406,0.01634744508599879,0.017711303496989333,0.014300503867106852,0.0038485593469209604,0.029265485719324413,0.01821451681785226,0.020151050119766523,0.029355185762704912,0.02340394995236661,0.018355452458379787,0.02786848538404946,0.02555299328413027,0.02420244041181062,0.024375064522492825,0.020682516335342457,0.007771347452833482,0.00608867685322923,0.01815390861039861,0.002078205563377935,0.01939540452452858,5.551115123125783e-17,-1.6653345369377348e-16,0.0,5.551115123125783e-17,0.031990975397208625,0.0,0.02144802071940751,0.018375719015529455,0.020769272790152893,0.016311568653686048,0.021729705441450146,-0.0009500327076162413,0.03276907484442138,-0.0009638047912349968,0.021234027040151798,0.01973067404764182,0.0007020050307344813,0.0,0.0,0.0,0.02212951965948028,0.010891908072698738,0.0,0.003982986544732992,0.018831897429140845,0.0,0.0,0.0021647093398818925,0.017633661552591433,0.020824428026240804,0.020348461693645292,0.00045940384640989995,0.020634875730729654
0.01382318708652691,0.009940302357077468,0.011565124589965356,0.013307000359203635,0.011847095531651725,0.007706682890998599,0.0138134607422951,0.012402251376583249,0.011088716293356414,-0.001607915064022927,-0.0002628550934711344,-0.002175503198465841,0.013095683580061725,-0.0007250079259542532,0.006460034087608293,0.008143755844310532,0.006290827792373879,0.010602724092643168,0.00787519034868736,0.0,0.014861255773137282,0.0028286855960151834,0.006950629279495536,0.01133232701435806,0.009908982855430286,0.008186723731571867,0.0012631736232180861,0.01234789079946981,0.003971351359317426,0.007201225740215367,0.005715526326742154,0.000979227496483902,0.010159129774358585,0.0068163781918817385,0.010148845599735603,0.004099212251310389,0.004478346603083721,-0.0032894118698447257,0.017191180498017707,0.01683437678973156,0.01913116923076674,0.01792835311528369,0.012068973473905545,0.0019895578850905515,0.004032130843909539,0.016443786019626944,0.01594589717730323,0.011931046836424992,0.0,0.003546145431929591,0.01929981230284719,0.015601954034490781,0.022888691152889138,0.014636727413761047,-0.0007406026599204611,0.012275981392205202,0.0015176487467497965,0.01926459337743422,0.0,0.019889599607454417,0.016013823430737546,0.0016277160258596417,0.013706250834306976,0.006105041683900887,0.0209420792192904,0.021763860220980053,0.017163436825014575,0.02230831753633183,0.0007918138996501633,0.015451772336090599,0.016606250333336566,0.019322457542453802,0.02051060694469576,0.021630639259159302,0.018068768281395885,0.020015733826834713
0.02121290047494414,0.01598054077247368,0.016255030455897507,-0.0004118990571295387,0.021224245446704808,0.016854095731759774,0.02163942036193769,0.014467106347420454,0.01389854801843254,0.015532001427230109,0.016611488693740985,0.013914234277078172,0.019277673401382783,0.008558573295198737,0.008306212690887953,0.01648969604664136,0.015367458804717933,0.017873092530090968,0.010738239824606028,0.014861255773137282,0.0,0.013296149440673699,0.013280856300699249,0.021529637083579696,0.018355990369894694,0.012716631558874245,0.01376792999566365,0.01902202844075528,0.018523119773799595,0.015628812593957295,0.013907598907503772,0.0072738085380892725,0.02046316766385956,0.013576025279466263,0.014553943729589172,0.008174795449585827,0.017113291099298995,0.012215023188852767,0.0126894503426992,0.018115108076029698,0.016222971387266333,0.014780673681600532,0.007392822731843206,0.0,0.0007196457273047776,0.011780174300400835,0.01864039066888104,0.0004403876244468403,0.0,0.0006615879029525358,0.017002809677478862,0.017196225160503738,0.018297248233384463,0.008919965905477155,0.0007433131953696681,0.0,-0.001246437100713057,0.018281845064585918,0.0,0.01472938738900646,0.017263229292419042,0.0,0.018680392078956446,0.0,0.021866118260525272,0.01175651294239509,0.017575101189168524,0.017439725714154985,0.00010044018216312354,0.018285560346145542,0.017161101861922462,0.0166508430521502,0.018898142652498878,0.021762308046562907,0.012667179169972804,0.0152500062818746
0.013240351237350553,0.006543012594685812,0.011341649673080259,0.008461296140154388,0.010430942466459134,0.008883094087398027,0.013447588785180292,0.014684393367586345,0.011292033219639267,-9.543952340759096e-05,0.008839624505858689,0.00038267739556867324,0.013718830060111886,0.0007565595363301264,0.003766550828446687,0.005875858318315482,0.00932755172085101,0.0106303955746559,0.017981134910834702,0.0028286855960151834,0.013296149440673699,0.0,0.011183729595160402,0.003858411393883936,0.008086838524383251,0.007571984843597219,0.0045257976494796045,0.013942878651278108,0.005828262186405982,0.01177463174818404,0.0051311511204085655,0.0006903933616840043,0.009359013910234651,0.005367415587912812,0.007955091196801713,-0.002398833359984541,0.002732171852330723,0.00149666338593841,0.011557347678619895,0.014239538578463386,0.014586277657760277,0.014473982867375576,0.005485684225041432,0.0,0.004234900501235007,0.01844943039032983,0.013394720377592774,0.01154228133941583,0.0,-0.0004417789642878389,0.013459472680758769,0.012053503902075956,0.018389937926914172,0.011137418962327015,0.013235721577892138,0.0,0.008400245464606703,0.014794819375416598,0.0,0.017478974665323395,0.01275312721068373,0.00922117091806641,0.013534753966640117,-1.1102230246251565e-16,0.017923914062315843,0.02028865153391266,0.014934144095241925,0.019691079580673367,0.010483405745294716,0.01352449897698014,0.01658885443917208,0.016406801033374586,0.017078517586961158,0.017936542889750988,0.01157979088167099,0.013763799372172758
0.018032354002938247,0.015237271249728167,0.010040102612017121,0.01760863462033026,0.01625356965126383,0.005921321029077752,0.018859015975516518,0.010723684395858642,0.011256964383983624,0.019556677728000516,0.012131067886545853,0.01371987804888365,0.018403339527730066,0.016694856552068718,0.0073327524552477,0.017274223434563335,0.01313552892995098,0.016380527926712823,0.011455484147517406,0.006950629279495536,0.013280856300699249,0.011183729595160402,0.0,0.016642477050379002,0.014353900305489525,0.013153265183198058,0.0039004008756020605,0.017932185006188067,0.014789554426899984,0.014399829978636825,0.014901570863143287,0.012238308539227631,0.016911370245047446,0.015636806860893644,0.016490232584625918,0.018497176467790068,0.014619923921247707,0.01169782602542183,0.018044395890820675,0.016154978620518526,0.020692809198586227,0.019443746645844966,0.020154938521806602,0.011963213095958975,0.006521020268311108,0.019348340612287948,0.018803715365126143,0.03194324413294924,3.2344554358093683e-06,0.01978635078579566,0.015323391058247577,0.018117961954319098,0.013846440800568344,0.018166381394824974,0.014210134914613233,0.031481533588749326,0.009350256583768734,0.018295247265266573,0.01521398952184971,0.02253749429572823,0.0175922581347074,0.00596724909177282,0.012995355270753116,0.040107423484610695,0.023427312025352223,0.02126584517513765,0.02105054392415214,0.01593754724224864,0.004726077489736481,0.016462327231279113,0.020728281464500516,0.015052697455876802,0.019376755839135708,0.021347257848022824,0.018699876084651536,0.020039845889882623
0.012480409057415438,0.006129103171101978,0.014373613512762047,0.003371445353032539,0.019137833647434717,0.007109514773437413,0.01064342981017864,0.017547930320590162,0.021361397641662568,0.0013151171852848135,0.019762826505613357,-0.0005378965370397513,0.011392741058908366,0.01468846664509682,0.012259305121333485,0.010835020691986082,0.011707465013350998,0.010665071016101427,0.01634744508599879,0.01133232701435806,0.021529637083579696,0.003858411393883936,0.016642477050379002,0.0,0.0067015865530045725,0.003756408067465693,0.013207724400993708,0.006988855596294118,0.01337129064564735,0.015608142302848146,0.006222193881382805,-0.003833497682061689,-0.00106096504946118,0.0019877859840587934,0.0021280184350651126,0.008605509190343584,-0.006286960931891854,-0.0019118227783818476,-0.018060494181942013,0.0030751296851583656,0.0011882083339207505,-0.003973101406020792,0.009804499729196916,-0.003602752668756891,-0.008155535926963355,0.01023679845802547,0.017006878677231437,-6.9380104294469724e-06,0.0,0.0,0.004410477371051488,-0.00757714643665592,0.0003182647652712834,-0.0007546783613179988,0.010301308428846998,-0.00047631184233200887,0.011327945060194413,-0.007691491817434872,0.0,0.0005405935681686349,0.016234704722151196,0.014800621001269375,0.01725025602217791,0.0,0.006079193787855715,0.013991255764839517,0.012851212489377945,0.01875282625336569,0.012370931588689993,0.015156774073540005,0.013307241986850507,0.0032500429354697605,0.0032888995035433607,0.002040140681648783,0.0,0.014444061710894162
0.012096113923891216,0.005297041855799201,0.01267599341212284,0.0,0.009759984753646993,0.009470455134108258,0.01068705384143756,0.016393888161057104,0.011414495512704806,0.002948216083825995,0.01668646650936264,0.007024046550707172,0.013034853963636257,5.674621081114796e-06,0.013775520315501142,0.005870693215212485,0.0004151127707141806,0.0038029063508550434,0.017711303496989333,0.009908982855430286,0.018355990369894694,0.008086838524383251,0.014353900305489525,0.0067015865530045725,0.0,0.005286143117085159,0.010042248467206388,0.012946320686974192,0.011839646140687122,0.010238405761995105,0.005677160250337111,0.0030892977697680062,0.008582172987534692,0.004961479922227309,0.0069954216263209785,0.010760709395563435,-0.0004709143211638057,0.005144209847666263,0.011868377090928757,0.012650968688588901,0.012828046655787228,0.012652622881740893,0.00021732023278177905,0.0,0.004489096789485271,0.017491345967638485,0.018360678149676655,0.0,0.0,0.0,0.012243411367096179,0.006572528087582391,0.01443852969426188,6.8445554394707075e-06,0.014199205398401107,0.0,0.014283566449057199,0.011143576790982334,0.0,0.01731558386694486,0.015172196020203773,0.015102864941598734,0.014826226859137766,0.0,0.015844858448712203,0.015482729771004409,0.015447768819733095,0.016679624337431743,0.012741688994817233,0.015817712635895327,0.014792963002953421,0.016601738289017863,0.011201072333432602,0.013385581449873384,0.0,0.013926503934014367
0.008488587849796338,0.004948290180249636,0.010487941684678532,-0.0017194835695150668,0.010363174215661424,0.008139005175633162,0.009764244643908208,0.015121941493166003,0.009693708889599152,0.004109490026839181,0.016303971530348845,0.004665554054478273,0.010414128091234811,0.01024741084462147,0.005346112093924176,0.010673110477780986,0.008120018502629856,0.008475807616944992,0.014300503867106852,0.008186723731571867,0.012716631558874245,0.007571984843597219,0.013153265183198058,0.003756408067465693,0.005286143117085159,0.0,0.00693015562319896,0.009456406302372952,0.009540827113921393,0.007482567050621712,0.005588676676760732,0.004179646271832696,0.009546587652801154,0.006378266660813449,0.009340968270695783,-0.00733545516509357,0.0018450343980592418,0.0048942692997527276,0.01204306965555897,0.013216963734640623,0.014246663132328351,0.014756849587896281,-0.0012194356901269099,0.0,0.008040242870379936,0.018190064629673413,0.018931529919405235,0.01010081503118607,0.0,0.00014055714969886575,0.013255060650623676,0.011506566559667773,0.01748589933777369,0.009346332548098385,0.013463425371963276,0.00014307880686971553,0.012881380844807945,0.01219658857238023,0.0,0.017336405265630152,0.01606051749049174,0.01421367447126608,0.014532008671983192,-5.551115123125783e-17,0.016544530992037672,0.01986445985729224,0.017237476273632285,0.019549123175460488,0.010192628156495123,0.014918727184233063,0.016878788622520825,0.016259005605559127,0.013295301667661897,0.014599200245475827,0.001817116150869134,0.013678021440841478
0.015293810597772505,0.009322679838380272,0.0005980094647078675,0.016047227565369238,0.006775075232100443,0.001066790602446603,0.012672112109317055,0.011379170945744255,0.001144099521845304,0.013737923630816553,0.005421817932795129,0.00782353677254349,0.011570081000295059,0.01565034829935933,0.004300659779153202,0.011841214654917458,0.006879240291018814,0.012840961205787524,0.0038485593469209604,0.0012631736232180861,0.01376792999566365,0.0045257976494796045,0.0039004008756020605,0.013207724400993708,0.010042248467206388,0.00693015562319896,0.0,0.013899742532624623,0.005165859651330036,0.009417845086639919,0.008308460841977346,0.006081190857861422,0.010343990933025585,0.009803442491103782,0.011079861629714426,0.014205669494198192,0.011036347792009757,0.009892909626925605,0.01720375600530563,0.010627435114392417,0.019327536544869493,0.016847268661478454,0.015138194481089221,0.010166492543912959,0.007496957428580269,0.019560885174448737,0.015423123146832335,0.02330188552567362,-1.6653345369377348e-16,0.018127234079728383,0.014788377740348711,0.01737482608673595,0.014158316759089998,0.017152330151184985,0.014529628631602145,0.02076305197947486,0.01058865437411176,0.017857799172977758,0.015360535690365974,0.019956090488165584,0.015751310824613438,0.00010776869820061756,0.009206851583663777,0.021212026142171225,0.019904381137628654,0.019751686913821998,0.016771520804634628,0.015907112729488804,0.004999476195312335,0.013396663459436148,0.016273284757841955,0.015176889718087859,0.018831992973442367,0.019598557368376048,0.01824704987292996,0.018692220292384924
