0.0,0.41500928634649553,0.11683100203955286,0.0,0.008891137627056643,0.4298609082288785,0.3564104297410494,0.5246046698135804,0.1417327654920277,0.3927534543157895,0.019994017917950226,0.3834626705467003,0.4571702269888319,0.09441300045433246,0.4096417088384299,0.41108088574135615,0.39274729740361675,0.39247115693869467,0.009230449514568978,0.45455032697273806,0.44421533535586216,0.4323874307144529,0.47865907496074017,0.3611380809948321,0.379606401409977,0.37578791546829016,0.46554410438446775,0.47206663683706873,0.46310044952959273,0.17482012303038272,0.38521857269076576,0.44769331489499603,0.36162759972508796,0.38601164489010975,0.4381976588888604,0.07452925044057375,0.0,0.39108209962576224,0.45994858863692883,0.4487459855769706,0.42580342583123376,0.26170351264240965,0.0,0.0,0.06602843496926906,0.3736402237977292,0.4808901337953889,0.0,0.0,0.0,0.15539112488886528,0.0,0.03460420229848106,0.0,0.21077654399186546,0.0,0.24885647948795736,0.06819394334533112,0.0,0.3816719709387338,0.46499491650495317,0.2100829672939651,0.45015720578877993,0.0,0.1338127899293302,0.3876268847787132,0.47716923599782834,0.2461164779931459,0.302814287550555,0.4586509883679749,0.46792875150698965,0.12879827701855787,0.015314711531682713,0.1512013331492236,0.0,0.40873136762957823
0.41500928634649553,0.0,0.334864504257983,0.0,0.35593514997445114,0.4145840966166731,0.44666586677992404,0.4683265052647784,0.40231196171258377,0.34530185861593465,0.0,0.2282597651087923,0.45202446286520154,0.0,0.44207177197804526,0.41555727165691386,0.345273684714283,0.40318361904771066,0.06970768679316591,0.44028731541422317,0.4401267734643402,0.42371352703135046,0.4372595768398859,0.33564403054361813,0.37711087479836836,0.405920167431446,0.42772107387271974,0.451737204827779,0.4327249941575666,0.22559252042731232,0.39119450159939967,0.45087430407520207,0.3768490304516481,0.39602271013211243,0.45458514271125755,0.1878169389622436,0.01950951752282603,0.006159834861990836,0.4814090952666857,0.45884818729780696,0.45769654477499117,0.4865254451404138,0.09084976504130149,0.0,0.00852375660302504,0.47616850740028366,0.4833889556656122,0.04716304858954764,0.0,0.007562115028095875,0.4575192750755319,0.33020604785421503,0.24415037236007558,0.05846747522720218,0.17844977007794116,0.0,0.12137985818989477,0.45504895239356075,0.0,0.5035680603415108,0.4699472887128548,0.24232945681716908,0.4577051010628169,0.0,0.4733585553606646,0.4977859623256868,0.4779112106948709,0.4894065419124089,0.24791144815090166,0.46966649909841485,0.5013517700111184,0.48254496353982923,0.4388442874008047,0.461744407097801,0.04489144012536832,0.44977899738825133
0.11683100203955286,0.334864504257983,0.0,0.3087589839175659,0.39292478980697876,0.37411848880566373,0.44619101754508284,0.45382243080142076,0.31774380082446846,0.47667587157944363,0.31351680838614115,0.4073400205739343,0.46299702154798156,0.4161771423982165,0.04968717522471469,0.16825988426118085,0.15551835078875648,0.2413854054582097,0.2636543384157332,0.28068369458311715,0.19226471049961255,0.35838752550441555,0.338148526251087,0.19419175614781392,0.30752347907540667,0.39947453833719854,0.3202533244947912,0.47111715528447135,0.39695304169682666,0.4575032086447469,0.48091105807113227,0.4515248812401069,0.39499262840015575,0.4812417648958545,0.46816595164530217,0.4293377908164966,0.4442198596602468,0.3363957955100411,0.5220283337570921,0.09852996969109842,0.547314104231889,0.18842968765687762,0.518820621356391,0.046667765464247786,0.008802538210490965,0.0,0.044659062648946334,0.4490153695870486,0.0,0.543386605250203,0.5638082616252882,0.5670886199018785,0.5423170941507037,0.5499525153971675,0.1005735888668194,0.4558452303940385,0.03497724921959757,0.5538971989812287,0.5120258644414459,0.04864027429086288,0.009908870399777857,0.0,0.0,0.42058981442741467,0.2501240567014382,0.008716988675999193,0.18055481714150098,0.5661623545041561,0.0,0.0,0.11657369571590633,0.5575748230884581,0.5432282551194431,0.4984571024557459,0.17790406148973964,0.5445386563964787
0.0,0.0,0.3087589839175659,0.0,0.30581703292863377,0.24333665034401591,0.3002991607935849,0.3828383634864104,0.42842733300253427,0.12943984084076654,0.39417871786930697,0.06725774042934224,0.344436769825589,0.3537698356923189,0.009763139274515196,0.0,0.00868333285709597,0.0,0.3793063465963189,0.06865214238002923,0.009342035589711847,0.039420221495235115,0.3594096518970803,0.02563832074074507,0.0,0.016997942926187073,0.19099599073753498,0.30901323752578846,0.05664613693909477,0.009093147403789017,0.2390267102412285,0.34907856088877953,0.09781926181586675,0.3121979031579083,0.31357207031384055,0.2596822555643887,0.19228726305388563,0.03297635874655736,0.02762633507671598,0.0,0.017202644415621488,0.006560400409518547,0.007518850080212394,0.0,0.0,0.0,0.0,0.0,0.0,0.0,0.009751010797683554,0.0,0.0,0.0,0.0,0.0,0.0,0.01004406303729651,0.0,0.0,0.0,0.0,0.0,0.0,0.0,0.0,0.0,0.069089747453908,0.0,0.0,0.0,0.027664766370758494,0.007829611031514295,0.009728484607538137,0.0,0.0
0.008891137627056643,0.35593514997445114,0.39292478980697876,0.30581703292863377,0.0,0.38085841863750364,0.34652312174904837,0.4242462621006836,0.3374234075149671,0.4682084492455417,0.34152532485193127,0.4454411698594434,0.40724182620518373,0.32487479292607374,0.00887847241287135,0.31105438065975966,0.35638663384569685,0.34144196575228775,0.37826038956478697,0.3628228833189833,0.13597880980520166,0.4328832380582875,0.4153295522215471,0.36589899374066315,0.3831016891628564,0.417048363877066,0.3971959832523949,0.3980531889100405,0.40350686204380604,0.2632816343536149,0.4758206042102551,0.41305708364055754,0.4268521718874779,0.46147980660700033,0.4413975873368158,0.3012364917187296,0.2769458655196523,0.4008893764482188,0.4717671021854028,0.10209435043100812,0.45258105251355657,0.10710210332237464,0.46633623148590303,0.017340292684316326,0.05484904944873521,0.0,0.06763790008844701,0.5487950664543505,0.0,0.4784519689557119,0.5229145475479273,0.5159266763068038,0.47786699797458815,0.5399068338006354,0.03659697546131089,0.46504485787589284,0.032773998426386244,0.54080323513262,0.2697544405647571,0.055376138255804425,0.025571936669893165,0.0,0.0,0.5145542034107062,0.19597726616351868,0.0,0.16654330384615432,0.5458604589005401,0.0,0.015619577711060638,0.1838689028442184,0.5386928015490047,0.5323263294180125,0.4512650888054667,0.05161502624948414,0.42203617022101114
0.4298609082288785,0.4145840966166731,0.37411848880566373,0.24333665034401591,0.38085841863750364,0.0,0.4151266784439239,0.4100569114974032,0.33028938979456696,0.4689245256275302,0.3893071671004161,0.430239778687259,0.3862267288095377,0.35101642824471135,0.41078135247337316,0.4422497362719836,0.37873715677968856,0.43540862280091935,0.3859612772732345,0.4062036205551342,0.41700050093983093,0.4273827781253453,0.38262696504771576,0.39704496148635154,0.4072314039485741,0.42372243453129477,0.354040388393316,0.3909554952519786,0.33431054871900856,0.42729680857129226,0.44493689302858047,0.4235327135928012,0.39243015157766215,0.45180508863309743,0.45476787224943943,0.4557840789777941,0.44646734585204256,0.3454036602417232,0.5041700273223702,0.27613564257407924,0.5233649781554334,0.4451652008371158,0.501550817398411,0.03385257166223133,0.048768485200143444,0.10431286610715045,0.44894784766307755,0.5574514705686656,0.0,0.5122983624098885,0.5283858384290624,0.5414226239963151,0.4841038583856688,0.5564644022094681,0.24117989426370642,0.5175334597663772,0.049390647805562606,0.5312813268088945,0.20184675821490455,0.4806382530363777,0.41550866554166976,0.0,0.13887859338189532,0.5427657588047716,0.4876775106345709,0.3667626777774326,0.4650141680424216,0.5291821288011991,0.007628124851735526,0.36945983481090455,0.46696660626471526,0.5224304837685847,0.5253539714771416,0.5078670324689464,0.4951680504480861,0.5231623827282736
0.3564104297410494,0.44666586677992404,0.44619101754508284,0.3002991607935849,0.34652312174904837,0.4151266784439239,0.0,0.46359599476864666,0.40883969393113173,0.4422042700720854,0.4486273742970732,0.4199463916133882,0.3507865360223891,0.35446147100952496,0.2429244966909743,0.479253802048656,0.40937062656951534,0.46224824035087914,0.4625168471687912,0.45360233407724615,0.4425587013025125,0.47076490622584455,0.44331228851922616,0.41128024628760845,0.44153988279941786,0.43954918342299726,0.4315913061615863,0.3800471876548589,0.44512510304785285,0.36742202488990305,0.43811191905710983,0.43893854477039695,0.4099602985920596,0.42887175552959533,0.4170217194099789,0.3715396936518774,0.36333422473839666,0.39797077907279543,0.4986992418523032,0.21675241344474425,0.5218230162303207,0.3468365819672067,0.5055489259943311,0.03552464952182193,0.06907351235303175,0.017911261827876345,0.3962489953830296,0.5607101229080624,0.0,0.4678866538908655,0.543695685439816,0.5333299678755851,0.5035322864144031,0.5599897605356428,0.07038754337605771,0.5046718498776916,0.10645800701030078,0.5441394283690826,0.17783921622128113,0.3179742252071376,0.2003146490888245,0.008754827771844657,0.01647893343395083,0.5439546593057458,0.5027848410400203,0.08559878521654911,0.44221473661567656,0.5468936471826393,0.022114162315273155,0.17456005767985708,0.47551779037638714,0.5378909816023416,0.5381120397712336,0.5230986660204676,0.2855987674712542,0.5295368028381031
0.5246046698135804,0.4683265052647784,0.45382243080142076,0.3828383634864104,0.4242462621006836,0.4100569114974032,0.46359599476864666,0.0,0.47128075318209284,0.4817902535342348,0.34938083447584994,0.46071987562936917,0.4676316052820209,0.3949610796441015,0.42862224860714776,0.4596478528698198,0.1970077190233034,0.4905417721844792,0.4342122281504202,0.4102981580209111,0.42256562624313493,0.44872347408181185,0.37073686282771406,0.5248977934029135,0.4921960584696185,0.4985600829309024,0.42440322890640436,0.4559591166258569,0.40887397638788325,0.44033670383299073,0.4610237311130205,0.41145554732053463,0.42020259218522027,0.47536250316522854,0.48288018163173313,0.36783443949131395,0.3660745717917799,0.17675274477786657,0.48982105787887736,0.08743976492483602,0.5089198776660269,0.22801715134383313,0.4728715366211771,0.00845018703982515,0.016358629150210687,0.03789386898437032,0.21910682380664717,0.5456846776919126,0.0,0.44272203038696734,0.4996379169959382,0.5121931509312047,0.43103704511100654,0.5476600753687364,0.0652744552410895,0.49919042051479884,0.009631116729167015,0.5092038627738076,0.29557323837377847,0.48019039295510074,0.11405279888417268,0.0,0.008724507444576254,0.5391258045499925,0.5119241706584847,0.47072226869895023,0.4522914103387364,0.5034698205527657,0.0,0.22708428830232663,0.489272656119923,0.50651357966553,0.5063982357555982,0.4959828886348503,0.33434438213334755,0.5113637916530839
0.1417327654920277,0.40231196171258377,0.31774380082446846,0.42842733300253427,0.3374234075149671,0.33028938979456696,0.40883969393113173,0.47128075318209284,0.0,0.4893250014904928,0.3031513525844229,0.46781408154036347,0.4115875061267193,0.4202749847736682,0.13605443311094884,0.3759402764414645,0.463999046989585,0.4350319388823901,0.28384440793480586,0.39861454481113767,0.22417450008208192,0.427742595184449,0.4040757713242395,0.4361925439802619,0.4263403168856295,0.41780180543623563,0.3513349335093907,0.47544910541007784,0.4041260328942402,0.46591167637822384,0.4894750429275232,0.46195127575274464,0.44457183493206676,0.48720657656681504,0.48058464732595063,0.4541776700868525,0.46851038491741753,0.4571749194529424,0.51688968560266,0.21461190190591414,0.5387989515983509,0.3443222385248725,0.5052230338678707,0.044965850647856395,0.12265656858291606,0.0,0.24860610387979093,0.5619335700466338,0.01968420698156815,0.5335452347614004,0.5581610335637665,0.5634343268328303,0.5396995247522275,0.5695142407499942,0.1325833265262227,0.5264712835915978,0.09632480381850435,0.5540257932897313,0.46051187669437343,0.18855813149692746,0.05770313104917061,0.008675774847585721,0.0,0.5525664291861925,0.3580827876036465,0.03861581193534317,0.36575061063778813,0.5656085921660773,0.035638870806122436,0.05749577246147485,0.3568708564775604,0.5575550222480895,0.5454224431918742,0.5043550976849901,0.22786321340194352,0.5472246829787897
0.3927534543157895,0.34530185861593465,0.47667587157944363,0.12943984084076654,0.4682084492455417,0.4689245256275302,0.4422042700720854,0.4817902535342348,0.4893250014904928,0.0,0.4833980681109847,0.2904151432457516,0.4438134245351535,0.33940568579709235,0.1414271228261523,0.3909207874001327,0.33426670146786897,0.36111303815500395,0.4871142758351491,0.3999946449163073,0.41236013678676187,0.396977514214798,0.4715055620567146,0.3237908148413257,0.3132014505635147,0.3153489436534982,0.4597519262438052,0.423342715200478,0.4375073468953748,0.15869965154398244,0.3471990768946763,0.3636799430663942,0.3161024984328513,0.3259481102219561,0.32764288530116087,0.3895112325632213,0.30108142184063336,0.29550569398610865,0.325635237001769,0.4484885121490977,0.36966240042517895,0.2760994253404975,0.15725139602706273,0.00904900367117754,0.38428059630908534,0.2875378247079634,0.1913858796594144,0.06545358586169231,0.009132347117540532,0.008255852284617669,0.32082218911147925,0.1575307281474466,0.020049334659329208,0.12725505627969738,0.4684545746981451,0.06120831268105025,0.46307911028411997,0.27041358589302883,0.0,0.0,0.3641212262636805,0.47728917529367215,0.4689571836151466,0.009058489582410302,0.03464253234261023,0.00948560687730897,0.10634764842483928,0.4627938442018824,0.4174458166776799,0.4669174610376327,0.46806893910945974,0.3964747151484125,0.34034195229989556,0.20785095215584917,0.0,0.4425286650874126
0.019994017917950226,0.0,0.31351680838614115,0.39417871786930697,0.34152532485193127,0.3893071671004161,0.4486273742970732,0.34938083447584994,0.3031513525844229,0.4833980681109847,0.0,0.46115538263964395,0.47522252032399714,0.3235503180325653,0.0,0.01818434533928717,0.43586942590495414,0.31814097415286313,0.26658880697526555,0.007009087561186925,0.06891363004004482,0.016955393948942493,0.3220262731612363,0.4047044428304521,0.36680045459784444,0.42062525438841697,0.3679741585879922,0.4754456019043986,0.06032893953988358,0.1903825084589355,0.49257673321253737,0.41924105640336146,0.44865513937607404,0.48150985349567793,0.46455970712893535,0.3236100125239747,0.374235945666121,0.4399182485882996,0.44498833171507907,0.10216385377779895,0.45085908151642207,0.05403719717298674,0.45483750926909644,0.022331970821674544,0.04648016430172709,0.0,0.0064030963581093335,0.4642814833960293,0.0,0.45587388544048,0.5304317245333989,0.5164380637109299,0.4848110910084158,0.5065086985762566,0.12003589202177546,0.30927806071625374,0.05209621166489357,0.5075005543305093,0.41475475220204316,0.016054658325093455,0.0,0.0,0.0,0.3428683730641831,0.058423485822416014,0.0,0.03916436313624945,0.5371212648252467,0.008206139195640134,0.0,0.03626896897101055,0.5232227307837818,0.5016223558198843,0.29173928781127717,0.02792776554477615,0.37659881040610793
0.3834626705467003,0.2282597651087923,0.4073400205739343,0.06725774042934224,0.4454411698594434,0.430239778687259,0.4199463916133882,0.46071987562936917,0.46781408154036347,0.2904151432457516,0.46115538263964395,0.0,0.42875475947343844,0.10844736288883894,0.10851911693153947,0.3268977967591605,0.36526014969744963,0.36481452028649103,0.4698648751313332,0.2349223641169654,0.4549752492798676,0.2690069123885997,0.451794816513906,0.2827685505606336,0.3319792463293361,0.2987655200850112,0.39992751072384697,0.40259254990582843,0.19539116553256963,0.04660352032824761,0.3667457051034626,0.29362699406693055,0.30568846914028636,0.28585815004517745,0.32048545329965794,0.32567548157270276,0.28039311024294955,0.24765387945783457,0.28673860277116536,0.447006129594594,0.3457506201517615,0.2533115485127008,0.2091615157559425,0.04093420876184066,0.36685771246071747,0.31649128177471497,0.08986456863176608,0.017044384508490665,0.0,0.014920765711300249,0.0869145435047701,0.1216879465052557,0.008259368954964406,0.08901277956003598,0.46749710888116447,0.042763022484105885,0.4473914744336369,0.273673424153788,0.0,0.05421740150925133,0.3046723316403224,0.47529906354985446,0.46770258314076985,0.0,0.0770437281177275,0.006607248473919666,0.07158819518428301,0.18132575570905113,0.400726785159385,0.46362776187034604,0.4620428118798771,0.18675082485745115,0.33186093280932233,0.08864975862470587,0.0,0.44052428197122356
0.4571702269888319,0.45202446286520154,0.46299702154798156,0.344436769825589,0.40724182620518373,0.3862267288095377,0.3507865360223891,0.4676316052820209,0.4115875061267193,0.4438134245351535,0.47522252032399714,0.42875475947343844,0.0,0.3948219622250303,0.4371882501457074,0.4816489559469164,0.4477636363884615,0.4638112646296167,0.4809373943942829,0.447727728123779,0.46133632652941065,0.471832843360293,0.44592208874838946,0.434752514804998,0.4466904602830598,0.44164077622427367,0.4297858169042463,0.3663485829275998,0.4179925394713205,0.41212332828365333,0.4289891823003069,0.4465578859124402,0.4212944123361627,0.43565722466861306,0.4349196900497216,0.419697659713217,0.4172586564589212,0.4080286076663674,0.49738766766922127,0.340694895121143,0.5210416472526168,0.4366070900359632,0.5113198137982805,0.01751413720047413,0.1205868982393546,0.07060361015010436,0.46877939259821133,0.5574559975357061,0.0,0.47639156972084135,0.5396222789025312,0.5489932704401269,0.5122011931104948,0.5581252190452851,0.20574224660972093,0.5097687523830904,0.2022502058091298,0.5396729351257459,0.07640988413449516,0.481832398624865,0.4091252203179321,0.04470948540678663,0.2311367435264573,0.5423342479141092,0.5083076926308329,0.3391590164626695,0.48044038861946553,0.541666082058178,0.03358936757754111,0.43178529793900444,0.4799078216557559,0.5343590379204959,0.5359386150032271,0.5241390219480342,0.43543373212090103,0.5344780891253909
0.09441300045433246,0.0,0.4161771423982165,0.3537698356923189,0.32487479292607374,0.35101642824471135,0.35446147100952496,0.3949610796441015,0.4202749847736682,0.33940568579709235,0.3235503180325653,0.10844736288883894,0.3948219622250303,0.0,0.030335400545311985,0.0,0.0,0.0,0.3849082306704193,0.050150647337305,0.21766424981954044,0.03887316670257836,0.3983846089205585,0.06783674894259785,0.01648233269506262,0.21675400483010418,0.43179031569053716,0.3607160926154032,0.07055536801458034,0.008765890239529301,0.38780560308285505,0.3065667441562008,0.07052610135493886,0.4215827483536028,0.2146144569470484,0.2650188538419821,0.20664779089909383,0.07474272131228543,0.172216454660148,0.0,0.02504748829753552,0.0,0.2980581725286971,0.0,0.0,0.0,0.0,0.46177448114518677,0.0,0.14193829751035417,0.24997100296160352,0.11548481897597145,0.2340513394616352,0.38215259742721064,0.0,0.32671597614793707,0.007515298796665993,0.08703623420628699,0.14216573160202606,0.009230848338155788,0.0,0.0,0.0,0.3324262809407113,0.029946882329105248,0.009920528474843726,0.0,0.43162253412870094,0.014816480987476852,0.0,0.0,0.3264779276315227,0.06801826937456408,0.03461716209462933,0.0,0.0
0.4096417088384299,0.44207177197804526,0.04968717522471469,0.009763139274515196,0.00887847241287135,0.41078135247337316,0.2429244966909743,0.42862224860714776,0.13605443311094884,0.1414271228261523,0.0,0.10851911693153947,0.4371882501457074,0.030335400545311985,0.0,0.4482708308300672,0.18415478523460851,0.4337318905149868,0.0,0.34674077196980274,0.3969123606434407,0.37700167472442947,0.3768500526309146,0.45674818240923726,0.42354392097115473,0.4045487617113985,0.3862879208855221,0.4216626304912615,0.41398258032141827,0.21538101772125146,0.4385788302494341,0.46137958553657143,0.42411795885564085,0.45773363249033217,0.5033338811365176,0.3977771829391841,0.19874382455459477,0.07375570678138439,0.505291590593671,0.49304443143526067,0.5030490514975972,0.5281938153263139,0.2826744516224285,0.02100608925176033,0.04598215198742016,0.32014800979474856,0.5067408410091384,0.04665028882547068,0.0,0.0,0.4743392781390505,0.26074701843576936,0.4381673097853292,0.035818705115564876,0.01582397649833665,0.0,0.03995724992677573,0.43718604012681994,0.009071504170039914,0.5197114233040095,0.4858071295798238,0.008062608225806182,0.42299176548397605,0.0,0.4980680546806715,0.5004666034310011,0.5210461357771706,0.506466596533687,0.019077432459248537,0.4558445130869546,0.538145481365436,0.5069592961753132,0.5025618157644095,0.4995263458187758,0.33620280671463054,0.4929917101075264
0.41108088574135615,0.41555727165691386,0.16825988426118085,0.0,0.31105438065975966,0.4422497362719836,0.479253802048656,0.4596478528698198,0.3759402764414645,0.3909207874001327,0.01818434533928717,0.3268977967591605,0.4816489559469164,0.0,0.4482708308300672,0.0,0.39566986842266794,0.3666817731256211,0.009393224011667905,0.4209270881897353,0.4419175110140336,0.391739287013703,0.45320819757569625,0.3846858798401523,0.38645281158809236,0.4278605309713257,0.4435876370173285,0.46648827340226917,0.44829599686125876,0.4151553993899629,0.3890589400504965,0.46489057150121227,0.38691380661276625,0.40502653480132245,0.45566916540652136,0.12823390111752672,0.020032146899748825,0.01314910361013999,0.4742549127645444,0.4513130938437817,0.45017119703069985,0.4567717701657523,0.05980751432595375,0.0,0.0,0.465863116598653,0.4760188147341191,0.0,0.0,0.0,0.39550939200940927,0.06288925074841428,0.05866636740952996,0.0,0.30972297564137136,0.0,0.26026704585718435,0.3383926006588167,0.0,0.4955932273826291,0.46424819013487384,0.3375279776164775,0.4588948015549492,0.0,0.48627238041056936,0.41362556989310534,0.4726348790444384,0.49624711393271437,0.3351379344662024,0.46629870433605525,0.483435859960584,0.4949349956584861,0.39223823017620635,0.4807060003203718,0.019924262823152954,0.44671834919995923
0.39274729740361675,0.345273684714283,0.15551835078875648,0.00868333285709597,0.35638663384569685,0.37873715677968856,0.40937062656951534,0.1970077190233034,0.463999046989585,0.33426670146786897,0.43586942590495414,0.36526014969744963,0.4477636363884615,0.0,0.18415478523460851,0.39566986842266794,0.0,0.34130005543647385,0.31337669668422297,0.3718183403741429,0.29483094349520295,0.41038465374018984,0.3455440749873314,0.37222052578060405,0.3233539969350843,0.3637312345752746,0.26705921967843965,0.42993564959212344,0.37635317083742953,0.0500860531289172,0.3664880724159515,0.44754444544407695,0.34782916659760427,0.37587158330138,0.39792331607572673,0.24268128464677524,0.013353642462396339,0.34551412166950096,0.35189050048740106,0.4719130769349494,0.4578035759933966,0.22059516951364108,0.0,0.0,0.2184892635883766,0.3290064023090826,0.26685541019067405,0.0,0.0,0.008534865299919125,0.037266792405174325,0.009036894283579438,0.0,0.0,0.4859637129194722,0.009643592124307262,0.48357536222455016,0.06995174432862766,0.0,0.009732493814432397,0.3627589892485772,0.4840039273056136,0.4770320034669465,0.0,0.01809499455095244,0.0,0.09338847725640996,0.021188101658473752,0.43718713977710866,0.47475662589621115,0.4779126400488975,0.0,0.07787404018837103,0.05943606369356954,0.0,0.428089721931025
0.39247115693869467,0.40318361904771066,0.2413854054582097,0.0,0.34144196575228775,0.43540862280091935,0.46224824035087914,0.4905417721844792,0.4350319388823901,0.36111303815500395,0.31814097415286313,0.36481452028649103,0.4638112646296167,0.0,0.4337318905149868,0.3666817731256211,0.34130005543647385,0.0,0.2668908894449523,0.43222254612021,0.4492609904877779,0.4190990433878807,0.4537794362860143,0.3648177660474931,0.34596231430500113,0.379581590565737,0.4374411635745133,0.450351836421948,0.45106559125827494,0.2756877734431027,0.3820368829622264,0.45277427576956686,0.3569358405754765,0.3911661782691007,0.42526439626457796,0.17064154145983956,0.0,0.27279510187781764,0.4699354435956087,0.4518648124692039,0.45103891081615577,0.44275351963053333,0.0,0.0,0.1129604583114808,0.43747303747805977,0.4644925933693129,0.0,0.0,0.0,0.3530226349968557,0.023850247091867942,0.028761609384744743,0.0,0.4724994379778651,0.0,0.4706605241201515,0.2550946951830311,0.0,0.3642056600879984,0.4600311545728573,0.47270230657659856,0.46618898773178974,0.0,0.424349623125795,0.14483899341380205,0.456858651917809,0.3227480641781905,0.4418079659086115,0.4651208288914837,0.4703422639630326,0.40292321246340396,0.2117761548290902,0.4371090926924291,0.0,0.4558198757111165
0.009230449514568978,0.06970768679316591,0.2636543384157332,0.3793063465963189,0.37826038956478697,0.3859612772732345,0.4625168471687912,0.4342122281504202,0.28384440793480586,0.4871142758351491,0.26658880697526555,0.4698648751313332,0.4809373943942829,0.3849082306704193,0.0,0.009393224011667905,0.31337669668422297,0.2668908894449523,0.0,0.023514652059114217,0.0412710495969736,0.08547047008359568,0.3247681803738267,0.33911050876550053,0.2793048693472284,0.40057249578766413,0.3496022893070022,0.48401183887021365,0.15845975085947994,0.30654629456399324,0.49427603363715533,0.4524825123583494,0.4568581596691236,0.4881715748931048,0.4776379173591613,0.4142081395119425,0.4409812770550971,0.4236810838689178,0.47344521547193924,0.04908492766770197,0.4972776058366439,0.0722225868152243,0.4814017844518423,0.0,0.007912170115398534,0.0,0.0,0.48378584113135203,0.0,0.5097567511997763,0.5556566317441786,0.558361166769723,0.5306288163829476,0.5502157849814328,0.028328277346029822,0.4234554059996938,0.006409923423011347,0.5368828949541186,0.4161735875418919,0.01812865996324452,0.0,0.0,0.0,0.5290353309749645,0.083117371514591,0.0,0.036746897674866066,0.5619219177479061,0.0,0.0,0.035875152179730065,0.5561086930879013,0.5375815796693193,0.4444927916626276,0.04277959252167804,0.4510009669354627
0.45455032697273806,0.44028731541422317,0.28068369458311715,0.06865214238002923,0.3628228833189833,0.4062036205551342,0.45360233407724615,0.4102981580209111,0.39861454481113767,0.3999946449163073,0.007009087561186925,0.2349223641169654,0.447727728123779,0.050150647337305,0.34674077196980274,0.4209270881897353,0.3718183403741429,0.43222254612021,0.023514652059114217,0.0,0.4359743903847497,0.3899722535880562,0.3342286863075097,0.470545835475616,0.4216083546693952,0.4472233264098291,0.3631266735598584,0.41357268678479275,0.35878984716926116,0.3794228109333219,0.40231255189534487,0.45488486316743937,0.39829295198188935,0.4439045683306951,0.49465605755826797,0.5215102281060241,0.4319731817065368,0.19816839133852227,0.4968003664477839,0.4610771460704807,0.5032801618301955,0.5118193928534781,0.4153929574951505,0.011325490924547304,0.06320999208930098,0.15704689131242716,0.47139805919797845,0.19801334572343557,0.0,0.04637342860767776,0.49352560080681684,0.4539000981900142,0.4899209315016022,0.2647883317397913,0.043918520608024245,0.035138650653696916,0.060523546691872286,0.4944113180329057,0.0,0.5026728606907159,0.46910841924211955,0.050610066099909444,0.41700871318212085,0.037500738381736926,0.500617082494317,0.4925062671893357,0.4971379167540203,0.5144512447343093,0.0172997713033991,0.45248440201750934,0.4969411073110811,0.5126551858166141,0.5108765603111328,0.5039610179862329,0.5122390303329248,0.5001309500385842
0.44421533535586216,0.4401267734643402,0.19226471049961255,0.009342035589711847,0.13597880980520166,0.41700050093983093,0.4425587013025125,0.42256562624313493,0.22417450008208192,0.41236013678676187,0.06891363004004482,0.4549752492798676,0.46133632652941065,0.21766424981954044,0.3969123606434407,0.4419175110140336,0.29483094349520295,0.4492609904877779,0.0412710495969736,0.4359743903847497,0.0,0.4566274019266472,0.3998226843577697,0.4924958319420493,0.44592756679758977,0.4295110277806184,0.42612349651876896,0.45417031996929796,0.4286794174545114,0.38715618191153417,0.43579878825890106,0.4511828305566029,0.4115627293212579,0.4509261034729003,0.49765639278875,0.3466478613967031,0.03823532323505186,0.23153706968471724,0.48874213861744387,0.408204874767038,0.46920262083367725,0.41375242060261835,0.061956716096050655,0.0,0.017479537792925565,0.4050961042953373,0.4981186599101857,0.01036069105739403,0.0,0.009343923825138021,0.40355604324641936,0.05746455741522827,0.45671671767123617,0.009637386419501726,0.017553266667755862,0.0,0.04689466249507585,0.4166585527824345,0.008371525777960723,0.4944873509069722,0.45704480384698803,0.0,0.1328829083677936,0.0,0.4900178836342439,0.4218338687789807,0.5100105496590508,0.4821621195451588,0.07476443453829205,0.4219399183500967,0.5181541949062621,0.49539082374661547,0.4922507643034509,0.48530235710576486,0.2679556467802095,0.47980004645988705
0.4323874307144529,0.42371352703135046,0.35838752550441555,0.039420221495235115,0.4328832380582875,0.4273827781253453,0.47076490622584455,0.44872347408181185,0.427742595184449,0.396977514214798,0.016955393948942493,0.2690069123885997,0.471832843360293,0.03887316670257836,0.37700167472442947,0.391739287013703,0.41038465374018984,0.4190990433878807,0.08547047008359568,0.3899722535880562,0.4566274019266472,0.0,0.43796452588360557,0.3784634962687178,0.412648502935969,0.4423486297331219,0.43038928694273393,0.45091285960573146,0.4131021955628429,0.4246898854014039,0.41114255613184636,0.46751603182253126,0.4088329605801309,0.440589401233812,0.49719134050263386,0.500471346725365,0.38850497724951827,0.170328372221923,0.4942665615453211,0.47269629499043725,0.4855967198846758,0.5149337768720237,0.35369350588820786,0.0,0.03847700798664115,0.48079586164068494,0.48159519982981136,0.11682586702482911,0.0,0.008667430157071117,0.4711465072484649,0.44162543350549327,0.38416078581830465,0.22869341366150892,0.10750511371049652,0.0,0.06546870163810464,0.4810862128993498,0.0,0.5264126623399155,0.46668471300021636,0.15738757626073022,0.45278231555199844,0.009388356321595315,0.49875766398111177,0.5201962941870444,0.5079243839497465,0.507789343264815,0.08776910576882672,0.45442967975015425,0.5198435987544536,0.49999729549809463,0.49254596417203517,0.48978052004314654,0.23665788257032136,0.4762219063834542
0.47865907496074017,0.4372595768398859,0.338148526251087,0.3594096518970803,0.4153295522215471,0.38262696504771576,0.44331228851922616,0.37073686282771406,0.4040757713242395,0.4715055620567146,0.3220262731612363,0.451794816513906,0.44592208874838946,0.3983846089205585,0.3768500526309146,0.45320819757569625,0.3455440749873314,0.4537794362860143,0.3247681803738267,0.3342286863075097,0.3998226843577697,0.43796452588360557,0.0,0.499979362541758,0.445622994906921,0.46270629593489854,0.328579174124142,0.44040321948494543,0.403931687744968,0.42735638677561233,0.4392593660185121,0.42759568395734077,0.40232098565379093,0.4583467913759148,0.47581299202379224,0.42491464768654985,0.45294179074486407,0.3980217130872303,0.5213844329456614,0.4711305685268224,0.5409844721964817,0.5375430606478778,0.5188272831872649,0.1583242197303987,0.1562397217105457,0.24903958962766662,0.48878514591849415,0.5480292956074642,0.0,0.55159135750167,0.5396030653572648,0.5525122085878912,0.4988465929626361,0.5698177366711232,0.46683779522869817,0.5255145813137642,0.20104830949724217,0.5390631769631496,0.4766168870698319,0.5106101504757956,0.4866452585977231,0.048634630503084336,0.3497288513731802,0.5412847766509322,0.515986931181933,0.49105532658776285,0.5068986267046607,0.5359914783706204,0.024959093171963005,0.46629478090502124,0.5067407409385752,0.5344027014120288,0.5341694906302483,0.5236314212130315,0.5341212211055585,0.5337697916737316
0.3611380809948321,0.33564403054361813,0.19419175614781392,0.02563832074074507,0.36589899374066315,0.39704496148635154,0.41128024628760845,0.5248977934029135,0.4361925439802619,0.3237908148413257,0.4047044428304521,0.2827685505606336,0.434752514804998,0.06783674894259785,0.45674818240923726,0.3846858798401523,0.37222052578060405,0.3648177660474931,0.33911050876550053,0.470545835475616,0.4924958319420493,0.3784634962687178,0.499979362541758,0.0,0.3417152738288536,0.3324765151182655,0.4816572822620896,0.41647761822026974,0.45420749261004467,0.06308674528083366,0.3681983171281131,0.3334264866745797,0.2880636197060547,0.3092055684369127,0.3435156964336706,0.30290641352765724,0.26864971720873493,0.2850631486617259,0.3201612318152652,0.4058342411893519,0.3596089320307911,0.2573438716753803,0.20929972380192916,0.03701054045201043,0.3257587259502207,0.3618572987466658,0.4143910395182244,0.016079891052741886,0.0,0.006013324238219351,0.08165931676137332,0.02489145223937714,0.01668257721896686,0.03228172596730286,0.4428769457012432,0.020920815029372663,0.4235612444114165,0.05172054584349395,0.0,0.07990163392252973,0.4603739626092906,0.45440413292150617,0.4572607786145121,0.0,0.03258509217575074,0.10686502169080234,0.2074073878270245,0.1373312497392175,0.3275998618238371,0.44935441936974163,0.44160986714416917,0.07235669384683623,0.11854048633030322,0.09816843942714132,0.0,0.43583616721959123
0.379606401409977,0.37711087479836836,0.30752347907540667,0.0,0.3831016891628564,0.4072314039485741,0.44153988279941786,0.4921960584696185,0.4263403168856295,0.3132014505635147,0.36680045459784444,0.3319792463293361,0.4466904602830598,0.01648233269506262,0.42354392097115473,0.38645281158809236,0.3233539969350843,0.34596231430500113,0.2793048693472284,0.4216083546693952,0.44592756679758977,0.412648502935969,0.445622994906921,0.3417152738288536,0.0,0.3510378086658674,0.4197166002660553,0.4388704021450215,0.42954953400581003,0.21786188254953212,0.36949850104468046,0.4310790075777573,0.33211366032112444,0.3660480059498542,0.408124083800217,0.25772065321206816,0.012987044104348824,0.32252861646815234,0.47097655105899094,0.45018767801327336,0.447088297083258,0.4660461299748106,0.021705640300756064,0.0,0.24055256679176215,0.4342654010527367,0.4695611555471359,0.0,0.0,0.0,0.43225141046385374,0.1253729482280134,0.16511980587578495,0.0435068559409835,0.4726008161769313,0.0,0.4682820192388338,0.4373323742332962,0.0,0.4400359698266862,0.46222340014551644,0.47120976684883586,0.4629588596433955,0.0,0.4459624024041822,0.383878423870606,0.45213121810554957,0.4710578249551406,0.4274532542342525,0.4633416516571781,0.46759443949775453,0.4570622121409879,0.38480455407732567,0.4559578504458465,0.0,0.4509532532960908
0.37578791546829016,0.405920167431446,0.39947453833719854,0.016997942926187073,0.417048363877066,0.42372243453129477,0.43954918342299726,0.4985600829309024,0.41780180543623563,0.3153489436534982,0.42062525438841697,0.2987655200850112,0.44164077622427367,0.21675400483010418,0.4045487617113985,0.4278605309713257,0.3637312345752746,0.379581590565737,0.40057249578766413,0.4472233264098291,0.4295110277806184,0.4423486297331219,0.46270629593489854,0.3324765151182655,0.3510378086658674,0.0,0.4526324016406947,0.43315027389838245,0.4315725345785372,0.36992445686362607,0.39646021214154753,0.46064580237456787,0.37399453345782707,0.40372588052484465,0.4629128413579034,0.4658106990707156,0.12955470789671025,0.33814318380764546,0.49362578203709107,0.4693205746372138,0.4706275234383969,0.5020693983625252,0.3385625359206316,0.0,0.3683462564612967,0.46074147615224315,0.5048350895602346,0.12669084955825216,0.0,0.017785237666405548,0.4706748989209344,0.40971467137818873,0.4387263587702068,0.18425367017871314,0.4749447565123797,0.018384113811576026,0.4679925497340151,0.47131230038129807,0.0,0.5392499242118286,0.48252963531819465,0.4755965232993735,0.4703286505034079,0.0,0.4917583758101157,0.5244609839182841,0.517789209376949,0.5061681146154189,0.42189969156244056,0.4705519772228569,0.4977593092756098,0.4957133524072536,0.46775290386042717,0.47498868040166553,0.028843252734069867,0.46585665191812914
0.46554410438446775,0.42772107387271974,0.3202533244947912,0.19099599073753498,0.3971959832523949,0.354040388393316,0.4315913061615863,0.42440322890640436,0.3513349335093907,0.4597519262438052,0.3679741585879922,0.39992751072384697,0.4297858169042463,0.43179031569053716,0.3862879208855221,0.4435876370173285,0.26705921967843965,0.4374411635745133,0.3496022893070022,0.3631266735598584,0.42612349651876896,0.43038928694273393,0.328579174124142,0.4816572822620896,0.4197166002660553,0.4526324016406947,0.0,0.4310434460426678,0.37403781535539293,0.41304731232278713,0.4202699451333898,0.42542430249592394,0.38885233047417994,0.4455011855454692,0.4681906934794102,0.46629692753204827,0.45900268340666023,0.373303437393979,0.5134904763969923,0.45698692612669944,0.5292003319871398,0.5246896860132635,0.5056467483979462,0.10388024068439143,0.11683269813397956,0.09918527728008587,0.4766338091720319,0.5601281311238844,0.0,0.543929484269745,0.5293766439383653,0.5406349010420884,0.5022872072509187,0.5641417634681457,0.36509164197165944,0.5284490559107636,0.15371199456800302,0.5284884106638168,0.43547302644642394,0.5041092729275343,0.47865740032618254,0.018191635968138803,0.3244397854801669,0.5534203720999693,0.5073669814167745,0.490294445768253,0.4927721264366366,0.5316461979812382,0.039129856517082263,0.4236980617272612,0.49361328817840827,0.5242978190535404,0.5248733924760078,0.5144540825059278,0.5252250263331378,0.5230689711971825
0.47206663683706873,0.451737204827779,0.47111715528447135,0.30901323752578846,0.3980531889100405,0.3909554952519786,0.3800471876548589,0.4559591166258569,0.47544910541007784,0.423342715200478,0.4754456019043986,0.40259254990582843,0.3663485829275998,0.3607160926154032,0.4216626304912615,0.46648827340226917,0.42993564959212344,0.450351836421948,0.48401183887021365,0.41357268678479275,0.45417031996929796,0.45091285960573146,0.44040321948494543,0.41647761822026974,0.4388704021450215,0.43315027389838245,0.4310434460426678,0.0,0.3713607975763085,0.34309266622886947,0.3957253977777936,0.43939672998890705,0.39199281316113943,0.4044165120628324,0.397926730156434,0.3933757709330821,0.37085700615004014,0.37472978341346036,0.4936267663710896,0.3740408528589481,0.5112975138698714,0.44542863869410426,0.4978386149747974,0.02860400044345214,0.13435777738397678,0.018510328941169385,0.4736893266903563,0.5449142007657617,0.0,0.4267343681647508,0.5331290739075889,0.5392963478571191,0.5070678503146757,0.5372674344808497,0.2507211677309275,0.4733983683996774,0.23794849765653794,0.5334250323167339,0.046565449968369234,0.5052656583931936,0.39732671614443443,0.04503664190063967,0.2124444572013187,0.5051127246169225,0.5120357226297829,0.4615720447191765,0.4879004125364664,0.5348244512834325,0.04588729955805582,0.42503602045292,0.4761630546403634,0.5302434976005463,0.5322593967707256,0.5223617541667123,0.524078969853005,0.5292781337359184
0.46310044952959273,0.4327249941575666,0.39695304169682666,0.05664613693909477,0.40350686204380604,0.33431054871900856,0.44512510304785285,0.40887397638788325,0.4041260328942402,0.4375073468953748,0.06032893953988358,0.19539116553256963,0.4179925394713205,0.07055536801458034,0.41398258032141827,0.44829599686125876,0.37635317083742953,0.45106559125827494,0.15845975085947994,0.35878984716926116,0.4286794174545114,0.4131021955628429,0.403931687744968,0.45420749261004467,0.42954953400581003,0.4315725345785372,0.37403781535539293,0.3713607975763085,0.0,0.3831548271663943,0.39547590853175946,0.4272179805282104,0.3740395014088686,0.4393868657300916,0.4799434013962478,0.49205577706726866,0.4089288322824122,0.12288669205802523,0.5031215223354956,0.40821545266677245,0.5172264526334764,0.5119419381445202,0.48132893536772936,0.019440878579195485,0.04667400135388855,0.07939295052799974,0.4658381566072003,0.49331624143294384,0.0,0.27917596667878586,0.5109246350377104,0.5155866625877722,0.4891588356607426,0.5001985748290412,0.10488065603974313,0.23115459210476982,0.05571186626788492,0.5154559429371697,0.007524182147102247,0.4988027186336432,0.4696367178134225,0.026658955110958844,0.38163310085405844,0.3606295445001697,0.5005156320906363,0.48710522973922216,0.4862052706873492,0.5191018151916972,0.01577154701610781,0.4513082232557259,0.4755558097643531,0.5156521014148604,0.5180028692360312,0.5067498246967712,0.5183215189553603,0.5111524089991266
