6.600899999999999546e-01,5.841100000000000181e-01,6.181299999999999573e-01,6.228599999999999692e-01,6.243600000000000261e-01,6.032800000000000384e-01,6.137299999999999978e-01,6.278099999999999792e-01,6.081600000000000339e-01,6.093399999999999928e-01,6.229900000000000437e-01,6.034000000000000474e-01,6.109999999999999876e-01,5.930199999999999916e-01,5.837099999999999511e-01,5.912699999999999623e-01,5.942600000000000104e-01,6.122800000000000464e-01,6.085700000000000554e-01,5.725700000000000234e-01,6.437199999999999589e-01,5.812100000000000044e-01,5.930900000000000061e-01,6.373699999999999921e-01,6.041800000000000503e-01,6.114899999999999780e-01,5.884800000000000031e-01,6.169599999999999529e-01,5.932899999999999840e-01,5.847099999999999520e-01,6.044500000000000428e-01,6.320799999999999752e-01,6.551700000000000301e-01,6.627699999999999703e-01,6.383100000000000440e-01,5.965700000000000447e-01,6.325300000000000367e-01,6.179200000000000248e-01,6.502900000000000347e-01,6.504499999999999726e-01,6.469099999999999850e-01,6.514400000000000190e-01,6.213800000000000434e-01,6.593599999999999461e-01,6.510399999999999521e-01,6.551099999999999701e-01,6.138299999999999867e-01,5.954399999999999693e-01,6.579500000000000348e-01,6.262799999999999478e-01,6.047200000000000353e-01,6.323299999999999477e-01,6.230799999999999672e-01,6.184100000000000152e-01,6.258299999999999974e-01,6.253900000000000015e-01,6.162400000000000100e-01,6.234399999999999942e-01,6.006299999999999972e-01,6.012499999999999512e-01,6.389299999999999979e-01,5.787900000000000267e-01,6.208299999999999930e-01,5.983800000000000230e-01,5.939200000000000035e-01,6.586300000000000487e-01,5.976000000000000201e-01,6.102699999999999791e-01,6.134300000000000308e-01,6.121999999999999664e-01,6.108999999999999986e-01,6.027799999999999825e-01,6.087900000000000533e-01,6.124300000000000299e-01,6.072199999999999820e-01,6.088400000000000478e-01
5.841100000000000181e-01,5.687900000000000178e-01,5.792699999999999516e-01,5.899699999999999944e-01,5.741199999999999637e-01,5.642500000000000293e-01,5.840600000000000236e-01,5.719199999999999839e-01,5.727299999999999613e-01,5.777400000000000313e-01,5.756599999999999495e-01,5.518300000000000427e-01,5.794599999999999751e-01,5.710899999999999865e-01,0.000000000000000000e+00,5.722399999999999709e-01,5.789800000000000502e-01,5.882500000000000506e-01,5.646499999999999853e-01,5.524599999999999511e-01,5.806299999999999795e-01,5.575999999999999845e-01,5.575799999999999645e-01,5.682700000000000529e-01,5.773700000000000498e-01,5.716900000000000315e-01,5.584400000000000475e-01,5.818999999999999728e-01,5.662800000000000056e-01,5.695299999999999807e-01,5.707499999999999796e-01,5.804000000000000270e-01,5.999999999999999778e-01,5.967700000000000227e-01,5.874000000000000332e-01,5.685599999999999543e-01,5.897400000000000420e-01,5.744899999999999451e-01,5.955599999999999783e-01,5.940199999999999925e-01,5.845200000000000395e-01,6.021800000000000486e-01,5.846500000000000030e-01,5.884399999999999631e-01,5.865599999999999703e-01,5.815799999999999859e-01,5.799800000000000511e-01,5.624500000000000055e-01,5.953899999999999748e-01,5.856900000000000439e-01,5.677900000000000169e-01,5.944000000000000394e-01,5.712199999999999500e-01,5.789199999999999902e-01,5.895099999999999785e-01,5.850400000000000045e-01,5.520800000000000152e-01,5.890900000000000025e-01,5.777600000000000513e-01,5.493599999999999595e-01,5.964599999999999902e-01,5.589800000000000324e-01,5.832899999999999752e-01,5.600399999999999823e-01,5.621899999999999675e-01,5.879100000000000437e-01,5.712199999999999500e-01,5.737700000000000022e-01,5.592899999999999539e-01,5.843000000000000416e-01,5.712399999999999700e-01,5.694700000000000317e-01,5.789499999999999647e-01,5.753800000000000026e-01,5.705400000000000471e-01,5.759999999999999565e-01
6.181299999999999573e-01,5.792699999999999516e-01,6.036200000000000454e-01,6.150700000000000056e-01,5.999299999999999633e-01,5.841800000000000326e-01,5.998900000000000343e-01,5.947299999999999809e-01,5.920400000000000107e-01,5.881999999999999451e-01,5.951499999999999568e-01,5.720199999999999729e-01,5.968099999999999516e-01,5.886799999999999811e-01,5.547699999999999854e-01,5.803199999999999470e-01,5.847499999999999920e-01,6.031100000000000350e-01,5.853599999999999914e-01,5.667600000000000415e-01,6.072400000000000020e-01,5.689899999999999958e-01,5.725599999999999579e-01,5.968700000000000117e-01,5.909600000000000408e-01,5.904000000000000359e-01,5.751199999999999646e-01,5.995599999999999818e-01,5.796700000000000186e-01,5.786099999999999577e-01,5.902199999999999669e-01,5.980400000000000160e-01,6.331999999999999851e-01,6.378599999999999826e-01,6.144899999999999807e-01,5.865599999999999703e-01,6.110100000000000531e-01,5.919299999999999562e-01,6.170499999999999874e-01,6.289900000000000491e-01,6.193300000000000471e-01,6.298000000000000265e-01,5.966500000000000137e-01,6.144800000000000262e-01,6.172100000000000364e-01,6.115399999999999725e-01,5.931800000000000406e-01,5.837499999999999911e-01,6.282600000000000406e-01,6.032399999999999984e-01,5.852600000000000025e-01,6.124699999999999589e-01,5.909999999999999698e-01,6.023699999999999610e-01,6.041499999999999648e-01,6.045300000000000118e-01,5.774500000000000188e-01,6.076500000000000234e-01,5.877700000000000147e-01,5.709400000000000031e-01,6.169599999999999529e-01,5.609699999999999687e-01,6.038700000000000179e-01,5.807900000000000285e-01,5.776700000000000168e-01,6.190099999999999492e-01,5.872699999999999587e-01,5.889100000000000446e-01,5.886900000000000466e-01,6.006599999999999717e-01,5.904000000000000359e-01,5.867900000000000338e-01,5.944300000000000139e-01,5.961699999999999777e-01,5.825200000000000378e-01,5.951600000000000223e-01
6.228599999999999692e-01,5.899699999999999944e-01,6.150700000000000056e-01,6.116399999999999615e-01,6.119900000000000340e-01,5.937500000000000000e-01,6.123300000000000409e-01,6.149599999999999511e-01,6.026899999999999480e-01,6.091600000000000348e-01,6.086700000000000443e-01,5.864500000000000268e-01,6.120499999999999829e-01,5.897599999999999509e-01,5.569100000000000161e-01,5.959999999999999742e-01,5.995599999999999818e-01,6.163100000000000245e-01,5.947099999999999609e-01,5.726099999999999524e-01,6.238299999999999956e-01,5.821600000000000108e-01,5.832500000000000462e-01,6.069299999999999695e-01,6.035599999999999854e-01,6.017400000000000526e-01,5.868100000000000538e-01,6.151499999999999746e-01,5.903500000000000414e-01,5.863899999999999668e-01,5.979600000000000470e-01,6.174300000000000344e-01,6.470799999999999885e-01,6.478699999999999459e-01,6.279599999999999627e-01,5.891699999999999715e-01,6.231100000000000527e-01,6.109999999999999876e-01,6.310499999999999998e-01,6.373199999999999976e-01,6.219999999999999973e-01,6.371200000000000196e-01,6.174399999999999888e-01,6.439700000000000424e-01,6.342799999999999550e-01,6.212600000000000344e-01,6.091400000000000148e-01,5.880600000000000271e-01,6.426899999999999835e-01,6.180200000000000138e-01,5.914599999999999858e-01,6.273400000000000087e-01,6.142400000000000082e-01,6.090999999999999748e-01,6.274100000000000232e-01,6.209200000000000275e-01,5.908099999999999463e-01,6.183499999999999552e-01,6.006899999999999462e-01,5.825599999999999667e-01,6.365600000000000147e-01,5.862899999999999778e-01,6.148500000000000076e-01,5.897999999999999909e-01,5.885899999999999466e-01,6.372100000000000541e-01,5.984199999999999520e-01,6.007799999999999807e-01,5.963100000000000067e-01,6.137899999999999467e-01,6.041400000000000103e-01,5.948900000000000299e-01,6.078700000000000214e-01,6.058299999999999796e-01,5.984399999999999720e-01,6.080299999999999594e-01
6.243600000000000261e-01,5.741199999999999637e-01,5.999299999999999633e-01,6.119900000000000340e-01,6.086799999999999988e-01,5.800400000000000000e-01,6.037099999999999689e-01,6.042999999999999483e-01,5.898299999999999654e-01,6.008900000000000352e-01,6.067200000000000371e-01,5.797499999999999876e-01,5.966399999999999482e-01,5.928200000000000136e-01,5.497199999999999864e-01,5.835000000000000187e-01,5.827599999999999447e-01,6.015800000000000036e-01,5.893899999999999695e-01,5.614999999999999991e-01,6.198399999999999466e-01,5.674200000000000355e-01,5.723599999999999799e-01,5.989400000000000279e-01,5.915000000000000258e-01,5.879799999999999471e-01,5.710199999999999720e-01,6.017900000000000471e-01,5.795599999999999641e-01,5.740300000000000402e-01,5.864300000000000068e-01,6.089700000000000113e-01,6.344600000000000239e-01,6.356800000000000228e-01,6.178299999999999903e-01,5.958799999999999653e-01,6.179099999999999593e-01,5.953500000000000458e-01,6.240200000000000191e-01,6.340299999999999825e-01,6.182800000000000518e-01,6.274499999999999522e-01,6.073100000000000165e-01,6.348099999999999854e-01,6.220799999999999663e-01,6.257399999999999629e-01,5.947400000000000464e-01,5.793199999999999461e-01,6.323699999999999877e-01,6.166500000000000314e-01,5.836999999999999966e-01,6.175199999999999578e-01,6.024599999999999955e-01,5.997700000000000253e-01,6.220799999999999663e-01,6.126200000000000534e-01,5.840400000000000036e-01,6.057000000000000162e-01,5.917200000000000237e-01,5.676200000000000134e-01,6.198900000000000521e-01,5.772000000000000464e-01,6.040699999999999958e-01,5.779900000000000038e-01,5.775200000000000333e-01,6.292999999999999705e-01,5.832899999999999752e-01,5.886299999999999866e-01,5.840199999999999836e-01,6.013600000000000056e-01,5.914700000000000513e-01,5.830199999999999827e-01,5.959499999999999797e-01,5.931199999999999806e-01,5.902500000000000524e-01,5.957599999999999563e-01
6.032800000000000384e-01,5.642500000000000293e-01,5.841800000000000326e-01,5.937500000000000000e-01,5.800400000000000000e-01,5.710899999999999865e-01,5.868499999999999828e-01,5.857799999999999674e-01,5.781100000000000128e-01,5.746400000000000396e-01,5.830699999999999772e-01,5.559199999999999697e-01,5.803199999999999470e-01,5.747700000000000031e-01,5.414600000000000524e-01,5.714700000000000335e-01,5.681199999999999584e-01,5.918700000000000072e-01,5.728600000000000358e-01,5.557400000000000118e-01,5.857900000000000329e-01,5.599100000000000188e-01,5.626700000000000035e-01,5.824700000000000433e-01,5.790399999999999991e-01,5.786700000000000177e-01,5.660199999999999676e-01,5.860300000000000509e-01,5.694599999999999662e-01,5.635999999999999899e-01,5.756999999999999895e-01,5.889299999999999535e-01,6.145500000000000407e-01,6.177300000000000013e-01,5.964599999999999902e-01,5.746200000000000196e-01,5.977900000000000436e-01,5.793099999999999916e-01,6.024699999999999500e-01,6.146300000000000097e-01,6.007799999999999807e-01,6.065599999999999881e-01,5.906700000000000284e-01,6.071199999999999930e-01,6.101499999999999702e-01,6.055099999999999927e-01,5.814899999999999514e-01,5.656600000000000517e-01,6.145399999999999752e-01,5.885500000000000176e-01,5.730399999999999938e-01,5.989499999999999824e-01,5.799100000000000366e-01,5.883000000000000451e-01,5.886200000000000321e-01,5.891600000000000170e-01,5.609300000000000397e-01,5.914700000000000513e-01,5.796000000000000041e-01,5.587600000000000344e-01,6.024000000000000465e-01,5.540699999999999514e-01,5.910499999999999643e-01,5.674299999999999899e-01,5.709899999999999975e-01,5.965799999999999992e-01,5.755599999999999605e-01,5.783099999999999907e-01,5.748299999999999521e-01,5.860699999999999799e-01,5.784799999999999942e-01,5.737900000000000222e-01,5.824000000000000288e-01,5.853000000000000425e-01,5.764599999999999724e-01,5.768799999999999484e-01
6.137299999999999978e-01,5.840600000000000236e-01,5.998900000000000343e-01,6.123300000000000409e-01,6.037099999999999689e-01,5.868499999999999828e-01,6.066700000000000426e-01,6.035800000000000054e-01,5.973399999999999821e-01,6.018400000000000416e-01,6.040999999999999703e-01,5.739499999999999602e-01,6.008299999999999752e-01,5.926200000000000356e-01,5.461899999999999533e-01,5.864300000000000068e-01,5.960800000000000542e-01,6.088900000000000423e-01,5.887400000000000411e-01,5.674099999999999699e-01,6.107000000000000206e-01,5.741399999999999837e-01,5.730800000000000338e-01,5.924500000000000322e-01,5.972399999999999931e-01,5.909600000000000408e-01,5.740100000000000202e-01,6.045899999999999608e-01,5.836400000000000476e-01,5.858100000000000529e-01,5.899199999999999999e-01,6.080600000000000449e-01,6.265100000000000113e-01,6.298899999999999499e-01,6.147399999999999531e-01,5.927599999999999536e-01,6.187300000000000022e-01,5.901600000000000179e-01,6.260400000000000409e-01,6.324100000000000277e-01,6.162400000000000100e-01,6.287199999999999456e-01,6.121100000000000430e-01,6.264300000000000423e-01,6.208500000000000130e-01,6.135099999999999998e-01,5.973300000000000276e-01,5.782699999999999507e-01,6.270499999999999963e-01,6.118700000000000250e-01,5.863199999999999523e-01,6.200299999999999701e-01,5.944599999999999884e-01,6.026899999999999480e-01,6.207799999999999985e-01,6.109099999999999531e-01,5.768600000000000394e-01,6.140700000000000047e-01,5.946599999999999664e-01,5.636900000000000244e-01,6.232799999999999452e-01,5.800999999999999490e-01,6.079599999999999449e-01,5.778999999999999693e-01,5.802899999999999725e-01,6.195000000000000506e-01,5.887299999999999756e-01,5.905799999999999939e-01,5.823899999999999633e-01,6.046700000000000408e-01,5.906500000000000083e-01,5.867099999999999538e-01,6.005200000000000538e-01,5.975899999999999546e-01,5.904800000000000049e-01,5.959900000000000198e-01
6.278099999999999792e-01,5.719199999999999839e-01,5.947299999999999809e-01,6.149599999999999511e-01,6.042999999999999483e-01,5.857799999999999674e-01,6.035800000000000054e-01,6.116399999999999615e-01,5.931899999999999951e-01,5.992600000000000149e-01,6.033899999999999819e-01,5.798299999999999566e-01,6.019200000000000106e-01,5.883300000000000196e-01,5.527999999999999581e-01,5.900300000000000544e-01,5.906700000000000284e-01,6.037000000000000144e-01,5.874200000000000532e-01,5.691199999999999593e-01,6.167500000000000204e-01,5.732300000000000173e-01,5.785000000000000142e-01,6.010900000000000132e-01,5.964000000000000412e-01,5.980799999999999450e-01,5.792100000000000026e-01,6.067099999999999715e-01,5.832600000000000007e-01,5.740199999999999747e-01,5.948700000000000099e-01,6.138299999999999867e-01,6.428800000000000070e-01,6.427500000000000435e-01,6.165899999999999714e-01,5.948600000000000554e-01,6.178200000000000358e-01,6.026899999999999480e-01,6.316000000000000503e-01,6.410200000000000342e-01,6.263499999999999623e-01,6.347800000000000109e-01,6.053699999999999637e-01,6.368099999999999872e-01,6.363400000000000167e-01,6.216599999999999904e-01,6.036200000000000454e-01,5.769900000000000029e-01,6.411000000000000032e-01,6.129099999999999548e-01,5.834899999999999531e-01,6.200799999999999645e-01,6.087099999999999733e-01,6.012300000000000422e-01,6.194499999999999451e-01,6.121100000000000430e-01,5.866000000000000103e-01,6.148599999999999621e-01,5.939699999999999980e-01,5.745599999999999596e-01,6.261700000000000044e-01,5.802199999999999580e-01,6.133100000000000218e-01,5.830300000000000482e-01,5.845099999999999740e-01,6.264300000000000423e-01,5.905700000000000394e-01,5.972399999999999931e-01,5.832899999999999752e-01,6.058299999999999796e-01,5.977599999999999580e-01,5.889999999999999680e-01,6.028999999999999915e-01,6.008299999999999752e-01,5.937700000000000200e-01,6.021499999999999631e-01
6.081600000000000339e-01,5.727299999999999613e-01,5.920400000000000107e-01,6.026899999999999480e-01,5.898299999999999654e-01,5.781100000000000128e-01,5.973399999999999821e-01,5.931899999999999951e-01,5.862500000000000488e-01,5.863800000000000123e-01,5.920999999999999597e-01,5.638499999999999623e-01,5.901800000000000379e-01,5.845099999999999740e-01,5.446900000000000075e-01,5.786999999999999922e-01,5.774299999999999988e-01,6.002800000000000358e-01,5.780100000000000238e-01,5.628199999999999870e-01,5.966000000000000192e-01,5.680600000000000094e-01,5.672700000000000520e-01,5.855399999999999494e-01,5.889499999999999735e-01,5.854399999999999604e-01,5.712000000000000410e-01,5.943899999999999739e-01,5.764000000000000234e-01,5.714000000000000190e-01,5.811399999999999899e-01,5.963199999999999612e-01,6.226699999999999458e-01,6.288799999999999946e-01,6.072899999999999965e-01,5.866400000000000503e-01,6.096200000000000507e-01,5.847499999999999920e-01,6.077399999999999469e-01,6.264800000000000368e-01,6.057200000000000362e-01,6.106899999999999551e-01,5.985800000000000010e-01,6.166399999999999659e-01,6.145399999999999752e-01,6.101100000000000412e-01,5.884800000000000031e-01,5.725799999999999779e-01,6.234899999999999887e-01,6.001600000000000268e-01,5.795099999999999696e-01,6.077299999999999924e-01,5.850600000000000245e-01,5.971100000000000296e-01,6.017000000000000126e-01,5.988999999999999879e-01,5.664500000000000091e-01,5.996299999999999963e-01,5.850300000000000500e-01,5.621399999999999730e-01,6.130499999999999838e-01,5.679400000000000004e-01,5.996299999999999963e-01,5.732000000000000428e-01,5.782500000000000417e-01,6.043199999999999683e-01,5.844300000000000050e-01,5.828400000000000247e-01,5.781800000000000272e-01,5.934099999999999930e-01,5.844700000000000450e-01,5.813099999999999934e-01,5.913500000000000423e-01,5.928499999999999881e-01,5.819900000000000073e-01,5.847200000000000175e-01
6.093399999999999928e-01,5.777400000000000313e-01,5.881999999999999451e-01,6.091600000000000348e-01,6.008900000000000352e-01,5.746299999999999741e-01,6.018400000000000416e-01,5.992600000000000149e-01,5.863899999999999668e-01,5.947500000000000009e-01,5.974000000000000421e-01,5.695799999999999752e-01,5.926700000000000301e-01,5.938299999999999690e-01,5.432099999999999707e-01,5.824500000000000233e-01,5.846700000000000230e-01,5.992300000000000404e-01,5.779800000000000493e-01,5.615599999999999481e-01,6.061999999999999611e-01,5.671500000000000430e-01,5.682099999999999929e-01,5.826999999999999957e-01,5.916099999999999692e-01,5.860400000000000054e-01,5.669600000000000195e-01,5.968700000000000117e-01,5.775200000000000333e-01,5.743300000000000072e-01,5.804799999999999960e-01,6.010100000000000442e-01,6.187599999999999767e-01,6.207599999999999785e-01,6.053500000000000547e-01,5.954300000000000148e-01,6.123600000000000154e-01,5.846200000000000285e-01,6.145899999999999697e-01,6.250099999999999545e-01,6.043300000000000338e-01,6.156199999999999450e-01,6.038200000000000234e-01,6.198700000000000321e-01,6.124800000000000244e-01,6.114100000000000090e-01,5.909999999999999698e-01,5.723099999999999854e-01,6.204399999999999915e-01,6.124800000000000244e-01,5.789199999999999902e-01,6.136700000000000488e-01,5.900800000000000489e-01,5.947099999999999609e-01,6.165800000000000169e-01,6.058700000000000196e-01,5.679499999999999549e-01,6.036599999999999744e-01,5.920900000000000052e-01,5.587400000000000144e-01,6.158200000000000340e-01,5.778600000000000403e-01,6.003100000000000103e-01,5.725099999999999634e-01,5.755799999999999805e-01,6.137799999999999923e-01,5.833300000000000152e-01,5.846900000000000430e-01,5.680199999999999694e-01,5.996299999999999963e-01,5.861300000000000399e-01,5.783700000000000507e-01,5.950600000000000334e-01,5.896500000000000075e-01,5.849100000000000410e-01,5.914899999999999602e-01
6.229900000000000437e-01,5.756599999999999495e-01,5.951499999999999568e-01,6.086700000000000443e-01,6.067200000000000371e-01,5.830699999999999772e-01,6.040999999999999703e-01,6.033899999999999819e-01,5.920999999999999597e-01,5.974000000000000421e-01,6.030699999999999950e-01,5.749100000000000321e-01,5.957500000000000018e-01,5.953100000000000058e-01,5.504499999999999948e-01,5.822899999999999743e-01,5.822000000000000508e-01,6.032800000000000384e-01,5.865099999999999758e-01,5.651300000000000212e-01,6.135300000000000198e-01,5.688900000000000068e-01,5.734399999999999498e-01,5.957599999999999563e-01,5.925300000000000011e-01,5.890199999999999880e-01,5.749499999999999611e-01,6.018200000000000216e-01,5.815000000000000169e-01,5.752599999999999936e-01,5.856000000000000094e-01,6.081800000000000539e-01,6.315600000000000103e-01,6.331900000000000306e-01,6.136399999999999633e-01,5.978099999999999525e-01,6.159000000000000030e-01,5.938900000000000290e-01,6.196500000000000341e-01,6.319200000000000372e-01,6.133899999999999908e-01,6.201499999999999790e-01,6.099599999999999467e-01,6.307599999999999874e-01,6.236800000000000122e-01,6.251200000000000090e-01,5.981499999999999595e-01,5.789999999999999591e-01,6.333999999999999631e-01,6.147000000000000242e-01,5.846000000000000085e-01,6.176000000000000378e-01,5.979400000000000270e-01,6.017099999999999671e-01,6.160299999999999665e-01,6.103399999999999936e-01,5.803899999999999615e-01,6.055300000000000127e-01,5.950600000000000334e-01,5.684399999999999453e-01,6.187099999999999822e-01,5.755700000000000260e-01,6.050999999999999712e-01,5.799100000000000366e-01,5.825000000000000178e-01,6.226000000000000423e-01,5.873199999999999532e-01,5.910699999999999843e-01,5.830100000000000282e-01,6.023500000000000520e-01,5.908600000000000518e-01,5.852100000000000080e-01,5.974399999999999711e-01,5.952300000000000368e-01,5.920999999999999597e-01,5.927799999999999736e-01
6.034000000000000474e-01,5.518300000000000427e-01,5.720199999999999729e-01,5.864500000000000268e-01,5.797499999999999876e-01,5.559199999999999697e-01,5.739499999999999602e-01,5.798299999999999566e-01,5.638499999999999623e-01,5.695799999999999752e-01,5.749100000000000321e-01,5.623399999999999510e-01,5.694599999999999662e-01,5.669399999999999995e-01,5.481899999999999551e-01,5.580000000000000515e-01,5.595200000000000173e-01,5.723700000000000454e-01,5.618800000000000461e-01,5.395600000000000396e-01,5.914500000000000313e-01,5.456800000000000539e-01,5.550100000000000033e-01,5.798900000000000166e-01,5.644799999999999818e-01,5.692700000000000538e-01,5.493200000000000305e-01,5.729400000000000048e-01,5.531599999999999850e-01,5.528899999999999926e-01,5.625999999999999890e-01,5.761500000000000510e-01,5.995099999999999874e-01,5.975800000000000001e-01,5.827400000000000357e-01,5.664900000000000491e-01,5.828799999999999537e-01,5.705099999999999616e-01,5.906400000000000539e-01,6.000600000000000378e-01,5.939799999999999525e-01,6.010299999999999532e-01,5.720699999999999674e-01,5.961100000000000287e-01,5.940299999999999470e-01,5.997099999999999653e-01,5.667299999999999560e-01,5.541300000000000114e-01,6.011400000000000077e-01,5.829600000000000337e-01,5.570399999999999796e-01,5.868999999999999773e-01,5.715200000000000280e-01,5.713500000000000245e-01,5.835099999999999731e-01,5.804099999999999815e-01,5.700499999999999456e-01,5.795000000000000151e-01,5.657400000000000206e-01,5.570199999999999596e-01,5.833199999999999497e-01,5.523400000000000531e-01,5.748699999999999921e-01,5.563900000000000512e-01,5.524200000000000221e-01,5.978299999999999725e-01,5.594799999999999773e-01,5.682099999999999929e-01,5.609199999999999742e-01,5.725200000000000289e-01,5.709300000000000486e-01,5.586799999999999544e-01,5.708299999999999486e-01,5.674299999999999899e-01,5.627900000000000125e-01,5.733899999999999553e-01
6.109999999999999876e-01,5.794599999999999751e-01,5.968099999999999516e-01,6.120499999999999829e-01,5.966399999999999482e-01,5.803199999999999470e-01,6.008299999999999752e-01,6.019200000000000106e-01,5.901800000000000379e-01,5.926700000000000301e-01,5.957500000000000018e-01,5.694599999999999662e-01,5.963100000000000067e-01,5.888299999999999645e-01,5.460800000000000098e-01,5.855700000000000349e-01,5.908499999999999863e-01,6.063300000000000356e-01,5.844500000000000250e-01,5.649899999999999922e-01,6.068400000000000460e-01,5.704099999999999726e-01,5.706499999999999906e-01,5.869600000000000373e-01,5.934000000000000385e-01,5.884800000000000031e-01,5.723399999999999599e-01,6.008999999999999897e-01,5.793500000000000316e-01,5.781300000000000328e-01,5.878400000000000292e-01,6.028799999999999715e-01,6.259200000000000319e-01,6.267700000000000493e-01,6.081499999999999684e-01,5.890900000000000025e-01,6.114300000000000290e-01,5.884700000000000486e-01,6.194699999999999651e-01,6.254499999999999504e-01,6.098999999999999977e-01,6.231499999999999817e-01,6.040999999999999703e-01,6.175100000000000033e-01,6.177300000000000013e-01,6.081600000000000339e-01,5.939299999999999580e-01,5.764299999999999979e-01,6.259400000000000519e-01,6.041900000000000048e-01,5.802100000000000035e-01,6.146300000000000097e-01,5.917299999999999782e-01,5.967200000000000282e-01,6.115599999999999925e-01,6.037799999999999834e-01,5.728999999999999648e-01,6.092100000000000293e-01,5.924899999999999611e-01,5.645200000000000218e-01,6.157000000000000250e-01,5.737999999999999767e-01,6.034199999999999564e-01,5.741800000000000237e-01,5.765000000000000124e-01,6.140999999999999792e-01,5.858900000000000219e-01,5.873599999999999932e-01,5.764099999999999779e-01,6.011199999999999877e-01,5.884099999999999886e-01,5.834899999999999531e-01,5.971800000000000441e-01,5.934800000000000075e-01,5.844000000000000306e-01,5.934300000000000130e-01
5.930199999999999916e-01,5.710899999999999865e-01,5.886799999999999811e-01,5.897599999999999509e-01,5.928200000000000136e-01,5.747700000000000031e-01,5.926200000000000356e-01,5.883300000000000196e-01,5.845099999999999740e-01,5.938299999999999690e-01,5.953100000000000058e-01,5.669399999999999995e-01,5.888299999999999645e-01,5.745000000000000107e-01,0.000000000000000000e+00,5.743800000000000017e-01,5.800400000000000000e-01,5.925000000000000266e-01,5.813199999999999479e-01,5.569600000000000106e-01,5.976900000000000546e-01,5.619699999999999696e-01,5.624099999999999655e-01,5.839600000000000346e-01,5.822399999999999798e-01,5.755599999999999605e-01,5.637999999999999678e-01,5.937099999999999600e-01,5.724500000000000144e-01,5.710100000000000176e-01,5.734200000000000408e-01,5.925000000000000266e-01,6.096200000000000507e-01,6.073699999999999655e-01,6.008099999999999552e-01,5.765000000000000124e-01,6.009900000000000242e-01,5.848900000000000210e-01,6.046000000000000263e-01,6.048499999999999988e-01,5.927499999999999991e-01,6.070200000000000040e-01,5.990199999999999969e-01,6.148400000000000531e-01,6.057399999999999451e-01,5.936599999999999655e-01,5.893100000000000005e-01,5.720600000000000129e-01,6.102199999999999847e-01,5.986700000000000355e-01,5.758900000000000130e-01,6.049299999999999677e-01,5.872600000000000042e-01,5.912699999999999623e-01,6.101199999999999957e-01,6.028499999999999970e-01,5.719499999999999584e-01,5.970900000000000096e-01,5.832100000000000062e-01,5.550699999999999523e-01,6.092199999999999838e-01,5.684500000000000108e-01,5.937599999999999545e-01,5.748900000000000121e-01,5.693200000000000482e-01,6.058799999999999741e-01,5.759300000000000530e-01,5.782800000000000162e-01,5.724099999999999744e-01,5.924199999999999466e-01,5.775900000000000478e-01,5.748499999999999721e-01,5.851699999999999680e-01,5.828100000000000502e-01,5.806700000000000195e-01,5.816099999999999604e-01
5.837099999999999511e-01,0.000000000000000000e+00,5.547699999999999854e-01,5.569100000000000161e-01,5.497199999999999864e-01,5.414600000000000524e-01,5.461899999999999533e-01,5.527999999999999581e-01,5.446900000000000075e-01,5.432099999999999707e-01,5.504499999999999948e-01,5.482000000000000206e-01,5.460800000000000098e-01,0.000000000000000000e+00,5.421899999999999498e-01,5.403099999999999570e-01,0.000000000000000000e+00,5.495299999999999629e-01,5.408899999999999819e-01,0.000000000000000000e+00,5.673200000000000465e-01,0.000000000000000000e+00,0.000000000000000000e+00,5.719300000000000495e-01,5.443200000000000260e-01,5.536400000000000210e-01,0.000000000000000000e+00,5.487199999999999855e-01,0.000000000000000000e+00,0.000000000000000000e+00,5.421099999999999808e-01,5.487499999999999600e-01,5.714099999999999735e-01,5.731500000000000483e-01,5.552200000000000468e-01,0.000000000000000000e+00,5.519399999999999862e-01,5.514200000000000212e-01,5.622200000000000530e-01,5.647799999999999487e-01,5.685900000000000398e-01,5.707699999999999996e-01,5.450099999999999945e-01,5.570300000000000251e-01,5.767400000000000304e-01,5.776400000000000423e-01,5.497199999999999864e-01,5.412400000000000544e-01,5.707600000000000451e-01,5.526100000000000456e-01,5.416199999999999903e-01,5.586900000000000199e-01,5.586499999999999799e-01,5.490599999999999925e-01,5.522000000000000242e-01,5.537300000000000555e-01,5.598899999999999988e-01,5.491000000000000325e-01,5.399199999999999555e-01,5.511500000000000288e-01,5.644200000000000328e-01,0.000000000000000000e+00,5.517100000000000337e-01,5.426900000000000057e-01,0.000000000000000000e+00,5.724500000000000144e-01,5.408300000000000329e-01,5.496299999999999519e-01,5.578400000000000025e-01,5.483400000000000496e-01,5.537800000000000500e-01,5.420000000000000373e-01,5.443400000000000460e-01,5.465799999999999548e-01,5.425499999999999767e-01,5.470000000000000417e-01
5.912699999999999623e-01,5.722399999999999709e-01,5.803199999999999470e-01,5.959999999999999742e-01,5.835000000000000187e-01,5.714700000000000335e-01,5.864200000000000523e-01,5.900300000000000544e-01,5.786999999999999922e-01,5.824500000000000233e-01,5.822899999999999743e-01,5.580000000000000515e-01,5.855700000000000349e-01,5.743800000000000017e-01,5.403099999999999570e-01,5.759400000000000075e-01,5.704599999999999671e-01,5.899100000000000454e-01,5.681100000000000039e-01,5.598400000000000043e-01,5.904800000000000049e-01,5.631199999999999539e-01,5.635299999999999754e-01,5.770199999999999774e-01,5.821600000000000108e-01,5.805700000000000305e-01,5.638699999999999823e-01,5.899999999999999689e-01,5.733399999999999608e-01,5.722099999999999964e-01,5.755400000000000515e-01,5.930600000000000316e-01,6.148099999999999676e-01,6.115099999999999980e-01,5.940199999999999925e-01,5.735500000000000043e-01,5.971800000000000441e-01,5.774000000000000243e-01,6.043600000000000083e-01,6.034199999999999564e-01,5.911100000000000243e-01,6.029099999999999460e-01,5.873899999999999677e-01,6.062400000000000011e-01,6.010600000000000387e-01,5.873199999999999532e-01,5.817900000000000293e-01,5.649300000000000432e-01,6.125000000000000444e-01,5.915799999999999947e-01,5.700199999999999712e-01,5.992499999999999494e-01,5.852500000000000480e-01,5.843800000000000106e-01,5.969700000000000006e-01,5.907900000000000373e-01,5.606799999999999562e-01,5.916299999999999892e-01,5.805599999999999650e-01,5.600100000000000078e-01,6.082300000000000484e-01,5.617499999999999716e-01,5.884700000000000486e-01,5.672099999999999920e-01,5.700899999999999856e-01,5.978599999999999470e-01,5.763200000000000545e-01,5.771100000000000119e-01,5.664900000000000491e-01,5.878999999999999782e-01,5.775900000000000478e-01,5.744500000000000162e-01,5.826000000000000068e-01,5.824899999999999523e-01,5.691800000000000193e-01,5.806599999999999540e-01
5.942600000000000104e-01,5.789800000000000502e-01,5.847499999999999920e-01,5.995599999999999818e-01,5.827599999999999447e-01,5.681199999999999584e-01,5.960800000000000542e-01,5.906700000000000284e-01,5.774200000000000443e-01,5.846700000000000230e-01,5.822000000000000508e-01,5.595200000000000173e-01,5.908499999999999863e-01,5.800400000000000000e-01,0.000000000000000000e+00,5.704599999999999671e-01,5.764000000000000234e-01,5.950400000000000134e-01,5.692599999999999882e-01,5.575200000000000156e-01,5.952699999999999658e-01,5.623099999999999765e-01,5.600199999999999623e-01,5.707799999999999541e-01,5.880699999999999816e-01,5.787799999999999612e-01,5.629100000000000215e-01,5.933699999999999530e-01,5.711399999999999810e-01,5.764299999999999979e-01,5.748900000000000121e-01,5.914199999999999458e-01,6.016799999999999926e-01,6.049999999999999822e-01,5.977099999999999635e-01,5.808499999999999774e-01,5.985800000000000010e-01,5.723500000000000254e-01,5.969200000000000061e-01,6.075099999999999945e-01,5.918900000000000272e-01,6.028099999999999570e-01,5.932899999999999840e-01,5.942100000000000160e-01,6.047400000000000553e-01,5.890499999999999625e-01,5.853899999999999659e-01,5.688199999999999923e-01,6.063199999999999701e-01,5.950199999999999934e-01,5.724099999999999744e-01,6.041499999999999648e-01,5.763599999999999834e-01,5.873399999999999732e-01,6.019499999999999851e-01,5.937000000000000055e-01,5.552399999999999558e-01,5.995500000000000274e-01,5.842899999999999761e-01,5.535400000000000320e-01,6.043300000000000338e-01,5.725200000000000289e-01,5.917299999999999782e-01,5.654599999999999627e-01,5.684900000000000508e-01,5.944300000000000139e-01,5.793099999999999916e-01,5.786999999999999922e-01,5.638300000000000534e-01,5.906400000000000539e-01,5.773800000000000043e-01,5.779900000000000038e-01,5.893500000000000405e-01,5.824599999999999778e-01,5.812899999999999734e-01,5.829100000000000392e-01
6.122800000000000464e-01,5.882500000000000506e-01,6.031199999999999894e-01,6.163100000000000245e-01,6.015800000000000036e-01,5.918700000000000072e-01,6.088900000000000423e-01,6.037000000000000144e-01,6.002800000000000358e-01,5.992300000000000404e-01,6.032800000000000384e-01,5.723700000000000454e-01,6.063300000000000356e-01,5.925000000000000266e-01,5.495299999999999629e-01,5.899100000000000454e-01,5.950299999999999478e-01,6.159900000000000375e-01,5.892699999999999605e-01,5.737700000000000022e-01,6.045399999999999663e-01,5.795000000000000151e-01,5.774599999999999733e-01,5.936500000000000110e-01,6.001499999999999613e-01,5.946799999999999864e-01,5.804399999999999560e-01,6.096000000000000307e-01,5.892800000000000260e-01,5.905799999999999939e-01,5.925200000000000466e-01,6.088099999999999623e-01,6.270999999999999908e-01,6.290799999999999725e-01,6.134600000000000053e-01,5.896299999999999875e-01,6.166700000000000514e-01,5.920800000000000507e-01,6.254300000000000415e-01,6.281400000000000317e-01,6.142100000000000337e-01,6.277500000000000302e-01,6.133699999999999708e-01,6.232299999999999507e-01,6.259099999999999664e-01,6.088200000000000278e-01,6.001699999999999813e-01,5.818499999999999783e-01,6.272600000000000398e-01,6.088099999999999623e-01,5.874700000000000477e-01,6.210400000000000365e-01,5.989700000000000024e-01,6.048000000000000043e-01,6.184399999999999897e-01,6.133100000000000218e-01,5.758499999999999730e-01,6.154100000000000126e-01,5.991900000000000004e-01,5.693000000000000282e-01,6.253499999999999615e-01,5.775000000000000133e-01,6.089200000000000168e-01,5.834700000000000442e-01,5.860100000000000309e-01,6.169599999999999529e-01,5.953300000000000258e-01,5.952399999999999913e-01,5.851100000000000190e-01,6.064699999999999536e-01,5.931699999999999751e-01,5.901199999999999779e-01,6.035800000000000054e-01,6.006700000000000372e-01,5.957999999999999963e-01,5.983600000000000030e-01
6.085700000000000554e-01,5.646499999999999853e-01,5.853599999999999914e-01,5.947099999999999609e-01,5.893899999999999695e-01,5.728600000000000358e-01,5.887400000000000411e-01,5.874200000000000532e-01,5.780100000000000238e-01,5.779800000000000493e-01,5.865099999999999758e-01,5.618800000000000461e-01,5.844500000000000250e-01,5.813199999999999479e-01,5.408899999999999819e-01,5.681100000000000039e-01,5.692599999999999882e-01,5.892699999999999605e-01,5.702000000000000401e-01,5.543900000000000494e-01,5.954800000000000093e-01,5.575900000000000301e-01,5.605999999999999872e-01,5.822399999999999798e-01,5.777900000000000258e-01,5.770399999999999974e-01,5.618999999999999551e-01,5.887299999999999756e-01,5.689899999999999958e-01,5.654500000000000082e-01,5.748999999999999666e-01,5.860100000000000309e-01,6.134199999999999653e-01,6.158599999999999630e-01,5.983600000000000030e-01,5.827499999999999902e-01,5.997299999999999853e-01,5.772800000000000153e-01,5.977400000000000491e-01,6.136399999999999633e-01,5.991400000000000059e-01,6.047599999999999643e-01,5.927099999999999591e-01,6.096200000000000507e-01,6.069900000000000295e-01,6.020400000000000196e-01,5.811600000000000099e-01,5.678299999999999459e-01,6.151699999999999946e-01,5.930100000000000371e-01,5.744000000000000217e-01,5.983000000000000540e-01,5.787299999999999667e-01,5.884300000000000086e-01,5.959499999999999797e-01,5.937700000000000200e-01,5.665799999999999725e-01,5.918200000000000127e-01,5.788299999999999557e-01,5.553399999999999448e-01,6.032600000000000184e-01,5.594200000000000284e-01,5.915899999999999492e-01,5.694399999999999462e-01,5.686499999999999888e-01,6.015399999999999636e-01,5.737600000000000477e-01,5.766499999999999959e-01,5.687799999999999523e-01,5.841399999999999926e-01,5.752399999999999736e-01,5.735200000000000298e-01,5.818699999999999983e-01,5.827599999999999447e-01,5.772199999999999553e-01,5.789999999999999591e-01
5.725700000000000234e-01,5.524599999999999511e-01,5.667600000000000415e-01,5.726099999999999524e-01,5.614999999999999991e-01,5.557400000000000118e-01,5.674099999999999699e-01,5.691199999999999593e-01,5.628100000000000325e-01,5.615700000000000136e-01,5.651300000000000212e-01,5.395600000000000396e-01,5.649899999999999922e-01,5.569600000000000106e-01,0.000000000000000000e+00,5.598400000000000043e-01,5.575200000000000156e-01,5.737700000000000022e-01,5.543900000000000494e-01,5.413200000000000234e-01,5.684599999999999653e-01,5.466600000000000348e-01,5.458399999999999919e-01,5.593500000000000139e-01,5.636600000000000499e-01,5.612599999999999811e-01,5.503700000000000259e-01,5.682399999999999674e-01,5.540100000000000025e-01,5.499000000000000554e-01,5.574700000000000211e-01,5.687600000000000433e-01,5.910100000000000353e-01,5.953600000000000003e-01,5.776900000000000368e-01,5.579899999999999860e-01,5.788100000000000467e-01,5.620000000000000551e-01,5.778499999999999748e-01,5.893899999999999695e-01,5.735299999999999843e-01,5.817600000000000549e-01,5.673300000000000010e-01,5.822800000000000198e-01,5.844599999999999795e-01,5.735500000000000043e-01,5.638300000000000534e-01,5.489699999999999580e-01,5.933000000000000496e-01,5.701100000000000056e-01,5.548899999999999944e-01,5.772899999999999698e-01,5.590199999999999614e-01,5.697499999999999787e-01,5.731300000000000283e-01,5.711600000000000010e-01,5.408300000000000329e-01,5.718299999999999494e-01,5.593599999999999683e-01,5.396999999999999575e-01,5.844099999999999850e-01,5.430700000000000527e-01,5.731300000000000283e-01,5.504900000000000349e-01,5.553900000000000503e-01,5.741600000000000037e-01,5.601399999999999713e-01,5.582099999999999840e-01,5.497400000000000064e-01,5.672099999999999920e-01,5.584299999999999820e-01,5.572200000000000486e-01,5.650500000000000522e-01,5.672000000000000375e-01,5.548600000000000199e-01,5.586499999999999799e-01
6.437199999999999589e-01,5.806299999999999795e-01,6.072400000000000020e-01,6.238299999999999956e-01,6.198399999999999466e-01,5.857900000000000329e-01,6.107000000000000206e-01,6.167500000000000204e-01,5.966000000000000192e-01,6.061999999999999611e-01,6.135300000000000198e-01,5.914500000000000313e-01,6.068500000000000005e-01,5.976900000000000546e-01,5.673200000000000465e-01,5.904800000000000049e-01,5.952699999999999658e-01,6.045399999999999663e-01,5.954800000000000093e-01,5.684599999999999653e-01,6.403699999999999948e-01,5.742300000000000182e-01,5.844000000000000306e-01,6.122400000000000064e-01,5.989600000000000479e-01,6.014800000000000146e-01,5.777499999999999858e-01,6.121600000000000374e-01,5.853800000000000114e-01,5.804599999999999760e-01,5.970299999999999496e-01,6.200999999999999845e-01,6.465600000000000236e-01,6.430399999999999450e-01,6.221400000000000263e-01,5.998299999999999743e-01,6.225899999999999768e-01,6.057399999999999451e-01,6.387800000000000145e-01,6.373999999999999666e-01,6.293199999999999905e-01,6.399899999999999478e-01,6.152400000000000091e-01,6.417699999999999516e-01,6.339399999999999480e-01,6.382900000000000240e-01,5.995599999999999818e-01,5.853899999999999659e-01,6.485400000000000054e-01,6.216500000000000359e-01,5.856400000000000494e-01,6.254800000000000360e-01,6.154600000000000071e-01,6.003300000000000303e-01,6.317500000000000338e-01,6.195800000000000196e-01,6.004199999999999537e-01,6.141799999999999482e-01,5.981899999999999995e-01,5.833599999999999897e-01,6.252600000000000380e-01,5.830400000000000027e-01,6.097700000000000342e-01,5.845700000000000340e-01,5.812100000000000044e-01,6.461700000000000221e-01,5.878799999999999581e-01,6.010400000000000187e-01,5.864200000000000523e-01,6.072999999999999510e-01,6.023899999999999810e-01,5.887799999999999701e-01,6.045300000000000118e-01,5.977799999999999780e-01,5.975399999999999601e-01,6.054100000000000037e-01
