5.683399999999999563e-01,5.719100000000000295e-01,0.000000000000000000e+00,5.947599999999999554e-01,5.873500000000000387e-01,5.551599999999999868e-01,5.867599999999999483e-01,5.520500000000000407e-01,5.634500000000000064e-01,5.544799999999999729e-01,5.754500000000000171e-01,5.694399999999999462e-01,5.803399999999999670e-01,5.745400000000000507e-01,5.837599999999999456e-01,5.476499999999999702e-01,5.752599999999999936e-01,5.750600000000000156e-01,0.000000000000000000e+00,0.000000000000000000e+00,5.817299999999999693e-01,0.000000000000000000e+00,5.441500000000000226e-01,5.801899999999999835e-01,5.521000000000000352e-01,5.650199999999999667e-01,5.561000000000000387e-01,5.428899999999999837e-01,0.000000000000000000e+00,0.000000000000000000e+00,5.725099999999999634e-01,6.064300000000000246e-01,5.727900000000000214e-01,5.905500000000000194e-01,6.143499999999999517e-01,5.900900000000000034e-01,6.101100000000000412e-01,5.824200000000000488e-01,6.042999999999999483e-01,5.985500000000000265e-01,5.972300000000000386e-01,5.914599999999999858e-01,5.487199999999999855e-01,5.722699999999999454e-01,5.414999999999999813e-01,5.599399999999999933e-01,0.000000000000000000e+00,5.414600000000000524e-01,5.906900000000000484e-01,5.955599999999999783e-01,5.554499999999999993e-01,5.676099999999999479e-01,5.903399999999999759e-01,5.583099999999999730e-01,5.729899999999999993e-01,5.636100000000000554e-01,5.680500000000000549e-01,5.687299999999999578e-01,5.636499999999999844e-01,5.437999999999999501e-01,5.509100000000000108e-01,5.567199999999999926e-01,5.579300000000000370e-01,5.605900000000000327e-01,0.000000000000000000e+00,5.909799999999999498e-01,0.000000000000000000e+00,5.467400000000000038e-01,5.824399999999999578e-01,5.451599999999999779e-01,5.642399999999999638e-01,0.000000000000000000e+00,5.527499999999999636e-01,0.000000000000000000e+00,0.000000000000000000e+00,5.622800000000000020e-01
5.719100000000000295e-01,5.590500000000000469e-01,0.000000000000000000e+00,5.873199999999999532e-01,5.791600000000000081e-01,5.494299999999999740e-01,5.788900000000000157e-01,5.469399999999999817e-01,5.587999999999999634e-01,5.504700000000000149e-01,5.677699999999999969e-01,5.578999999999999515e-01,5.707799999999999541e-01,5.769600000000000284e-01,5.738299999999999512e-01,5.472500000000000142e-01,5.645799999999999708e-01,5.693399999999999572e-01,0.000000000000000000e+00,0.000000000000000000e+00,5.743099999999999872e-01,0.000000000000000000e+00,5.425100000000000477e-01,5.679999999999999494e-01,5.499800000000000244e-01,5.573200000000000376e-01,5.539300000000000335e-01,0.000000000000000000e+00,0.000000000000000000e+00,0.000000000000000000e+00,5.646499999999999853e-01,5.911100000000000243e-01,5.782800000000000162e-01,5.760800000000000365e-01,5.933000000000000496e-01,5.888799999999999590e-01,6.018700000000000161e-01,5.679499999999999549e-01,5.901699999999999724e-01,5.825799999999999867e-01,5.819499999999999673e-01,5.774799999999999933e-01,5.655000000000000027e-01,5.790999999999999481e-01,0.000000000000000000e+00,5.529699999999999616e-01,0.000000000000000000e+00,0.000000000000000000e+00,5.890699999999999825e-01,5.882399999999999851e-01,5.500199999999999534e-01,5.613599999999999701e-01,5.849299999999999500e-01,5.558100000000000263e-01,5.637100000000000444e-01,5.572899999999999521e-01,5.554400000000000448e-01,5.645499999999999963e-01,5.722500000000000364e-01,5.454400000000000359e-01,5.456100000000000394e-01,5.552399999999999558e-01,5.544499999999999984e-01,5.524299999999999766e-01,0.000000000000000000e+00,5.846000000000000085e-01,0.000000000000000000e+00,5.440399999999999681e-01,5.710899999999999865e-01,5.460599999999999898e-01,5.590399999999999814e-01,0.000000000000000000e+00,5.520800000000000152e-01,0.000000000000000000e+00,0.000000000000000000e+00,5.567199999999999926e-01
0.000000000000000000e+00,0.000000000000000000e+00,0.000000000000000000e+00,5.513500000000000068e-01,5.444999999999999840e-01,0.000000000000000000e+00,5.463799999999999768e-01,0.000000000000000000e+00,0.000000000000000000e+00,0.000000000000000000e+00,5.434400000000000341e-01,0.000000000000000000e+00,5.465999999999999748e-01,5.573399999999999466e-01,5.461099999999999843e-01,0.000000000000000000e+00,5.417100000000000248e-01,0.000000000000000000e+00,0.000000000000000000e+00,0.000000000000000000e+00,0.000000000000000000e+00,0.000000000000000000e+00,0.000000000000000000e+00,5.436199999999999921e-01,0.000000000000000000e+00,0.000000000000000000e+00,0.000000000000000000e+00,0.000000000000000000e+00,0.000000000000000000e+00,0.000000000000000000e+00,0.000000000000000000e+00,5.562000000000000277e-01,5.475999999999999757e-01,5.546799999999999509e-01,5.627799999999999470e-01,5.683500000000000218e-01,5.745799999999999796e-01,5.456999999999999629e-01,5.540199999999999569e-01,5.536999999999999700e-01,5.589600000000000124e-01,5.523900000000000476e-01,5.552500000000000213e-01,5.528699999999999726e-01,0.000000000000000000e+00,5.438699999999999646e-01,0.000000000000000000e+00,0.000000000000000000e+00,5.536299999999999555e-01,5.566900000000000182e-01,0.000000000000000000e+00,5.418500000000000538e-01,5.623799999999999910e-01,0.000000000000000000e+00,0.000000000000000000e+00,0.000000000000000000e+00,0.000000000000000000e+00,5.433700000000000196e-01,5.552799999999999958e-01,0.000000000000000000e+00,0.000000000000000000e+00,0.000000000000000000e+00,0.000000000000000000e+00,0.000000000000000000e+00,0.000000000000000000e+00,5.527999999999999581e-01,0.000000000000000000e+00,0.000000000000000000e+00,5.516299999999999537e-01,0.000000000000000000e+00,0.000000000000000000e+00,0.000000000000000000e+00,0.000000000000000000e+00,0.000000000000000000e+00,0.000000000000000000e+00,0.000000000000000000e+00
5.947599999999999554e-01,5.873199999999999532e-01,5.513500000000000068e-01,6.284499999999999531e-01,6.132800000000000473e-01,5.744700000000000362e-01,6.118000000000000105e-01,5.655900000000000372e-01,5.814099999999999824e-01,5.761699999999999600e-01,5.998099999999999543e-01,5.833099999999999952e-01,5.970100000000000406e-01,6.200400000000000356e-01,6.010299999999999532e-01,5.674500000000000099e-01,5.960999999999999632e-01,5.974800000000000111e-01,5.423999999999999932e-01,0.000000000000000000e+00,6.054800000000000182e-01,5.534900000000000375e-01,5.599600000000000133e-01,5.953500000000000458e-01,5.662000000000000366e-01,5.776700000000000168e-01,5.741699999999999582e-01,5.604900000000000437e-01,5.456100000000000394e-01,5.566200000000000037e-01,5.934300000000000130e-01,6.404999999999999583e-01,6.088500000000000023e-01,6.137299999999999978e-01,6.391299999999999759e-01,6.377399999999999736e-01,6.483499999999999819e-01,6.148900000000000476e-01,6.331999999999999851e-01,6.239500000000000046e-01,6.274100000000000232e-01,6.085399999999999698e-01,5.982300000000000395e-01,6.162499999999999645e-01,5.728199999999999958e-01,5.745000000000000107e-01,0.000000000000000000e+00,5.625299999999999745e-01,6.164699999999999624e-01,6.211400000000000254e-01,5.742599999999999927e-01,5.914000000000000368e-01,6.223100000000000298e-01,5.794700000000000406e-01,5.990100000000000424e-01,5.780100000000000238e-01,5.823300000000000143e-01,5.936799999999999855e-01,5.994099999999999984e-01,5.579399999999999915e-01,5.631500000000000394e-01,5.713500000000000245e-01,5.805200000000000360e-01,5.750800000000000356e-01,0.000000000000000000e+00,6.219599999999999573e-01,5.521399999999999642e-01,5.637499999999999734e-01,6.022600000000000176e-01,5.671500000000000430e-01,5.810699999999999754e-01,5.577600000000000335e-01,5.770499999999999519e-01,5.516199999999999992e-01,0.000000000000000000e+00,5.823099999999999943e-01
5.873500000000000387e-01,5.791600000000000081e-01,5.444999999999999840e-01,6.132800000000000473e-01,6.037000000000000144e-01,5.618999999999999551e-01,6.010400000000000187e-01,5.573900000000000521e-01,5.739300000000000512e-01,5.712399999999999700e-01,5.890999999999999570e-01,5.722800000000000109e-01,5.887599999999999500e-01,6.016500000000000181e-01,5.881800000000000361e-01,5.596400000000000263e-01,5.882100000000000106e-01,5.867099999999999538e-01,0.000000000000000000e+00,0.000000000000000000e+00,5.941199999999999815e-01,5.451099999999999834e-01,5.513799999999999812e-01,5.799199999999999910e-01,5.624299999999999855e-01,5.682300000000000129e-01,5.673300000000000010e-01,5.550800000000000178e-01,5.437499999999999556e-01,5.523400000000000531e-01,5.802599999999999980e-01,6.256199999999999539e-01,5.928099999999999481e-01,5.946700000000000319e-01,6.249000000000000110e-01,6.168000000000000149e-01,6.290499999999999980e-01,5.926099999999999701e-01,6.251400000000000290e-01,6.039600000000000524e-01,6.021300000000000541e-01,5.909699999999999953e-01,5.846200000000000285e-01,5.984300000000000175e-01,5.453299999999999814e-01,5.671800000000000175e-01,0.000000000000000000e+00,5.546699999999999964e-01,6.057500000000000107e-01,6.141900000000000137e-01,5.638199999999999878e-01,5.814200000000000479e-01,6.010900000000000132e-01,5.716999999999999860e-01,5.874099999999999877e-01,5.725299999999999834e-01,5.703500000000000236e-01,5.844300000000000050e-01,5.936299999999999910e-01,5.482000000000000206e-01,5.603399999999999492e-01,5.679600000000000204e-01,5.714799999999999880e-01,5.708299999999999486e-01,0.000000000000000000e+00,6.091600000000000348e-01,5.455699999999999994e-01,5.548800000000000399e-01,5.839100000000000401e-01,5.589300000000000379e-01,5.697699999999999987e-01,5.485700000000000021e-01,5.694099999999999717e-01,5.450399999999999689e-01,0.000000000000000000e+00,5.694599999999999662e-01
5.551599999999999868e-01,5.494299999999999740e-01,0.000000000000000000e+00,5.744700000000000362e-01,5.618999999999999551e-01,5.414700000000000069e-01,5.633799999999999919e-01,0.000000000000000000e+00,5.497100000000000319e-01,0.000000000000000000e+00,5.549500000000000544e-01,5.442599999999999660e-01,5.592000000000000304e-01,5.672000000000000375e-01,5.631000000000000449e-01,0.000000000000000000e+00,5.542200000000000459e-01,5.568999999999999506e-01,0.000000000000000000e+00,0.000000000000000000e+00,5.558100000000000263e-01,0.000000000000000000e+00,0.000000000000000000e+00,5.607699999999999907e-01,0.000000000000000000e+00,5.477600000000000247e-01,5.441799999999999971e-01,0.000000000000000000e+00,0.000000000000000000e+00,0.000000000000000000e+00,5.549500000000000544e-01,5.757700000000000040e-01,5.628100000000000325e-01,5.649499999999999522e-01,5.805000000000000160e-01,5.764299999999999979e-01,5.887200000000000211e-01,5.564799999999999747e-01,5.703399999999999581e-01,5.696999999999999842e-01,5.703300000000000036e-01,5.656999999999999806e-01,5.570100000000000051e-01,5.602899999999999547e-01,0.000000000000000000e+00,5.428300000000000347e-01,0.000000000000000000e+00,0.000000000000000000e+00,5.684099999999999708e-01,5.687499999999999778e-01,5.419599999999999973e-01,5.496799999999999464e-01,5.681599999999999984e-01,5.467800000000000438e-01,5.537199999999999900e-01,5.437899999999999956e-01,5.435400000000000231e-01,5.538199999999999790e-01,5.600300000000000278e-01,0.000000000000000000e+00,0.000000000000000000e+00,5.430800000000000072e-01,5.454299999999999704e-01,5.418600000000000083e-01,0.000000000000000000e+00,5.625200000000000200e-01,0.000000000000000000e+00,0.000000000000000000e+00,5.644799999999999818e-01,0.000000000000000000e+00,5.492099999999999760e-01,0.000000000000000000e+00,5.413000000000000034e-01,0.000000000000000000e+00,0.000000000000000000e+00,5.480500000000000371e-01
5.867599999999999483e-01,5.788900000000000157e-01,5.463799999999999768e-01,6.118000000000000105e-01,6.010400000000000187e-01,5.633799999999999919e-01,5.956700000000000328e-01,5.556299999999999573e-01,5.742000000000000437e-01,5.662700000000000511e-01,5.883699999999999486e-01,5.731399999999999828e-01,5.878999999999999782e-01,6.056500000000000217e-01,5.900800000000000489e-01,5.576299999999999590e-01,5.855900000000000549e-01,5.839900000000000091e-01,0.000000000000000000e+00,0.000000000000000000e+00,5.918499999999999872e-01,5.471700000000000452e-01,5.527900000000000036e-01,5.845200000000000395e-01,5.598600000000000243e-01,5.687299999999999578e-01,5.662700000000000511e-01,5.531899999999999595e-01,0.000000000000000000e+00,5.486100000000000421e-01,5.810999999999999499e-01,6.200900000000000301e-01,5.899400000000000199e-01,5.994899999999999674e-01,6.219299999999999828e-01,6.204100000000000170e-01,6.311099999999999488e-01,5.948900000000000299e-01,6.216300000000000159e-01,6.106700000000000461e-01,6.114899999999999780e-01,5.985899999999999554e-01,5.807200000000000140e-01,5.943699999999999539e-01,5.542500000000000204e-01,5.764599999999999724e-01,0.000000000000000000e+00,5.546499999999999764e-01,6.055300000000000127e-01,6.104800000000000226e-01,5.640399999999999858e-01,5.812699999999999534e-01,6.051400000000000112e-01,5.710499999999999465e-01,5.852100000000000080e-01,5.710600000000000120e-01,5.729499999999999593e-01,5.840300000000000491e-01,5.921199999999999797e-01,5.541199999999999459e-01,5.567900000000000071e-01,5.624900000000000455e-01,5.681899999999999729e-01,5.697600000000000442e-01,0.000000000000000000e+00,6.084600000000000009e-01,5.452399999999999469e-01,5.569600000000000106e-01,5.913300000000000223e-01,5.566999999999999726e-01,5.728199999999999958e-01,5.486199999999999966e-01,5.665499999999999980e-01,5.445900000000000185e-01,0.000000000000000000e+00,5.714799999999999880e-01
5.520500000000000407e-01,5.469399999999999817e-01,0.000000000000000000e+00,5.655900000000000372e-01,5.573900000000000521e-01,0.000000000000000000e+00,5.556299999999999573e-01,0.000000000000000000e+00,0.000000000000000000e+00,0.000000000000000000e+00,5.516900000000000137e-01,0.000000000000000000e+00,5.514900000000000357e-01,5.627100000000000435e-01,5.542000000000000259e-01,0.000000000000000000e+00,5.450700000000000545e-01,5.532399999999999540e-01,0.000000000000000000e+00,0.000000000000000000e+00,5.513500000000000068e-01,0.000000000000000000e+00,0.000000000000000000e+00,5.569800000000000306e-01,0.000000000000000000e+00,5.433700000000000196e-01,0.000000000000000000e+00,0.000000000000000000e+00,0.000000000000000000e+00,0.000000000000000000e+00,5.449399999999999800e-01,5.640600000000000058e-01,5.708199999999999941e-01,5.496900000000000119e-01,5.631300000000000194e-01,5.667799999999999505e-01,5.830899999999999972e-01,5.509500000000000508e-01,5.666900000000000270e-01,5.642899999999999583e-01,5.592000000000000304e-01,5.577400000000000135e-01,0.000000000000000000e+00,5.468199999999999728e-01,0.000000000000000000e+00,0.000000000000000000e+00,0.000000000000000000e+00,0.000000000000000000e+00,5.640699999999999603e-01,5.581000000000000405e-01,0.000000000000000000e+00,0.000000000000000000e+00,5.629999999999999449e-01,0.000000000000000000e+00,5.425799999999999512e-01,0.000000000000000000e+00,0.000000000000000000e+00,5.456499999999999684e-01,5.536900000000000155e-01,0.000000000000000000e+00,0.000000000000000000e+00,0.000000000000000000e+00,0.000000000000000000e+00,0.000000000000000000e+00,0.000000000000000000e+00,5.595200000000000173e-01,0.000000000000000000e+00,0.000000000000000000e+00,5.546499999999999764e-01,0.000000000000000000e+00,0.000000000000000000e+00,0.000000000000000000e+00,0.000000000000000000e+00,0.000000000000000000e+00,0.000000000000000000e+00,0.000000000000000000e+00
5.634500000000000064e-01,5.587999999999999634e-01,0.000000000000000000e+00,5.814099999999999824e-01,5.739300000000000512e-01,5.497100000000000319e-01,5.742000000000000437e-01,0.000000000000000000e+00,5.580100000000000060e-01,5.438499999999999446e-01,5.645599999999999508e-01,5.486499999999999710e-01,5.697999999999999732e-01,5.814500000000000224e-01,5.720300000000000384e-01,5.471399999999999597e-01,5.623299999999999965e-01,5.660500000000000531e-01,0.000000000000000000e+00,0.000000000000000000e+00,5.662300000000000111e-01,0.000000000000000000e+00,5.425100000000000477e-01,5.634099999999999664e-01,5.474400000000000377e-01,5.543400000000000549e-01,5.526699999999999946e-01,0.000000000000000000e+00,0.000000000000000000e+00,0.000000000000000000e+00,5.616700000000000026e-01,5.886900000000000466e-01,5.669899999999999940e-01,5.736499999999999932e-01,5.901600000000000179e-01,5.952300000000000368e-01,5.997400000000000508e-01,5.639600000000000168e-01,5.840400000000000036e-01,5.827599999999999447e-01,5.803099999999999925e-01,5.735099999999999643e-01,5.676200000000000134e-01,5.734500000000000153e-01,0.000000000000000000e+00,5.531099999999999905e-01,0.000000000000000000e+00,5.436800000000000521e-01,5.796799999999999731e-01,5.840899999999999981e-01,5.478399999999999936e-01,5.621699999999999475e-01,5.796099999999999586e-01,5.567199999999999926e-01,5.623599999999999710e-01,5.527999999999999581e-01,5.489300000000000290e-01,5.652700000000000502e-01,5.707799999999999541e-01,5.441799999999999971e-01,5.440500000000000336e-01,5.536299999999999555e-01,5.523000000000000131e-01,5.516400000000000192e-01,0.000000000000000000e+00,5.770300000000000429e-01,5.425499999999999767e-01,5.460700000000000554e-01,5.685099999999999598e-01,5.456900000000000084e-01,5.561500000000000332e-01,0.000000000000000000e+00,5.527400000000000091e-01,0.000000000000000000e+00,0.000000000000000000e+00,5.527999999999999581e-01
5.544799999999999729e-01,5.504700000000000149e-01,0.000000000000000000e+00,5.761699999999999600e-01,5.712399999999999700e-01,0.000000000000000000e+00,5.662700000000000511e-01,0.000000000000000000e+00,5.438499999999999446e-01,0.000000000000000000e+00,5.577299999999999480e-01,5.429899999999999727e-01,5.556499999999999773e-01,5.759300000000000530e-01,5.574900000000000411e-01,0.000000000000000000e+00,5.428500000000000547e-01,5.506900000000000128e-01,0.000000000000000000e+00,0.000000000000000000e+00,5.582200000000000495e-01,0.000000000000000000e+00,0.000000000000000000e+00,5.483999999999999986e-01,0.000000000000000000e+00,0.000000000000000000e+00,0.000000000000000000e+00,0.000000000000000000e+00,0.000000000000000000e+00,0.000000000000000000e+00,5.479800000000000226e-01,5.716999999999999860e-01,5.619499999999999496e-01,5.603599999999999692e-01,5.766700000000000159e-01,5.845500000000000140e-01,5.863699999999999468e-01,5.564400000000000457e-01,5.719999999999999529e-01,5.713700000000000445e-01,5.677999999999999714e-01,5.558199999999999807e-01,5.555600000000000538e-01,5.665400000000000436e-01,0.000000000000000000e+00,5.446100000000000385e-01,0.000000000000000000e+00,0.000000000000000000e+00,5.714399999999999480e-01,5.758799999999999475e-01,0.000000000000000000e+00,5.510599999999999943e-01,5.680300000000000349e-01,5.433099999999999596e-01,5.524200000000000221e-01,0.000000000000000000e+00,5.433599999999999541e-01,5.522299999999999986e-01,5.641699999999999493e-01,0.000000000000000000e+00,0.000000000000000000e+00,0.000000000000000000e+00,5.415699999999999958e-01,0.000000000000000000e+00,0.000000000000000000e+00,5.721699999999999564e-01,0.000000000000000000e+00,0.000000000000000000e+00,5.522299999999999986e-01,0.000000000000000000e+00,5.433299999999999796e-01,0.000000000000000000e+00,5.431300000000000017e-01,0.000000000000000000e+00,0.000000000000000000e+00,5.412900000000000489e-01
5.754500000000000171e-01,5.677699999999999969e-01,5.434400000000000341e-01,5.998099999999999543e-01,5.890999999999999570e-01,5.549500000000000544e-01,5.883699999999999486e-01,5.516900000000000137e-01,5.645599999999999508e-01,5.577299999999999480e-01,5.689699999999999758e-01,5.649300000000000432e-01,5.794700000000000406e-01,5.937900000000000400e-01,5.803500000000000325e-01,5.527699999999999836e-01,5.736900000000000333e-01,5.739600000000000257e-01,0.000000000000000000e+00,0.000000000000000000e+00,5.812300000000000244e-01,0.000000000000000000e+00,5.484099999999999531e-01,5.742000000000000437e-01,5.556400000000000228e-01,5.612000000000000322e-01,5.602300000000000058e-01,5.478300000000000392e-01,0.000000000000000000e+00,5.414099999999999469e-01,5.712899999999999645e-01,6.058599999999999541e-01,5.816000000000000059e-01,5.873800000000000132e-01,6.086899999999999533e-01,6.102400000000000047e-01,6.179900000000000393e-01,5.763000000000000345e-01,6.012899999999999912e-01,5.973800000000000221e-01,5.912800000000000278e-01,5.794799999999999951e-01,5.810100000000000264e-01,5.854300000000000059e-01,0.000000000000000000e+00,5.639199999999999768e-01,0.000000000000000000e+00,5.509600000000000053e-01,5.919299999999999562e-01,6.019499999999999851e-01,5.567199999999999926e-01,5.743200000000000527e-01,5.943699999999999539e-01,5.643899999999999473e-01,5.735700000000000243e-01,5.626100000000000545e-01,5.649999999999999467e-01,5.761699999999999600e-01,5.864099999999999868e-01,5.480500000000000371e-01,5.518499999999999517e-01,5.630100000000000104e-01,5.603900000000000547e-01,5.607299999999999507e-01,0.000000000000000000e+00,5.956000000000000183e-01,5.440599999999999881e-01,5.525299999999999656e-01,5.797600000000000531e-01,5.536499999999999755e-01,5.636999999999999789e-01,5.442500000000000115e-01,5.613700000000000356e-01,0.000000000000000000e+00,0.000000000000000000e+00,5.622099999999999875e-01
5.694399999999999462e-01,5.578999999999999515e-01,0.000000000000000000e+00,5.833099999999999952e-01,5.722800000000000109e-01,5.442599999999999660e-01,5.731399999999999828e-01,0.000000000000000000e+00,5.486499999999999710e-01,5.429899999999999727e-01,5.649300000000000432e-01,5.651100000000000012e-01,5.643700000000000383e-01,5.797700000000000076e-01,5.753700000000000481e-01,0.000000000000000000e+00,5.550000000000000488e-01,5.576400000000000245e-01,0.000000000000000000e+00,0.000000000000000000e+00,5.733899999999999553e-01,0.000000000000000000e+00,0.000000000000000000e+00,5.692800000000000082e-01,5.423999999999999932e-01,5.508699999999999708e-01,5.448499999999999455e-01,0.000000000000000000e+00,0.000000000000000000e+00,0.000000000000000000e+00,5.601500000000000368e-01,5.848499999999999810e-01,5.714200000000000390e-01,5.844500000000000250e-01,5.923300000000000232e-01,5.885200000000000431e-01,6.039600000000000524e-01,5.699699999999999767e-01,5.776200000000000223e-01,5.892300000000000315e-01,5.927799999999999736e-01,5.804099999999999815e-01,5.521599999999999842e-01,5.722599999999999909e-01,5.510199999999999543e-01,5.746499999999999941e-01,0.000000000000000000e+00,0.000000000000000000e+00,5.847999999999999865e-01,5.818900000000000183e-01,5.435200000000000031e-01,5.595599999999999463e-01,5.870100000000000318e-01,5.461000000000000298e-01,5.614799999999999791e-01,5.512599999999999723e-01,5.674299999999999899e-01,5.578899999999999970e-01,5.673300000000000010e-01,5.412000000000000144e-01,0.000000000000000000e+00,0.000000000000000000e+00,5.451500000000000234e-01,5.480099999999999971e-01,0.000000000000000000e+00,5.813899999999999624e-01,0.000000000000000000e+00,0.000000000000000000e+00,5.775400000000000533e-01,5.415600000000000414e-01,5.593000000000000194e-01,0.000000000000000000e+00,5.460399999999999698e-01,0.000000000000000000e+00,0.000000000000000000e+00,5.543299999999999894e-01
5.803399999999999670e-01,5.707699999999999996e-01,5.465999999999999748e-01,5.970100000000000406e-01,5.887599999999999500e-01,5.591899999999999649e-01,5.878999999999999782e-01,5.514900000000000357e-01,5.697999999999999732e-01,5.556499999999999773e-01,5.794700000000000406e-01,5.643700000000000383e-01,5.825900000000000523e-01,5.953399999999999803e-01,5.866599999999999593e-01,5.551399999999999668e-01,5.776000000000000023e-01,5.789999999999999591e-01,0.000000000000000000e+00,0.000000000000000000e+00,5.838200000000000056e-01,5.436499999999999666e-01,5.490899999999999670e-01,5.805599999999999650e-01,5.558199999999999807e-01,5.639199999999999768e-01,5.618600000000000261e-01,5.489500000000000490e-01,0.000000000000000000e+00,5.463000000000000078e-01,5.750499999999999501e-01,6.076599999999999779e-01,5.795599999999999641e-01,5.908999999999999808e-01,6.108299999999999841e-01,6.111900000000000110e-01,6.194499999999999451e-01,5.849600000000000355e-01,6.045899999999999608e-01,6.004300000000000193e-01,6.010900000000000132e-01,5.918900000000000272e-01,5.787299999999999667e-01,5.840899999999999981e-01,5.504799999999999693e-01,5.713300000000000045e-01,0.000000000000000000e+00,5.515700000000000047e-01,5.968900000000000317e-01,6.006700000000000372e-01,5.571199999999999486e-01,5.745000000000000107e-01,5.962199999999999722e-01,5.655200000000000227e-01,5.781399999999999872e-01,5.655599999999999516e-01,5.658600000000000296e-01,5.778400000000000203e-01,5.867599999999999483e-01,5.502799999999999914e-01,5.544599999999999529e-01,5.620500000000000496e-01,5.631699999999999484e-01,5.632500000000000284e-01,0.000000000000000000e+00,5.958599999999999453e-01,5.463000000000000078e-01,5.542099999999999804e-01,5.859699999999999909e-01,5.530599999999999961e-01,5.677699999999999969e-01,5.452200000000000379e-01,5.622099999999999875e-01,5.419599999999999973e-01,0.000000000000000000e+00,5.659199999999999786e-01
5.745400000000000507e-01,5.769600000000000284e-01,5.573399999999999466e-01,6.200400000000000356e-01,6.016500000000000181e-01,5.672000000000000375e-01,6.056500000000000217e-01,5.627100000000000435e-01,5.814500000000000224e-01,5.759300000000000530e-01,5.937900000000000400e-01,5.797700000000000076e-01,5.953399999999999803e-01,6.081499999999999684e-01,5.884399999999999631e-01,5.638499999999999623e-01,5.915500000000000203e-01,5.880300000000000527e-01,5.502700000000000369e-01,0.000000000000000000e+00,5.935099999999999820e-01,5.462700000000000333e-01,5.528899999999999926e-01,5.869699999999999918e-01,5.650100000000000122e-01,5.681399999999999784e-01,5.702800000000000091e-01,5.585200000000000164e-01,5.452299999999999924e-01,5.516900000000000137e-01,5.805000000000000160e-01,6.256899999999999684e-01,5.894000000000000350e-01,5.996099999999999763e-01,6.285899999999999821e-01,6.293400000000000105e-01,6.393699999999999939e-01,6.018900000000000361e-01,6.221499999999999808e-01,6.026799999999999935e-01,6.060799999999999521e-01,5.920600000000000307e-01,6.059900000000000286e-01,6.103300000000000392e-01,5.672599999999999865e-01,5.731100000000000083e-01,0.000000000000000000e+00,5.607999999999999652e-01,6.089700000000000113e-01,6.183999999999999497e-01,5.699699999999999767e-01,5.911699999999999733e-01,6.226899999999999658e-01,5.764700000000000379e-01,5.948799999999999644e-01,5.716099999999999515e-01,5.835000000000000187e-01,5.934399999999999675e-01,6.061400000000000121e-01,5.609499999999999487e-01,5.643599999999999728e-01,5.693899999999999517e-01,5.742500000000000382e-01,5.690100000000000158e-01,0.000000000000000000e+00,6.158299999999999885e-01,5.535999999999999810e-01,5.633700000000000374e-01,5.941199999999999815e-01,5.641899999999999693e-01,5.760300000000000420e-01,5.531700000000000506e-01,5.749699999999999811e-01,5.463799999999999768e-01,0.000000000000000000e+00,5.721300000000000274e-01
5.837599999999999456e-01,5.738299999999999512e-01,5.461099999999999843e-01,6.010299999999999532e-01,5.881800000000000361e-01,5.631000000000000449e-01,5.900800000000000489e-01,5.542000000000000259e-01,5.720399999999999929e-01,5.574900000000000411e-01,5.803500000000000325e-01,5.753700000000000481e-01,5.866599999999999593e-01,5.884300000000000086e-01,5.881499999999999506e-01,5.553299999999999903e-01,5.816200000000000259e-01,5.784799999999999942e-01,0.000000000000000000e+00,0.000000000000000000e+00,5.866700000000000248e-01,5.479100000000000081e-01,5.538600000000000190e-01,5.894399999999999640e-01,5.591300000000000159e-01,5.705799999999999761e-01,5.666700000000000070e-01,5.508800000000000363e-01,0.000000000000000000e+00,0.000000000000000000e+00,5.798900000000000166e-01,6.095599999999999907e-01,5.856299999999999839e-01,5.995500000000000274e-01,6.181999999999999718e-01,6.021300000000000541e-01,6.227000000000000313e-01,5.885099999999999776e-01,5.986399999999999499e-01,6.000699999999999923e-01,6.042199999999999793e-01,6.008200000000000207e-01,5.716799999999999660e-01,5.835799999999999876e-01,5.437199999999999811e-01,5.745000000000000107e-01,0.000000000000000000e+00,5.498399999999999954e-01,5.984599999999999920e-01,5.968900000000000317e-01,5.625000000000000000e-01,5.757400000000000295e-01,5.990999999999999659e-01,5.659300000000000441e-01,5.782899999999999707e-01,5.668699999999999850e-01,5.737700000000000022e-01,5.790399999999999991e-01,5.838200000000000056e-01,5.578600000000000225e-01,5.568699999999999761e-01,5.611599999999999921e-01,5.672500000000000320e-01,5.662500000000000311e-01,0.000000000000000000e+00,5.979600000000000470e-01,5.513799999999999812e-01,5.570300000000000251e-01,5.928999999999999826e-01,5.538100000000000245e-01,5.745299999999999851e-01,5.507100000000000328e-01,5.626700000000000035e-01,5.496100000000000430e-01,0.000000000000000000e+00,5.697699999999999987e-01
5.476499999999999702e-01,5.472500000000000142e-01,0.000000000000000000e+00,5.674500000000000099e-01,5.596400000000000263e-01,0.000000000000000000e+00,5.576200000000000045e-01,0.000000000000000000e+00,5.471399999999999597e-01,0.000000000000000000e+00,5.527699999999999836e-01,0.000000000000000000e+00,5.551399999999999668e-01,5.638499999999999623e-01,5.553299999999999903e-01,0.000000000000000000e+00,5.536100000000000465e-01,5.534499999999999975e-01,0.000000000000000000e+00,0.000000000000000000e+00,5.505999999999999783e-01,0.000000000000000000e+00,0.000000000000000000e+00,5.514499999999999957e-01,0.000000000000000000e+00,5.436100000000000376e-01,5.427699999999999747e-01,0.000000000000000000e+00,0.000000000000000000e+00,0.000000000000000000e+00,5.457800000000000429e-01,5.676299999999999679e-01,5.590500000000000469e-01,5.505700000000000038e-01,5.674299999999999899e-01,5.753599999999999826e-01,5.820699999999999763e-01,5.469500000000000473e-01,5.681500000000000439e-01,5.618400000000000061e-01,5.562000000000000277e-01,5.533299999999999885e-01,5.549699999999999633e-01,5.594799999999999773e-01,0.000000000000000000e+00,0.000000000000000000e+00,0.000000000000000000e+00,0.000000000000000000e+00,5.682199999999999473e-01,5.650399999999999867e-01,0.000000000000000000e+00,5.430700000000000527e-01,5.629999999999999449e-01,5.471700000000000452e-01,5.477499999999999591e-01,0.000000000000000000e+00,0.000000000000000000e+00,5.507499999999999618e-01,5.594999999999999973e-01,0.000000000000000000e+00,0.000000000000000000e+00,5.436600000000000321e-01,5.455400000000000249e-01,0.000000000000000000e+00,0.000000000000000000e+00,5.593599999999999683e-01,0.000000000000000000e+00,0.000000000000000000e+00,5.544499999999999984e-01,0.000000000000000000e+00,5.424200000000000133e-01,0.000000000000000000e+00,0.000000000000000000e+00,0.000000000000000000e+00,0.000000000000000000e+00,5.413599999999999524e-01
5.752599999999999936e-01,5.645799999999999708e-01,5.417100000000000248e-01,5.960999999999999632e-01,5.882100000000000106e-01,5.542200000000000459e-01,5.855900000000000549e-01,5.450700000000000545e-01,5.623200000000000420e-01,5.428500000000000547e-01,5.736900000000000333e-01,5.550000000000000488e-01,5.776000000000000023e-01,5.915500000000000203e-01,5.816299999999999804e-01,5.536100000000000465e-01,5.663599999999999746e-01,5.737400000000000277e-01,0.000000000000000000e+00,0.000000000000000000e+00,5.783700000000000507e-01,0.000000000000000000e+00,5.447300000000000475e-01,5.718299999999999494e-01,5.508899999999999908e-01,5.595099999999999518e-01,5.595799999999999663e-01,5.447400000000000020e-01,0.000000000000000000e+00,0.000000000000000000e+00,5.710100000000000176e-01,6.008599999999999497e-01,5.740800000000000347e-01,5.863300000000000178e-01,6.039900000000000269e-01,6.110600000000000476e-01,6.222999999999999643e-01,5.789900000000000047e-01,6.027299999999999880e-01,5.977000000000000091e-01,5.936900000000000510e-01,5.846900000000000430e-01,5.717499999999999805e-01,5.780899999999999928e-01,0.000000000000000000e+00,5.609800000000000342e-01,0.000000000000000000e+00,5.486400000000000166e-01,5.873000000000000442e-01,5.936000000000000165e-01,5.500899999999999679e-01,5.709499999999999575e-01,5.921600000000000197e-01,5.607799999999999452e-01,5.716299999999999715e-01,5.576299999999999590e-01,5.588199999999999834e-01,5.733700000000000463e-01,5.800999999999999490e-01,0.000000000000000000e+00,5.528199999999999781e-01,5.544700000000000184e-01,5.586499999999999799e-01,5.598199999999999843e-01,0.000000000000000000e+00,5.946500000000000119e-01,0.000000000000000000e+00,5.520899999999999697e-01,5.733800000000000008e-01,5.504099999999999548e-01,5.629199999999999759e-01,5.443299999999999805e-01,5.612099999999999866e-01,0.000000000000000000e+00,0.000000000000000000e+00,5.621599999999999930e-01
5.750600000000000156e-01,5.693399999999999572e-01,0.000000000000000000e+00,5.974800000000000111e-01,5.867099999999999538e-01,5.568999999999999506e-01,5.839900000000000091e-01,5.532399999999999540e-01,5.660500000000000531e-01,5.506900000000000128e-01,5.739600000000000257e-01,5.576400000000000245e-01,5.789999999999999591e-01,5.880300000000000527e-01,5.784799999999999942e-01,5.534499999999999975e-01,5.737400000000000277e-01,5.745900000000000452e-01,0.000000000000000000e+00,0.000000000000000000e+00,5.810800000000000409e-01,5.435699999999999976e-01,5.476699999999999902e-01,5.782500000000000417e-01,5.541399999999999659e-01,5.630800000000000249e-01,5.597600000000000353e-01,5.456699999999999884e-01,0.000000000000000000e+00,0.000000000000000000e+00,5.704000000000000181e-01,6.025700000000000500e-01,5.743399999999999617e-01,5.806799999999999740e-01,6.040600000000000414e-01,6.073600000000000110e-01,6.173499999999999543e-01,5.819999999999999618e-01,6.004899999999999682e-01,5.949999999999999734e-01,5.890600000000000280e-01,5.822800000000000198e-01,5.700600000000000112e-01,5.790699999999999736e-01,0.000000000000000000e+00,5.560000000000000497e-01,0.000000000000000000e+00,5.439300000000000246e-01,5.965099999999999847e-01,5.953100000000000058e-01,5.566699999999999982e-01,5.679699999999999749e-01,5.913399999999999768e-01,5.645099999999999563e-01,5.712599999999999900e-01,5.625499999999999945e-01,5.558199999999999807e-01,5.743399999999999617e-01,5.784200000000000452e-01,5.499699999999999589e-01,5.474099999999999522e-01,5.612500000000000266e-01,5.620000000000000551e-01,5.570199999999999596e-01,0.000000000000000000e+00,5.937099999999999600e-01,5.444600000000000550e-01,5.489300000000000290e-01,5.784200000000000452e-01,5.484099999999999531e-01,5.621300000000000185e-01,5.444999999999999840e-01,5.582799999999999985e-01,5.415699999999999958e-01,0.000000000000000000e+00,5.621699999999999475e-01
0.000000000000000000e+00,0.000000000000000000e+00,0.000000000000000000e+00,5.423999999999999932e-01,0.000000000000000000e+00,0.000000000000000000e+00,0.000000000000000000e+00,0.000000000000000000e+00,0.000000000000000000e+00,0.000000000000000000e+00,0.000000000000000000e+00,0.000000000000000000e+00,0.000000000000000000e+00,5.502700000000000369e-01,0.000000000000000000e+00,0.000000000000000000e+00,0.000000000000000000e+00,0.000000000000000000e+00,0.000000000000000000e+00,0.000000000000000000e+00,0.000000000000000000e+00,0.000000000000000000e+00,0.000000000000000000e+00,0.000000000000000000e+00,0.000000000000000000e+00,0.000000000000000000e+00,0.000000000000000000e+00,0.000000000000000000e+00,0.000000000000000000e+00,0.000000000000000000e+00,0.000000000000000000e+00,5.436199999999999921e-01,0.000000000000000000e+00,0.000000000000000000e+00,5.471700000000000452e-01,5.576100000000000501e-01,5.570699999999999541e-01,0.000000000000000000e+00,0.000000000000000000e+00,5.414400000000000324e-01,0.000000000000000000e+00,0.000000000000000000e+00,5.489899999999999780e-01,0.000000000000000000e+00,0.000000000000000000e+00,0.000000000000000000e+00,0.000000000000000000e+00,0.000000000000000000e+00,5.501700000000000479e-01,5.507999999999999563e-01,0.000000000000000000e+00,0.000000000000000000e+00,5.485700000000000021e-01,0.000000000000000000e+00,0.000000000000000000e+00,0.000000000000000000e+00,0.000000000000000000e+00,0.000000000000000000e+00,5.526400000000000201e-01,0.000000000000000000e+00,0.000000000000000000e+00,0.000000000000000000e+00,0.000000000000000000e+00,0.000000000000000000e+00,0.000000000000000000e+00,5.441399999999999570e-01,0.000000000000000000e+00,0.000000000000000000e+00,0.000000000000000000e+00,0.000000000000000000e+00,0.000000000000000000e+00,0.000000000000000000e+00,0.000000000000000000e+00,0.000000000000000000e+00,0.000000000000000000e+00,0.000000000000000000e+00
0.000000000000000000e+00,0.000000000000000000e+00,0.000000000000000000e+00,0.000000000000000000e+00,0.000000000000000000e+00,0.000000000000000000e+00,0.000000000000000000e+00,0.000000000000000000e+00,0.000000000000000000e+00,0.000000000000000000e+00,0.000000000000000000e+00,0.000000000000000000e+00,0.000000000000000000e+00,0.000000000000000000e+00,0.000000000000000000e+00,0.000000000000000000e+00,0.000000000000000000e+00,0.000000000000000000e+00,0.000000000000000000e+00,0.000000000000000000e+00,0.000000000000000000e+00,0.000000000000000000e+00,0.000000000000000000e+00,0.000000000000000000e+00,0.000000000000000000e+00,0.000000000000000000e+00,0.000000000000000000e+00,0.000000000000000000e+00,0.000000000000000000e+00,0.000000000000000000e+00,0.000000000000000000e+00,0.000000000000000000e+00,0.000000000000000000e+00,0.000000000000000000e+00,5.464799999999999658e-01,5.416600000000000303e-01,5.498300000000000409e-01,0.000000000000000000e+00,0.000000000000000000e+00,0.000000000000000000e+00,0.000000000000000000e+00,0.000000000000000000e+00,0.000000000000000000e+00,0.000000000000000000e+00,0.000000000000000000e+00,0.000000000000000000e+00,0.000000000000000000e+00,0.000000000000000000e+00,0.000000000000000000e+00,0.000000000000000000e+00,0.000000000000000000e+00,0.000000000000000000e+00,0.000000000000000000e+00,0.000000000000000000e+00,0.000000000000000000e+00,0.000000000000000000e+00,0.000000000000000000e+00,0.000000000000000000e+00,0.000000000000000000e+00,0.000000000000000000e+00,0.000000000000000000e+00,0.000000000000000000e+00,0.000000000000000000e+00,0.000000000000000000e+00,0.000000000000000000e+00,0.000000000000000000e+00,0.000000000000000000e+00,0.000000000000000000e+00,0.000000000000000000e+00,0.000000000000000000e+00,0.000000000000000000e+00,0.000000000000000000e+00,0.000000000000000000e+00,0.000000000000000000e+00,0.000000000000000000e+00,0.000000000000000000e+00
5.817299999999999693e-01,5.743099999999999872e-01,0.000000000000000000e+00,6.054800000000000182e-01,5.941199999999999815e-01,5.558100000000000263e-01,5.918499999999999872e-01,5.513500000000000068e-01,5.662300000000000111e-01,5.582200000000000495e-01,5.812300000000000244e-01,5.733899999999999553e-01,5.838200000000000056e-01,5.935099999999999820e-01,5.866700000000000248e-01,5.505999999999999783e-01,5.783700000000000507e-01,5.810699999999999754e-01,0.000000000000000000e+00,0.000000000000000000e+00,5.877599999999999492e-01,0.000000000000000000e+00,5.477300000000000502e-01,5.834300000000000042e-01,5.573700000000000321e-01,5.654799999999999827e-01,5.608899999999999997e-01,5.491800000000000015e-01,0.000000000000000000e+00,5.472099999999999742e-01,5.759199999999999875e-01,6.074399999999999800e-01,5.830800000000000427e-01,5.934599999999999875e-01,6.134300000000000308e-01,6.075000000000000400e-01,6.232400000000000162e-01,5.868200000000000083e-01,6.007000000000000117e-01,6.042300000000000448e-01,6.025300000000000100e-01,5.935399999999999565e-01,5.690899999999999848e-01,5.839600000000000346e-01,5.536400000000000210e-01,5.764599999999999724e-01,0.000000000000000000e+00,5.477800000000000447e-01,6.001699999999999813e-01,6.045700000000000518e-01,5.576799999999999535e-01,5.757999999999999785e-01,5.989700000000000024e-01,5.633599999999999719e-01,5.782300000000000217e-01,5.678100000000000369e-01,5.701600000000000001e-01,5.756299999999999750e-01,5.822399999999999798e-01,5.494999999999999885e-01,5.498899999999999899e-01,5.586900000000000199e-01,5.633399999999999519e-01,5.653099999999999792e-01,0.000000000000000000e+00,6.028499999999999970e-01,0.000000000000000000e+00,5.496499999999999719e-01,5.908299999999999663e-01,5.528300000000000436e-01,5.683099999999999818e-01,0.000000000000000000e+00,5.623000000000000220e-01,5.419899999999999718e-01,0.000000000000000000e+00,5.662599999999999856e-01
