5.784799999999999942e-01,5.694200000000000372e-01,5.893899999999999695e-01,5.907200000000000228e-01,5.867099999999999538e-01,5.797900000000000276e-01,5.868400000000000283e-01,5.832399999999999807e-01,5.807999999999999829e-01,5.887499999999999956e-01,5.809999999999999609e-01,5.889900000000000135e-01,5.908799999999999608e-01,5.722599999999999909e-01,5.700499999999999456e-01,5.535600000000000520e-01,5.855399999999999494e-01,5.613799999999999901e-01,5.762699999999999489e-01,5.623599999999999710e-01,6.125199999999999534e-01,5.703000000000000291e-01,5.756799999999999695e-01,5.668699999999999850e-01,5.780399999999999983e-01,5.793899999999999606e-01,5.631300000000000194e-01,5.713500000000000245e-01,5.562200000000000477e-01,5.575599999999999445e-01,5.741699999999999582e-01,6.071999999999999620e-01,6.171900000000000164e-01,5.846400000000000485e-01,6.079099999999999504e-01,5.963800000000000212e-01,5.853599999999999914e-01,6.022699999999999720e-01,6.100100000000000522e-01,6.074199999999999600e-01,5.949400000000000244e-01,6.059499999999999886e-01,5.846299999999999830e-01,6.217099999999999849e-01,5.722500000000000364e-01,5.857400000000000384e-01,5.609899999999999887e-01,5.871600000000000152e-01,6.201900000000000190e-01,5.878400000000000292e-01,5.913899999999999713e-01,5.869999999999999662e-01,6.025899999999999590e-01,5.906700000000000284e-01,5.744599999999999707e-01,5.861499999999999488e-01,5.992600000000000149e-01,5.917799999999999727e-01,5.812800000000000189e-01,5.590899999999999759e-01,5.732599999999999918e-01,5.568100000000000271e-01,5.607699999999999907e-01,5.822000000000000508e-01,5.700600000000000112e-01,5.886599999999999611e-01,5.793399999999999661e-01,5.797499999999999876e-01,5.842300000000000271e-01,5.789800000000000502e-01,5.874899999999999567e-01,5.677600000000000424e-01,5.768499999999999739e-01,5.704799999999999871e-01,5.464700000000000113e-01,5.762699999999999489e-01
5.694200000000000372e-01,5.821800000000000308e-01,5.797999999999999821e-01,5.857499999999999929e-01,5.845599999999999685e-01,5.814599999999999769e-01,5.904099999999999904e-01,5.818999999999999728e-01,5.830699999999999772e-01,5.915700000000000403e-01,5.840499999999999581e-01,5.691599999999999993e-01,5.946900000000000519e-01,5.784599999999999742e-01,5.583299999999999930e-01,5.616400000000000281e-01,5.966599999999999682e-01,5.737999999999999767e-01,5.706299999999999706e-01,5.665999999999999925e-01,6.036299999999999999e-01,5.739900000000000002e-01,5.769600000000000284e-01,5.633200000000000429e-01,5.813700000000000534e-01,5.828600000000000447e-01,5.677299999999999569e-01,5.770100000000000229e-01,5.672000000000000375e-01,5.625799999999999690e-01,5.745700000000000252e-01,6.049499999999999877e-01,6.068000000000000060e-01,5.660100000000000131e-01,6.009700000000000042e-01,5.945700000000000429e-01,5.825200000000000378e-01,5.791800000000000281e-01,6.118099999999999650e-01,6.063100000000000156e-01,5.763200000000000545e-01,5.916299999999999892e-01,5.879199999999999982e-01,6.195100000000000051e-01,5.538600000000000190e-01,5.684799999999999853e-01,5.701699999999999546e-01,5.872600000000000042e-01,6.030999999999999694e-01,5.858200000000000074e-01,5.943199999999999594e-01,5.845900000000000540e-01,6.007299999999999862e-01,5.943300000000000249e-01,5.737100000000000533e-01,5.841699999999999671e-01,5.788999999999999702e-01,5.879999999999999671e-01,5.904000000000000359e-01,5.455699999999999994e-01,5.795900000000000496e-01,5.516999999999999682e-01,5.679199999999999804e-01,5.781100000000000128e-01,5.702800000000000091e-01,5.789600000000000302e-01,5.842000000000000526e-01,5.791199999999999681e-01,5.733599999999999808e-01,5.855799999999999894e-01,5.869299999999999518e-01,5.700300000000000367e-01,5.783599999999999852e-01,5.715500000000000025e-01,5.564200000000000257e-01,5.782699999999999507e-01
5.893899999999999695e-01,5.797999999999999821e-01,6.409399999999999542e-01,6.152300000000000546e-01,6.001199999999999868e-01,6.013300000000000312e-01,6.028599999999999515e-01,5.795000000000000151e-01,6.009499999999999842e-01,6.011699999999999822e-01,5.945399999999999574e-01,5.777099999999999458e-01,6.085099999999999953e-01,5.862000000000000544e-01,5.715400000000000480e-01,5.738299999999999512e-01,6.104899999999999771e-01,5.919499999999999762e-01,6.063199999999999701e-01,5.862100000000000088e-01,6.232999999999999652e-01,5.877999999999999892e-01,6.054699999999999527e-01,5.514200000000000212e-01,5.967000000000000082e-01,5.892300000000000315e-01,5.861499999999999488e-01,5.871100000000000207e-01,5.740199999999999747e-01,5.855399999999999494e-01,5.944899999999999629e-01,6.246500000000000385e-01,6.383699999999999930e-01,5.961499999999999577e-01,6.047099999999999698e-01,6.224600000000000133e-01,6.030299999999999550e-01,6.144399999999999862e-01,6.250099999999999545e-01,6.192499999999999671e-01,6.131199999999999983e-01,6.216199999999999504e-01,6.105800000000000116e-01,6.325399999999999912e-01,6.073699999999999655e-01,6.232400000000000162e-01,5.719199999999999839e-01,6.229099999999999637e-01,6.302299999999999569e-01,5.950900000000000079e-01,6.094300000000000272e-01,6.046000000000000263e-01,6.115500000000000380e-01,6.180400000000000338e-01,5.863099999999999978e-01,6.015899999999999581e-01,5.922300000000000342e-01,6.106500000000000261e-01,6.066500000000000226e-01,5.712800000000000100e-01,5.935700000000000420e-01,5.564400000000000457e-01,5.805200000000000360e-01,5.986700000000000355e-01,6.024800000000000155e-01,6.006700000000000372e-01,6.007500000000000062e-01,6.089700000000000113e-01,5.986799999999999899e-01,6.033899999999999819e-01,6.082899999999999974e-01,5.870699999999999807e-01,5.932199999999999696e-01,5.889600000000000390e-01,5.755799999999999805e-01,5.962100000000000177e-01
5.907200000000000228e-01,5.857499999999999929e-01,6.152300000000000546e-01,6.182900000000000063e-01,6.125399999999999734e-01,5.963000000000000522e-01,6.120900000000000230e-01,5.977500000000000036e-01,5.984699999999999465e-01,6.140799999999999592e-01,6.068099999999999605e-01,5.946900000000000519e-01,6.163699999999999735e-01,5.986700000000000355e-01,5.780499999999999527e-01,5.799299999999999455e-01,6.159599999999999520e-01,5.941100000000000270e-01,5.966299999999999937e-01,5.806999999999999940e-01,6.362900000000000222e-01,5.906099999999999683e-01,5.981699999999999795e-01,5.675499999999999989e-01,6.000600000000000378e-01,5.958999999999999853e-01,5.833599999999999897e-01,5.989100000000000534e-01,5.759199999999999875e-01,5.929600000000000426e-01,5.968700000000000117e-01,6.342799999999999550e-01,6.329200000000000381e-01,5.961300000000000487e-01,6.187099999999999822e-01,6.258899999999999464e-01,6.061900000000000066e-01,6.091400000000000148e-01,6.343100000000000405e-01,6.183300000000000463e-01,6.141999999999999682e-01,6.174399999999999888e-01,6.195500000000000451e-01,6.504400000000000182e-01,5.898499999999999854e-01,6.083399999999999919e-01,5.786999999999999922e-01,6.107799999999999896e-01,6.427300000000000235e-01,6.086899999999999533e-01,6.092499999999999583e-01,6.076700000000000434e-01,6.270400000000000418e-01,6.093300000000000383e-01,6.031600000000000295e-01,6.096500000000000252e-01,6.063399999999999901e-01,6.158599999999999630e-01,6.178099999999999703e-01,5.698400000000000132e-01,5.985700000000000465e-01,5.726299999999999724e-01,5.824500000000000233e-01,5.994399999999999729e-01,5.883199999999999541e-01,6.124300000000000299e-01,5.995099999999999874e-01,6.004599999999999937e-01,5.973000000000000531e-01,6.081100000000000394e-01,6.097900000000000542e-01,5.846799999999999775e-01,5.981999999999999540e-01,5.894200000000000550e-01,5.806700000000000195e-01,5.986399999999999499e-01
5.867099999999999538e-01,5.845599999999999685e-01,6.001199999999999868e-01,6.125399999999999734e-01,6.022399999999999975e-01,5.878200000000000092e-01,6.056899999999999507e-01,5.870600000000000263e-01,5.893800000000000150e-01,6.090200000000000058e-01,5.971400000000000041e-01,5.892500000000000515e-01,6.096799999999999997e-01,5.963399999999999812e-01,5.709600000000000231e-01,5.705400000000000471e-01,6.060600000000000431e-01,5.813300000000000134e-01,5.863800000000000123e-01,5.743099999999999872e-01,6.251299999999999635e-01,5.807999999999999829e-01,5.905599999999999739e-01,5.660300000000000331e-01,5.905799999999999939e-01,5.889299999999999535e-01,5.760699999999999710e-01,5.907200000000000228e-01,5.717400000000000260e-01,5.803000000000000380e-01,5.869199999999999973e-01,6.234800000000000342e-01,6.298200000000000465e-01,5.892399999999999860e-01,6.150900000000000256e-01,6.225300000000000278e-01,6.043600000000000083e-01,6.018999999999999906e-01,6.266899999999999693e-01,6.176300000000000123e-01,6.021499999999999631e-01,6.089400000000000368e-01,6.133699999999999708e-01,6.417300000000000226e-01,5.793099999999999916e-01,5.990199999999999969e-01,5.733899999999999553e-01,5.989200000000000079e-01,6.287800000000000056e-01,6.038200000000000234e-01,6.014800000000000146e-01,6.016099999999999781e-01,6.154300000000000326e-01,6.018900000000000361e-01,5.921199999999999797e-01,6.023199999999999665e-01,5.983899999999999775e-01,6.056300000000000017e-01,6.101999999999999647e-01,5.647400000000000198e-01,5.927999999999999936e-01,5.664400000000000546e-01,5.759900000000000020e-01,5.914000000000000368e-01,5.822199999999999598e-01,6.055199999999999472e-01,5.930800000000000516e-01,5.923399999999999777e-01,5.899600000000000399e-01,5.979700000000000015e-01,6.014599999999999946e-01,5.767700000000000049e-01,5.919400000000000217e-01,5.816200000000000259e-01,5.700499999999999456e-01,5.914899999999999602e-01
5.797900000000000276e-01,5.814599999999999769e-01,6.013300000000000312e-01,5.963000000000000522e-01,5.878200000000000092e-01,5.886000000000000121e-01,5.929900000000000171e-01,5.901699999999999724e-01,5.889299999999999535e-01,5.866799999999999793e-01,5.834799999999999986e-01,5.732099999999999973e-01,5.949200000000000044e-01,5.808999999999999719e-01,5.678499999999999659e-01,5.602000000000000313e-01,5.939299999999999580e-01,5.766700000000000159e-01,5.800300000000000455e-01,5.706400000000000361e-01,6.072800000000000420e-01,5.767200000000000104e-01,5.862899999999999778e-01,5.603599999999999692e-01,5.857499999999999929e-01,5.859400000000000164e-01,5.734200000000000408e-01,5.773899999999999588e-01,5.683200000000000474e-01,5.648900000000000032e-01,5.819100000000000383e-01,6.091800000000000548e-01,6.214300000000000379e-01,5.777700000000000058e-01,6.024199999999999555e-01,6.029999999999999805e-01,5.918200000000000127e-01,5.918999999999999817e-01,6.128799999999999804e-01,6.192699999999999871e-01,5.944700000000000539e-01,6.069700000000000095e-01,5.923899999999999721e-01,6.185800000000000187e-01,5.804000000000000270e-01,5.887599999999999500e-01,5.708499999999999686e-01,5.997000000000000108e-01,6.090700000000000003e-01,5.888600000000000501e-01,5.997599999999999598e-01,5.917400000000000437e-01,6.052300000000000457e-01,6.050699999999999967e-01,5.701600000000000001e-01,5.901800000000000379e-01,5.848900000000000210e-01,5.952199999999999713e-01,5.930100000000000371e-01,5.590899999999999759e-01,5.836000000000000076e-01,5.511899999999999578e-01,5.761100000000000110e-01,5.873800000000000132e-01,5.812699999999999534e-01,5.847599999999999465e-01,5.889499999999999735e-01,5.906799999999999828e-01,5.846299999999999830e-01,5.880999999999999561e-01,5.930600000000000316e-01,5.774399999999999533e-01,5.825299999999999923e-01,5.780899999999999928e-01,5.556799999999999518e-01,5.847900000000000320e-01
5.868400000000000283e-01,5.904099999999999904e-01,6.028599999999999515e-01,6.120900000000000230e-01,6.056899999999999507e-01,5.929799999999999516e-01,6.078900000000000414e-01,5.951400000000000023e-01,5.950100000000000389e-01,6.129400000000000404e-01,6.045500000000000318e-01,5.926099999999999701e-01,6.135599999999999943e-01,5.965700000000000447e-01,5.752899999999999681e-01,5.733000000000000318e-01,6.112300000000000511e-01,5.859799999999999454e-01,5.892600000000000060e-01,5.783300000000000107e-01,6.306599999999999984e-01,5.860300000000000509e-01,5.930699999999999861e-01,5.720600000000000129e-01,5.960699999999999887e-01,5.943000000000000504e-01,5.788100000000000467e-01,5.949900000000000189e-01,5.761399999999999855e-01,5.833800000000000097e-01,5.906299999999999883e-01,6.282400000000000206e-01,6.263800000000000479e-01,5.885099999999999776e-01,6.166099999999999914e-01,6.180099999999999483e-01,6.048799999999999732e-01,6.017099999999999671e-01,6.363499999999999712e-01,6.258500000000000174e-01,6.013899999999999801e-01,6.143699999999999717e-01,6.108999999999999986e-01,6.435300000000000464e-01,5.767600000000000504e-01,5.959999999999999742e-01,5.815399999999999459e-01,6.020299999999999541e-01,6.314800000000000413e-01,6.064500000000000446e-01,6.046000000000000263e-01,6.066700000000000426e-01,6.249500000000000055e-01,6.070400000000000240e-01,5.956399999999999473e-01,6.053300000000000347e-01,6.021999999999999575e-01,6.094399999999999817e-01,6.109200000000000186e-01,5.660800000000000276e-01,5.913100000000000023e-01,5.683200000000000474e-01,5.794200000000000461e-01,5.940499999999999670e-01,5.826400000000000468e-01,6.092600000000000238e-01,5.968499999999999917e-01,5.956099999999999728e-01,5.909100000000000463e-01,6.008299999999999752e-01,6.039700000000000069e-01,5.807200000000000140e-01,5.943500000000000449e-01,5.845900000000000540e-01,5.696700000000000097e-01,5.930299999999999461e-01
5.832399999999999807e-01,5.818999999999999728e-01,5.795000000000000151e-01,5.977500000000000036e-01,5.870600000000000263e-01,5.901699999999999724e-01,5.951400000000000023e-01,5.996599999999999708e-01,5.859699999999999909e-01,5.893899999999999695e-01,5.883500000000000396e-01,5.741300000000000292e-01,5.959999999999999742e-01,5.781600000000000072e-01,5.701399999999999801e-01,5.600300000000000278e-01,5.846200000000000285e-01,5.674700000000000299e-01,5.717400000000000260e-01,5.632500000000000284e-01,6.238599999999999701e-01,5.719199999999999839e-01,5.793800000000000061e-01,5.709300000000000486e-01,5.865500000000000158e-01,5.929499999999999771e-01,5.685000000000000053e-01,5.811500000000000554e-01,5.688199999999999923e-01,5.591699999999999449e-01,5.788699999999999957e-01,6.098299999999999832e-01,6.209400000000000475e-01,5.696299999999999697e-01,6.158500000000000085e-01,5.876900000000000457e-01,5.972600000000000131e-01,5.727799999999999558e-01,6.228599999999999692e-01,6.102100000000000302e-01,5.839699999999999891e-01,6.028900000000000370e-01,5.827099999999999502e-01,6.270299999999999763e-01,0.000000000000000000e+00,5.584599999999999564e-01,5.768299999999999539e-01,5.831600000000000117e-01,6.176899999999999613e-01,5.906200000000000339e-01,5.980799999999999450e-01,5.910499999999999643e-01,6.095399999999999707e-01,5.969499999999999806e-01,5.719199999999999839e-01,5.904899999999999594e-01,5.951400000000000023e-01,5.929699999999999971e-01,5.873300000000000187e-01,5.551000000000000378e-01,5.743899999999999562e-01,5.447499999999999565e-01,5.687900000000000178e-01,5.769800000000000484e-01,5.637499999999999734e-01,5.886799999999999811e-01,5.830400000000000027e-01,5.795599999999999641e-01,5.814399999999999569e-01,5.824200000000000488e-01,5.875000000000000222e-01,5.697799999999999532e-01,5.819699999999999873e-01,5.739199999999999857e-01,5.455299999999999594e-01,5.852100000000000080e-01
5.807999999999999829e-01,5.830699999999999772e-01,6.009499999999999842e-01,5.984699999999999465e-01,5.893800000000000150e-01,5.889299999999999535e-01,5.950100000000000389e-01,5.859699999999999909e-01,5.902699999999999614e-01,5.931999999999999496e-01,5.887200000000000211e-01,5.762899999999999689e-01,5.991100000000000314e-01,5.824799999999999978e-01,5.642300000000000093e-01,5.656400000000000317e-01,5.994699999999999473e-01,5.814899999999999514e-01,5.821699999999999653e-01,5.742800000000000127e-01,6.067700000000000315e-01,5.804000000000000270e-01,5.861199999999999743e-01,5.620500000000000496e-01,5.898999999999999799e-01,5.879199999999999982e-01,5.757900000000000240e-01,5.826599999999999557e-01,5.711600000000000010e-01,5.715400000000000480e-01,5.816200000000000259e-01,6.102400000000000047e-01,6.186500000000000332e-01,5.767400000000000304e-01,6.036299999999999999e-01,6.045099999999999918e-01,5.919100000000000472e-01,5.941100000000000270e-01,6.121600000000000374e-01,6.147599999999999731e-01,5.894099999999999895e-01,6.008200000000000207e-01,5.973100000000000076e-01,6.191499999999999782e-01,5.759100000000000330e-01,5.896400000000000530e-01,5.729800000000000448e-01,6.000699999999999923e-01,6.130999999999999783e-01,5.910999999999999588e-01,6.002699999999999703e-01,5.946900000000000519e-01,6.054100000000000037e-01,6.062100000000000266e-01,5.770399999999999974e-01,5.920699999999999852e-01,5.865399999999999503e-01,5.965899999999999537e-01,5.939400000000000235e-01,5.574200000000000266e-01,5.855599999999999694e-01,5.586900000000000199e-01,5.785900000000000487e-01,5.892500000000000515e-01,5.819900000000000073e-01,5.831600000000000117e-01,5.925200000000000466e-01,5.918700000000000072e-01,5.830300000000000482e-01,5.916000000000000147e-01,5.948999999999999844e-01,5.786700000000000177e-01,5.854800000000000004e-01,5.797799999999999621e-01,5.607699999999999907e-01,5.858999999999999764e-01
5.887499999999999956e-01,5.915700000000000403e-01,6.011699999999999822e-01,6.140900000000000247e-01,6.090200000000000058e-01,5.866799999999999793e-01,6.129400000000000404e-01,5.893899999999999695e-01,5.931999999999999496e-01,6.131699999999999928e-01,6.050100000000000477e-01,5.920699999999999852e-01,6.173899999999999944e-01,6.069099999999999495e-01,5.666700000000000070e-01,5.797999999999999821e-01,6.158500000000000085e-01,5.958700000000000108e-01,5.895599999999999730e-01,5.828200000000000047e-01,6.271900000000000253e-01,5.893800000000000150e-01,5.917099999999999582e-01,5.688199999999999923e-01,5.973300000000000276e-01,5.943599999999999994e-01,5.810699999999999754e-01,5.999799999999999578e-01,5.787299999999999667e-01,5.967799999999999772e-01,5.919999999999999707e-01,6.218599999999999683e-01,6.253600000000000270e-01,5.863300000000000178e-01,6.096500000000000252e-01,6.325699999999999656e-01,6.102100000000000302e-01,6.047000000000000153e-01,6.385800000000000365e-01,6.245399999999999840e-01,6.007900000000000462e-01,6.096700000000000452e-01,6.268299999999999983e-01,6.584499999999999797e-01,5.690300000000000358e-01,6.019700000000000051e-01,5.808699999999999974e-01,6.041199999999999903e-01,6.322499999999999787e-01,6.065300000000000136e-01,5.991100000000000314e-01,6.078400000000000469e-01,6.244100000000000206e-01,6.054000000000000492e-01,6.041999999999999593e-01,6.050900000000000167e-01,6.021400000000000086e-01,6.115099999999999980e-01,6.208099999999999730e-01,5.572099999999999831e-01,5.990999999999999659e-01,5.742800000000000127e-01,5.829600000000000337e-01,5.958499999999999908e-01,5.832399999999999807e-01,6.078799999999999759e-01,5.997700000000000253e-01,5.948700000000000099e-01,5.891100000000000225e-01,6.097700000000000342e-01,6.078799999999999759e-01,5.750300000000000411e-01,6.005700000000000482e-01,5.845700000000000340e-01,5.831600000000000117e-01,5.946900000000000519e-01
5.809999999999999609e-01,5.840499999999999581e-01,5.945399999999999574e-01,6.068099999999999605e-01,5.971400000000000041e-01,5.834799999999999986e-01,6.045500000000000318e-01,5.883500000000000396e-01,5.887200000000000211e-01,6.050100000000000477e-01,5.955300000000000038e-01,5.811399999999999899e-01,6.063399999999999901e-01,5.907599999999999518e-01,5.681300000000000239e-01,5.710600000000000120e-01,6.051900000000000057e-01,5.844099999999999850e-01,5.832800000000000207e-01,5.729800000000000448e-01,6.156000000000000361e-01,5.799800000000000511e-01,5.881800000000000361e-01,5.658800000000000496e-01,5.903199999999999559e-01,5.883099999999999996e-01,5.762399999999999745e-01,5.906000000000000139e-01,5.740399999999999947e-01,5.811100000000000154e-01,5.825700000000000323e-01,6.139499999999999957e-01,6.207700000000000440e-01,5.767099999999999449e-01,6.072999999999999510e-01,6.112900000000000000e-01,5.981400000000000050e-01,5.934899999999999620e-01,6.170799999999999619e-01,6.094100000000000072e-01,5.864599999999999813e-01,5.972199999999999731e-01,6.123399999999999954e-01,6.336899999999999755e-01,5.636999999999999789e-01,5.871899999999999897e-01,5.792399999999999771e-01,5.944899999999999629e-01,6.178099999999999703e-01,6.017000000000000126e-01,5.982600000000000140e-01,5.993699999999999584e-01,6.117899999999999450e-01,6.019400000000000306e-01,5.902399999999999869e-01,5.987900000000000444e-01,5.915700000000000403e-01,6.005899999999999572e-01,6.082800000000000429e-01,5.594700000000000228e-01,5.925799999999999956e-01,5.635299999999999754e-01,5.792000000000000481e-01,5.880199999999999871e-01,5.785599999999999632e-01,5.966099999999999737e-01,5.941699999999999759e-01,5.882899999999999796e-01,5.839299999999999491e-01,5.964800000000000102e-01,5.972199999999999731e-01,5.731199999999999628e-01,5.898999999999999799e-01,5.796599999999999531e-01,5.709199999999999831e-01,5.884899999999999576e-01
5.889900000000000135e-01,5.691599999999999993e-01,5.777099999999999458e-01,5.946900000000000519e-01,5.892500000000000515e-01,5.732099999999999973e-01,5.926099999999999701e-01,5.741300000000000292e-01,5.762899999999999689e-01,5.920699999999999852e-01,5.811399999999999899e-01,5.875299999999999967e-01,5.935000000000000275e-01,5.843500000000000361e-01,5.627799999999999470e-01,5.496100000000000430e-01,5.891899999999999915e-01,5.670399999999999885e-01,5.669399999999999995e-01,5.610600000000000032e-01,6.096799999999999997e-01,5.659399999999999986e-01,5.714700000000000335e-01,5.655900000000000372e-01,5.763899999999999579e-01,5.789499999999999647e-01,5.596900000000000208e-01,5.770300000000000429e-01,5.575400000000000356e-01,5.708199999999999941e-01,5.766000000000000014e-01,6.046700000000000408e-01,6.215000000000000524e-01,5.821100000000000163e-01,6.008499999999999952e-01,6.109700000000000131e-01,5.937200000000000255e-01,5.937099999999999600e-01,6.157099999999999795e-01,6.114699999999999580e-01,5.916000000000000147e-01,5.986599999999999699e-01,6.036099999999999799e-01,6.366699999999999582e-01,5.544900000000000384e-01,5.845599999999999685e-01,5.590300000000000269e-01,5.839900000000000091e-01,6.231299999999999617e-01,5.930400000000000116e-01,5.842899999999999761e-01,5.908400000000000318e-01,6.050400000000000222e-01,5.877400000000000402e-01,5.779400000000000093e-01,5.867700000000000138e-01,5.984000000000000430e-01,5.934199999999999475e-01,5.963899999999999757e-01,5.516400000000000192e-01,5.729699999999999793e-01,5.576299999999999590e-01,5.617400000000000171e-01,5.816099999999999604e-01,5.645900000000000363e-01,5.936799999999999855e-01,5.776599999999999513e-01,5.773500000000000298e-01,5.780699999999999728e-01,5.843899999999999650e-01,5.878700000000000037e-01,5.601300000000000168e-01,5.807700000000000085e-01,5.671199999999999575e-01,5.530699999999999505e-01,5.752500000000000391e-01
5.908799999999999608e-01,5.946900000000000519e-01,6.085099999999999953e-01,6.163699999999999735e-01,6.096799999999999997e-01,5.949200000000000044e-01,6.135599999999999943e-01,5.959999999999999742e-01,5.991100000000000314e-01,6.173899999999999944e-01,6.063399999999999901e-01,5.935000000000000275e-01,6.194100000000000161e-01,6.003500000000000503e-01,5.765000000000000124e-01,5.805900000000000505e-01,6.163999999999999480e-01,5.919499999999999762e-01,5.933100000000000041e-01,5.827200000000000157e-01,6.341299999999999715e-01,5.910699999999999843e-01,5.976299999999999946e-01,5.756400000000000405e-01,6.019400000000000306e-01,5.991400000000000059e-01,5.840899999999999981e-01,6.003899999999999793e-01,5.814399999999999569e-01,5.904399999999999649e-01,5.938400000000000345e-01,6.345800000000000329e-01,6.310000000000000053e-01,5.905500000000000194e-01,6.204100000000000170e-01,6.254300000000000415e-01,6.090499999999999803e-01,6.042499999999999538e-01,6.441500000000000004e-01,6.292299999999999560e-01,6.035199999999999454e-01,6.183899999999999952e-01,6.191200000000000037e-01,6.545499999999999652e-01,5.785299999999999887e-01,6.028000000000000025e-01,5.856400000000000494e-01,6.088099999999999623e-01,6.365600000000000147e-01,6.092699999999999783e-01,6.089700000000000113e-01,6.097900000000000542e-01,6.296199999999999575e-01,6.128900000000000459e-01,5.994699999999999473e-01,6.099099999999999522e-01,6.038900000000000379e-01,6.133399999999999963e-01,6.176000000000000378e-01,5.646600000000000508e-01,6.013300000000000312e-01,5.700399999999999912e-01,5.860300000000000509e-01,5.987000000000000099e-01,5.869799999999999462e-01,6.104199999999999626e-01,6.011300000000000532e-01,6.001699999999999813e-01,5.975000000000000311e-01,6.089599999999999458e-01,6.098500000000000032e-01,5.827799999999999647e-01,5.986099999999999755e-01,5.877700000000000147e-01,5.770499999999999519e-01,5.971499999999999586e-01
5.722599999999999909e-01,5.784599999999999742e-01,5.862000000000000544e-01,5.986700000000000355e-01,5.963300000000000267e-01,5.808999999999999719e-01,5.965700000000000447e-01,5.781600000000000072e-01,5.824799999999999978e-01,6.069099999999999495e-01,5.907599999999999518e-01,5.843500000000000361e-01,6.003500000000000503e-01,5.844099999999999850e-01,5.637199999999999989e-01,5.711500000000000465e-01,6.052100000000000257e-01,5.775700000000000278e-01,5.807499999999999885e-01,5.677600000000000424e-01,6.166700000000000514e-01,5.765799999999999814e-01,5.803599999999999870e-01,5.617299999999999516e-01,5.817700000000000093e-01,5.804799999999999960e-01,5.704799999999999871e-01,5.838499999999999801e-01,5.658300000000000551e-01,5.757600000000000495e-01,5.763000000000000345e-01,6.132699999999999818e-01,6.167200000000000459e-01,5.780800000000000383e-01,6.044399999999999773e-01,6.093800000000000328e-01,5.903599999999999959e-01,5.965799999999999992e-01,6.209799999999999764e-01,5.964899999999999647e-01,5.938099999999999490e-01,5.959299999999999597e-01,6.156000000000000361e-01,6.367599999999999927e-01,5.651399999999999757e-01,5.835700000000000331e-01,5.657699999999999951e-01,5.900199999999999889e-01,6.178099999999999703e-01,5.941600000000000215e-01,5.965200000000000502e-01,5.897599999999999509e-01,6.121199999999999974e-01,5.919200000000000017e-01,5.891199999999999770e-01,5.953500000000000458e-01,5.930100000000000371e-01,5.963399999999999812e-01,6.055099999999999927e-01,5.558999999999999497e-01,5.884500000000000286e-01,5.628900000000000015e-01,5.682000000000000384e-01,5.863599999999999923e-01,5.726700000000000124e-01,5.984399999999999720e-01,5.833099999999999952e-01,5.813800000000000079e-01,5.785000000000000142e-01,5.910100000000000353e-01,5.924500000000000322e-01,5.705799999999999761e-01,5.827700000000000102e-01,5.738699999999999912e-01,5.614599999999999591e-01,5.843399999999999705e-01
5.700499999999999456e-01,5.583299999999999930e-01,5.715400000000000480e-01,5.780499999999999527e-01,5.709600000000000231e-01,5.678499999999999659e-01,5.752899999999999681e-01,5.701399999999999801e-01,5.642300000000000093e-01,5.666700000000000070e-01,5.681300000000000239e-01,5.627799999999999470e-01,5.765000000000000124e-01,5.637199999999999989e-01,5.533700000000000285e-01,5.413000000000000034e-01,5.648999999999999577e-01,5.492399999999999505e-01,5.613899999999999446e-01,5.463099999999999623e-01,5.959900000000000198e-01,5.537300000000000555e-01,5.645599999999999508e-01,5.510500000000000398e-01,5.631300000000000194e-01,5.646200000000000108e-01,5.514799999999999702e-01,5.614000000000000101e-01,5.475299999999999612e-01,5.469000000000000528e-01,5.623399999999999510e-01,5.850600000000000245e-01,6.022100000000000231e-01,5.655099999999999572e-01,5.874500000000000277e-01,5.793599999999999861e-01,5.703799999999999981e-01,5.765000000000000124e-01,5.880300000000000527e-01,5.913000000000000478e-01,5.770499999999999519e-01,5.863899999999999668e-01,5.734000000000000208e-01,6.002100000000000213e-01,5.554400000000000448e-01,5.701699999999999546e-01,5.507499999999999618e-01,5.696799999999999642e-01,5.955200000000000493e-01,5.781899999999999817e-01,5.744500000000000162e-01,5.717499999999999805e-01,5.788100000000000467e-01,5.735000000000000098e-01,5.587800000000000544e-01,5.735000000000000098e-01,5.755200000000000315e-01,5.750800000000000356e-01,5.741899999999999782e-01,5.475200000000000067e-01,5.592500000000000249e-01,0.000000000000000000e+00,5.479000000000000536e-01,5.661899999999999711e-01,5.546200000000000019e-01,5.769600000000000284e-01,5.633200000000000429e-01,5.653700000000000392e-01,5.683500000000000218e-01,5.621800000000000130e-01,5.719499999999999584e-01,5.532799999999999940e-01,5.610899999999999777e-01,5.559100000000000152e-01,0.000000000000000000e+00,5.634799999999999809e-01
5.535600000000000520e-01,5.616400000000000281e-01,5.738299999999999512e-01,5.799299999999999455e-01,5.705400000000000471e-01,5.602000000000000313e-01,5.733000000000000318e-01,5.600300000000000278e-01,5.656400000000000317e-01,5.797999999999999821e-01,5.710600000000000120e-01,5.496100000000000430e-01,5.805900000000000505e-01,5.711500000000000465e-01,5.413000000000000034e-01,5.527900000000000036e-01,5.812100000000000044e-01,5.678900000000000059e-01,5.629499999999999504e-01,5.554799999999999738e-01,5.848400000000000265e-01,5.577999999999999625e-01,5.657900000000000151e-01,0.000000000000000000e+00,5.668400000000000105e-01,5.618400000000000061e-01,5.588999999999999524e-01,5.687600000000000433e-01,5.559199999999999697e-01,5.647400000000000198e-01,5.586100000000000509e-01,5.857400000000000384e-01,5.886200000000000321e-01,5.506100000000000438e-01,5.731000000000000538e-01,5.882800000000000251e-01,5.732800000000000118e-01,5.610500000000000487e-01,5.783000000000000362e-01,5.792899999999999716e-01,5.639499999999999513e-01,5.664700000000000291e-01,5.872699999999999587e-01,6.017900000000000471e-01,5.571199999999999486e-01,5.680399999999999894e-01,5.537300000000000555e-01,5.713099999999999845e-01,5.835700000000000331e-01,5.703599999999999781e-01,5.742599999999999927e-01,5.716200000000000170e-01,5.790800000000000392e-01,5.763800000000000034e-01,5.651699999999999502e-01,5.737299999999999622e-01,5.582500000000000240e-01,5.744599999999999707e-01,5.831100000000000172e-01,0.000000000000000000e+00,5.706400000000000361e-01,5.448899999999999855e-01,5.579199999999999715e-01,5.653299999999999992e-01,5.623500000000000165e-01,5.649800000000000377e-01,5.724700000000000344e-01,5.675799999999999734e-01,5.583500000000000130e-01,5.722199999999999509e-01,5.716499999999999915e-01,5.521000000000000352e-01,5.668600000000000305e-01,5.569899999999999851e-01,5.572000000000000286e-01,5.664700000000000291e-01
5.855399999999999494e-01,5.966599999999999682e-01,6.104899999999999771e-01,6.159599999999999520e-01,6.060499999999999776e-01,5.939299999999999580e-01,6.112300000000000511e-01,5.846200000000000285e-01,5.994699999999999473e-01,6.158500000000000085e-01,6.051900000000000057e-01,5.891899999999999915e-01,6.163999999999999480e-01,6.052100000000000257e-01,5.648999999999999577e-01,5.812100000000000044e-01,6.177799999999999958e-01,6.014300000000000201e-01,5.938700000000000090e-01,5.878200000000000092e-01,6.215100000000000069e-01,5.934199999999999475e-01,5.947099999999999609e-01,5.670800000000000285e-01,6.012600000000000167e-01,5.965000000000000302e-01,5.838299999999999601e-01,6.006399999999999517e-01,5.833800000000000097e-01,6.013300000000000312e-01,5.961100000000000287e-01,6.260999999999999899e-01,6.299599999999999644e-01,5.877099999999999547e-01,6.127099999999999769e-01,6.348700000000000454e-01,6.088000000000000078e-01,6.091800000000000548e-01,6.386899999999999800e-01,6.294399999999999995e-01,6.034000000000000474e-01,6.115800000000000125e-01,6.277700000000000502e-01,6.569300000000000139e-01,5.784799999999999942e-01,5.988299999999999734e-01,5.814700000000000424e-01,6.108599999999999586e-01,6.329000000000000181e-01,6.044300000000000228e-01,6.056399999999999562e-01,6.091400000000000148e-01,6.261999999999999789e-01,6.142100000000000337e-01,6.030600000000000405e-01,6.080299999999999594e-01,5.978599999999999470e-01,6.119200000000000195e-01,6.215399999999999814e-01,5.577299999999999480e-01,5.985899999999999554e-01,5.739300000000000512e-01,5.880699999999999816e-01,5.987400000000000500e-01,5.896299999999999875e-01,6.058799999999999741e-01,6.034699999999999509e-01,6.003899999999999793e-01,5.908900000000000263e-01,6.126200000000000534e-01,6.095899999999999652e-01,5.802199999999999580e-01,6.008999999999999897e-01,5.877799999999999692e-01,5.857299999999999729e-01,5.961400000000000032e-01
5.613799999999999901e-01,5.737999999999999767e-01,5.919499999999999762e-01,5.941100000000000270e-01,5.813300000000000134e-01,5.766700000000000159e-01,5.859799999999999454e-01,5.674700000000000299e-01,5.814899999999999514e-01,5.958700000000000108e-01,5.844099999999999850e-01,5.670399999999999885e-01,5.919499999999999762e-01,5.775799999999999823e-01,5.492399999999999505e-01,5.678900000000000059e-01,6.014300000000000201e-01,5.780999999999999472e-01,5.772500000000000409e-01,5.691100000000000048e-01,5.958099999999999508e-01,5.719300000000000495e-01,5.764599999999999724e-01,5.456400000000000139e-01,5.809900000000000064e-01,5.745299999999999851e-01,5.688100000000000378e-01,5.788200000000000012e-01,5.660300000000000331e-01,5.769199999999999884e-01,5.728400000000000158e-01,6.023699999999999610e-01,6.059900000000000286e-01,5.654900000000000482e-01,5.883000000000000451e-01,6.015200000000000546e-01,5.873699999999999477e-01,5.844300000000000050e-01,6.038400000000000434e-01,5.918600000000000527e-01,5.802399999999999780e-01,5.877200000000000202e-01,6.014199999999999546e-01,6.227399999999999602e-01,5.710899999999999865e-01,5.716700000000000115e-01,5.631199999999999539e-01,5.909299999999999553e-01,6.049700000000000077e-01,5.811899999999999844e-01,5.884099999999999886e-01,5.848700000000000010e-01,6.014000000000000457e-01,5.939499999999999780e-01,5.823099999999999943e-01,5.865200000000000413e-01,5.779800000000000493e-01,5.874800000000000022e-01,5.924199999999999466e-01,5.456400000000000139e-01,5.778600000000000403e-01,5.581500000000000350e-01,5.684399999999999453e-01,5.829100000000000392e-01,5.745099999999999651e-01,5.804000000000000270e-01,5.845799999999999885e-01,5.816299999999999804e-01,5.704599999999999671e-01,5.876400000000000512e-01,5.858400000000000274e-01,5.650100000000000122e-01,5.787999999999999812e-01,5.719100000000000295e-01,5.629600000000000160e-01,5.759199999999999875e-01
5.762599999999999945e-01,5.706299999999999706e-01,6.063199999999999701e-01,5.966299999999999937e-01,5.863800000000000123e-01,5.800300000000000455e-01,5.892600000000000060e-01,5.717400000000000260e-01,5.821699999999999653e-01,5.895599999999999730e-01,5.832800000000000207e-01,5.669399999999999995e-01,5.933100000000000041e-01,5.807499999999999885e-01,5.613899999999999446e-01,5.629499999999999504e-01,5.938700000000000090e-01,5.772500000000000409e-01,5.855599999999999694e-01,5.715799999999999770e-01,6.050499999999999767e-01,5.736099999999999532e-01,5.854500000000000259e-01,5.469500000000000473e-01,5.798900000000000166e-01,5.754399999999999515e-01,5.727799999999999558e-01,5.782800000000000162e-01,5.654599999999999627e-01,5.741699999999999582e-01,5.759199999999999875e-01,6.021699999999999831e-01,6.150999999999999801e-01,5.760600000000000165e-01,5.898499999999999854e-01,6.051100000000000367e-01,5.894899999999999585e-01,5.915200000000000458e-01,6.005599999999999827e-01,5.926599999999999646e-01,5.877000000000000002e-01,5.904599999999999849e-01,6.022899999999999920e-01,6.150299999999999656e-01,5.774099999999999788e-01,5.955399999999999583e-01,5.634200000000000319e-01,5.957999999999999963e-01,6.066700000000000426e-01,5.863000000000000433e-01,5.917700000000000182e-01,5.892600000000000060e-01,5.941800000000000415e-01,5.942100000000000160e-01,5.782300000000000217e-01,5.876000000000000112e-01,5.794799999999999951e-01,5.951499999999999568e-01,5.965500000000000247e-01,5.593700000000000339e-01,5.799999999999999600e-01,5.512799999999999923e-01,5.688400000000000123e-01,5.808299999999999574e-01,5.809400000000000119e-01,5.861100000000000199e-01,5.839999999999999636e-01,5.858299999999999619e-01,5.799900000000000055e-01,5.865099999999999758e-01,5.897900000000000365e-01,5.726799999999999669e-01,5.803599999999999870e-01,5.744700000000000362e-01,5.637100000000000444e-01,5.824200000000000488e-01
5.623599999999999710e-01,5.665999999999999925e-01,5.862100000000000088e-01,5.806999999999999940e-01,5.743099999999999872e-01,5.706400000000000361e-01,5.783300000000000107e-01,5.632500000000000284e-01,5.742800000000000127e-01,5.828200000000000047e-01,5.729800000000000448e-01,5.610600000000000032e-01,5.827200000000000157e-01,5.677600000000000424e-01,5.463099999999999623e-01,5.554799999999999738e-01,5.878200000000000092e-01,5.691199999999999593e-01,5.715799999999999770e-01,5.594200000000000284e-01,5.892100000000000115e-01,5.631099999999999994e-01,5.708699999999999886e-01,5.437300000000000466e-01,5.708100000000000396e-01,5.672000000000000375e-01,5.622700000000000475e-01,5.667699999999999960e-01,5.553000000000000158e-01,5.626200000000000090e-01,5.660699999999999621e-01,5.954099999999999948e-01,5.986200000000000410e-01,5.639199999999999768e-01,5.814700000000000424e-01,5.909299999999999553e-01,5.753399999999999626e-01,5.771500000000000519e-01,5.919600000000000417e-01,5.857599999999999474e-01,5.738799999999999457e-01,5.795900000000000496e-01,5.877299999999999747e-01,6.052300000000000457e-01,5.631899999999999684e-01,5.723300000000000054e-01,5.537100000000000355e-01,5.820499999999999563e-01,5.957999999999999963e-01,5.741199999999999637e-01,5.824799999999999978e-01,5.762800000000000145e-01,5.854700000000000459e-01,5.840400000000000036e-01,5.669499999999999540e-01,5.753899999999999570e-01,5.700899999999999856e-01,5.796900000000000386e-01,5.814899999999999514e-01,5.420099999999999918e-01,5.705799999999999761e-01,5.494099999999999540e-01,5.600600000000000023e-01,5.702700000000000546e-01,5.706799999999999651e-01,5.707699999999999996e-01,5.760699999999999710e-01,5.735599999999999588e-01,5.672000000000000375e-01,5.768799999999999484e-01,5.776400000000000423e-01,5.633700000000000374e-01,5.697200000000000042e-01,5.648400000000000087e-01,5.537100000000000355e-01,5.688199999999999923e-01
6.125199999999999534e-01,6.036299999999999999e-01,6.232999999999999652e-01,6.362900000000000222e-01,6.251299999999999635e-01,6.072800000000000420e-01,6.306599999999999984e-01,6.238599999999999701e-01,6.067700000000000315e-01,6.271900000000000253e-01,6.156000000000000361e-01,6.096799999999999997e-01,6.341299999999999715e-01,6.166700000000000514e-01,5.959900000000000198e-01,5.848400000000000265e-01,6.215100000000000069e-01,5.958099999999999508e-01,6.050499999999999767e-01,5.892100000000000115e-01,6.665499999999999758e-01,6.000199999999999978e-01,6.122100000000000319e-01,5.897999999999999909e-01,6.117399999999999505e-01,6.112600000000000255e-01,5.908600000000000518e-01,6.112900000000000000e-01,5.848799999999999555e-01,5.936900000000000510e-01,6.086599999999999788e-01,6.548100000000000032e-01,6.570500000000000229e-01,6.155300000000000216e-01,6.468300000000000161e-01,6.432299999999999685e-01,6.270099999999999563e-01,6.190600000000000547e-01,6.654200000000000115e-01,6.473499999999999810e-01,6.278700000000000392e-01,6.392499999999999849e-01,6.258799999999999919e-01,6.761300000000000088e-01,5.837299999999999711e-01,6.199500000000000011e-01,5.940699999999999870e-01,6.155800000000000161e-01,6.606100000000000305e-01,6.242499999999999716e-01,6.197000000000000286e-01,6.202699999999999880e-01,6.381900000000000350e-01,6.197300000000000031e-01,6.083399999999999919e-01,6.238700000000000356e-01,6.270200000000000218e-01,6.300499999999999989e-01,6.285199999999999676e-01,5.842000000000000526e-01,6.075399999999999689e-01,5.706400000000000361e-01,5.899299999999999544e-01,6.081800000000000539e-01,5.938499999999999890e-01,6.355499999999999483e-01,6.078200000000000269e-01,6.103699999999999681e-01,6.162499999999999645e-01,6.157299999999999995e-01,6.227500000000000258e-01,5.918099999999999472e-01,6.111799999999999455e-01,5.994500000000000384e-01,5.806700000000000195e-01,6.107599999999999696e-01
