5.664200000000000346e-01,5.795599999999999641e-01,5.601599999999999913e-01,5.837599999999999456e-01,5.856400000000000494e-01,5.626999999999999780e-01,5.785000000000000142e-01,6.112400000000000055e-01,5.619499999999999496e-01,5.536200000000000010e-01,5.727700000000000014e-01,5.604400000000000492e-01,5.677100000000000479e-01,5.538399999999999990e-01,5.743899999999999562e-01,5.714099999999999735e-01,5.612099999999999866e-01,5.570500000000000451e-01,5.530599999999999961e-01,5.493099999999999650e-01,5.825399999999999467e-01,5.650500000000000522e-01,5.608300000000000507e-01,5.896099999999999675e-01,5.680699999999999639e-01,5.697999999999999732e-01,5.484599999999999476e-01,5.425799999999999512e-01,0.000000000000000000e+00,0.000000000000000000e+00,5.474900000000000322e-01,5.852300000000000280e-01,6.002999999999999448e-01,5.747999999999999776e-01,5.962100000000000177e-01,5.633500000000000174e-01,5.818100000000000493e-01,5.841499999999999471e-01,5.960900000000000087e-01,5.990100000000000424e-01,5.859900000000000109e-01,5.964500000000000357e-01,5.595400000000000373e-01,5.927499999999999991e-01,5.779100000000000348e-01,5.596999999999999753e-01,5.450199999999999489e-01,5.471599999999999797e-01,5.778400000000000203e-01,5.505900000000000238e-01,5.732099999999999973e-01,5.680699999999999639e-01,5.897099999999999564e-01,5.731000000000000538e-01,5.575900000000000301e-01,5.707200000000000051e-01,5.823399999999999688e-01,5.668699999999999850e-01,0.000000000000000000e+00,5.590500000000000469e-01,5.488800000000000345e-01,5.648499999999999632e-01,5.710600000000000120e-01,5.519500000000000517e-01,5.401299999999999990e-01,5.859199999999999964e-01,5.437800000000000411e-01,5.573799999999999866e-01,5.757200000000000095e-01,5.536499999999999755e-01,5.700100000000000167e-01,5.539899999999999824e-01,5.448199999999999710e-01,0.000000000000000000e+00,0.000000000000000000e+00,5.700399999999999912e-01
5.795599999999999641e-01,6.220700000000000118e-01,5.983699999999999575e-01,6.166500000000000314e-01,6.167599999999999749e-01,5.982399999999999940e-01,6.157299999999999995e-01,6.361400000000000388e-01,6.007299999999999862e-01,5.890400000000000080e-01,6.040900000000000158e-01,5.851699999999999680e-01,6.039099999999999469e-01,5.894500000000000295e-01,6.023899999999999810e-01,6.070999999999999730e-01,5.865200000000000413e-01,5.779900000000000038e-01,5.873000000000000442e-01,5.864200000000000523e-01,6.143399999999999972e-01,6.081199999999999939e-01,5.896299999999999875e-01,6.022699999999999720e-01,6.073800000000000310e-01,5.969299999999999606e-01,5.816700000000000204e-01,5.736299999999999732e-01,5.688100000000000378e-01,5.646600000000000508e-01,5.735299999999999843e-01,6.245100000000000096e-01,6.439700000000000424e-01,6.064599999999999991e-01,6.321200000000000152e-01,6.080200000000000049e-01,6.345600000000000129e-01,6.160799999999999610e-01,6.339599999999999680e-01,6.370200000000000307e-01,6.189999999999999947e-01,6.220400000000000373e-01,6.132999999999999563e-01,6.414600000000000302e-01,6.007900000000000462e-01,5.671899999999999720e-01,5.746700000000000141e-01,5.837799999999999656e-01,6.004099999999999993e-01,5.844700000000000450e-01,6.094300000000000272e-01,6.032399999999999984e-01,6.113800000000000345e-01,6.138099999999999667e-01,5.969100000000000517e-01,6.041800000000000503e-01,6.065199999999999481e-01,5.981600000000000250e-01,5.671300000000000230e-01,5.908799999999999608e-01,6.001199999999999868e-01,6.151200000000000001e-01,6.140299999999999647e-01,5.871300000000000407e-01,5.729300000000000503e-01,6.189200000000000257e-01,5.765400000000000524e-01,5.862300000000000288e-01,6.026899999999999480e-01,5.875700000000000367e-01,5.999200000000000088e-01,5.905099999999999794e-01,5.764599999999999724e-01,5.634000000000000119e-01,5.540100000000000025e-01,5.985300000000000065e-01
5.601599999999999913e-01,5.983699999999999575e-01,5.916900000000000492e-01,5.897200000000000220e-01,5.931499999999999551e-01,5.823500000000000343e-01,5.909299999999999553e-01,6.099200000000000177e-01,5.864200000000000523e-01,5.668100000000000360e-01,5.828100000000000502e-01,5.598699999999999788e-01,5.875200000000000422e-01,5.682899999999999618e-01,5.712800000000000100e-01,5.894099999999999895e-01,5.739999999999999547e-01,5.686099999999999488e-01,5.714599999999999680e-01,5.729300000000000503e-01,5.848600000000000465e-01,5.893599999999999950e-01,5.782300000000000217e-01,5.819900000000000073e-01,5.865500000000000158e-01,5.735999999999999988e-01,5.668499999999999650e-01,5.590000000000000524e-01,5.548699999999999743e-01,5.571700000000000541e-01,5.582799999999999985e-01,5.925700000000000411e-01,6.171200000000000019e-01,5.828900000000000192e-01,6.104300000000000281e-01,5.937599999999999545e-01,6.069799999999999640e-01,5.895000000000000240e-01,6.037299999999999889e-01,6.094500000000000473e-01,5.998499999999999943e-01,6.055800000000000072e-01,5.928299999999999681e-01,6.087000000000000188e-01,5.967400000000000482e-01,5.496199999999999974e-01,5.614000000000000101e-01,5.712899999999999645e-01,5.786299999999999777e-01,5.725000000000000089e-01,5.924700000000000522e-01,5.874800000000000022e-01,5.854200000000000514e-01,5.980900000000000105e-01,5.728299999999999503e-01,5.826599999999999557e-01,5.826099999999999612e-01,5.822100000000000053e-01,5.549800000000000288e-01,5.663200000000000456e-01,5.815599999999999659e-01,5.896500000000000075e-01,5.957700000000000218e-01,5.728600000000000358e-01,5.586400000000000254e-01,5.944500000000000339e-01,5.638999999999999568e-01,5.725200000000000289e-01,5.765799999999999814e-01,5.681000000000000494e-01,5.768299999999999539e-01,5.749699999999999811e-01,5.621599999999999930e-01,5.532899999999999485e-01,5.540699999999999514e-01,5.800100000000000255e-01
5.837599999999999456e-01,6.166500000000000314e-01,5.897200000000000220e-01,6.308799999999999963e-01,6.300799999999999734e-01,5.922500000000000542e-01,6.205800000000000205e-01,6.334999999999999520e-01,5.949600000000000444e-01,5.996299999999999963e-01,6.080900000000000194e-01,6.075800000000000090e-01,6.054800000000000182e-01,5.887799999999999701e-01,6.019099999999999451e-01,6.028400000000000425e-01,5.847499999999999920e-01,5.835599999999999676e-01,5.791199999999999681e-01,5.756999999999999895e-01,6.211600000000000454e-01,5.959900000000000198e-01,5.837099999999999511e-01,6.121799999999999464e-01,6.061699999999999866e-01,6.026899999999999480e-01,5.766299999999999759e-01,5.709999999999999520e-01,5.654799999999999827e-01,5.560300000000000242e-01,5.675099999999999589e-01,6.269700000000000273e-01,6.424800000000000511e-01,6.054899999999999727e-01,6.385800000000000365e-01,6.110100000000000531e-01,6.482400000000000384e-01,6.227899999999999547e-01,6.342200000000000060e-01,6.313999999999999613e-01,6.239999999999999991e-01,6.271499999999999853e-01,6.141999999999999682e-01,6.495600000000000263e-01,5.936299999999999910e-01,5.556100000000000483e-01,5.631500000000000394e-01,5.752500000000000391e-01,6.121699999999999919e-01,5.933599999999999985e-01,6.067200000000000371e-01,6.052699999999999747e-01,6.160400000000000320e-01,6.098700000000000232e-01,6.053699999999999637e-01,6.071800000000000530e-01,6.205100000000000060e-01,5.994099999999999984e-01,5.604200000000000292e-01,5.881100000000000216e-01,5.943100000000000049e-01,6.065300000000000136e-01,6.043300000000000338e-01,5.847200000000000175e-01,5.647499999999999742e-01,6.250999999999999890e-01,5.730699999999999683e-01,5.821800000000000308e-01,5.968599999999999461e-01,5.893699999999999495e-01,5.973100000000000076e-01,5.841499999999999471e-01,5.764500000000000179e-01,5.573200000000000376e-01,5.434200000000000141e-01,5.998099999999999543e-01
5.856400000000000494e-01,6.167599999999999749e-01,5.931499999999999551e-01,6.300799999999999734e-01,6.302900000000000169e-01,5.904199999999999449e-01,6.193800000000000416e-01,6.334600000000000231e-01,5.946500000000000119e-01,5.939799999999999525e-01,6.057700000000000307e-01,6.016299999999999981e-01,6.060999999999999721e-01,5.898900000000000254e-01,5.948299999999999699e-01,6.040299999999999558e-01,5.907599999999999518e-01,5.848100000000000520e-01,5.759499999999999620e-01,5.775500000000000078e-01,6.152600000000000291e-01,5.966700000000000337e-01,5.860800000000000454e-01,6.133100000000000218e-01,6.033300000000000329e-01,5.985000000000000320e-01,5.746099999999999541e-01,5.738400000000000167e-01,5.642300000000000093e-01,5.595599999999999463e-01,5.708900000000000086e-01,6.295800000000000285e-01,6.391000000000000014e-01,6.039099999999999469e-01,6.394600000000000284e-01,6.069499999999999895e-01,6.349299999999999944e-01,6.211400000000000254e-01,6.365199999999999747e-01,6.339900000000000535e-01,6.211499999999999799e-01,6.295699999999999630e-01,6.057200000000000362e-01,6.396699999999999608e-01,6.096000000000000307e-01,5.638199999999999878e-01,5.696700000000000097e-01,5.747900000000000231e-01,6.045199999999999463e-01,5.962800000000000322e-01,6.043100000000000138e-01,6.071999999999999620e-01,6.164100000000000135e-01,6.100299999999999612e-01,6.041900000000000048e-01,6.083199999999999719e-01,6.195199999999999596e-01,5.999799999999999578e-01,5.641899999999999693e-01,5.839699999999999891e-01,5.939299999999999580e-01,6.029799999999999605e-01,6.058299999999999796e-01,5.877400000000000402e-01,5.641800000000000148e-01,6.218099999999999739e-01,5.715000000000000080e-01,5.808200000000000029e-01,5.970199999999999951e-01,5.894000000000000350e-01,5.967400000000000482e-01,5.831600000000000117e-01,5.760100000000000220e-01,5.574599999999999556e-01,5.503000000000000114e-01,6.000100000000000433e-01
5.626999999999999780e-01,5.982399999999999940e-01,5.823500000000000343e-01,5.922500000000000542e-01,5.904199999999999449e-01,5.806200000000000250e-01,5.899299999999999544e-01,6.121100000000000430e-01,5.818799999999999528e-01,5.690699999999999648e-01,5.783000000000000362e-01,5.662099999999999911e-01,5.829600000000000337e-01,5.667499999999999760e-01,5.742399999999999727e-01,5.834599999999999786e-01,5.731000000000000538e-01,5.658100000000000351e-01,5.697600000000000442e-01,5.680199999999999694e-01,5.892500000000000515e-01,5.870699999999999807e-01,5.728400000000000158e-01,5.805900000000000505e-01,5.865599999999999703e-01,5.767700000000000049e-01,5.671300000000000230e-01,5.570500000000000451e-01,5.524099999999999566e-01,5.493099999999999650e-01,5.543700000000000294e-01,5.958400000000000363e-01,6.175199999999999578e-01,5.845000000000000195e-01,6.079400000000000359e-01,5.860999999999999543e-01,6.081800000000000539e-01,5.922399999999999887e-01,5.966299999999999937e-01,6.126500000000000279e-01,5.930600000000000316e-01,5.957799999999999763e-01,5.855599999999999694e-01,6.075399999999999689e-01,5.847900000000000320e-01,5.499399999999999844e-01,5.548999999999999488e-01,5.661699999999999511e-01,5.795500000000000096e-01,5.644299999999999873e-01,5.927299999999999791e-01,5.829999999999999627e-01,5.921699999999999742e-01,5.940199999999999925e-01,5.704200000000000381e-01,5.798799999999999510e-01,5.837200000000000166e-01,5.777600000000000513e-01,5.480800000000000116e-01,5.695999999999999952e-01,5.817499999999999893e-01,5.859400000000000164e-01,5.899299999999999544e-01,5.693099999999999827e-01,5.581700000000000550e-01,5.938700000000000090e-01,5.631699999999999484e-01,5.716799999999999660e-01,5.757700000000000040e-01,5.677200000000000024e-01,5.796700000000000186e-01,5.726299999999999724e-01,5.590500000000000469e-01,5.502799999999999914e-01,0.000000000000000000e+00,5.794700000000000406e-01
5.785000000000000142e-01,6.157299999999999995e-01,5.909299999999999553e-01,6.205800000000000205e-01,6.193800000000000416e-01,5.899299999999999544e-01,6.109099999999999531e-01,6.327399999999999691e-01,5.918200000000000127e-01,5.870800000000000463e-01,5.994500000000000384e-01,5.881999999999999451e-01,6.003500000000000503e-01,5.861300000000000399e-01,5.921100000000000252e-01,6.007299999999999862e-01,5.861499999999999488e-01,5.786799999999999722e-01,5.771600000000000064e-01,5.757400000000000295e-01,6.087700000000000333e-01,5.956700000000000328e-01,5.827299999999999702e-01,6.029499999999999860e-01,5.997900000000000453e-01,5.926500000000000101e-01,5.727999999999999758e-01,5.703599999999999781e-01,5.605299999999999727e-01,5.578600000000000225e-01,5.680899999999999839e-01,6.186199999999999477e-01,6.358599999999999808e-01,6.016500000000000181e-01,6.298399999999999554e-01,6.055700000000000527e-01,6.334199999999999831e-01,6.123699999999999699e-01,6.287899999999999601e-01,6.329700000000000326e-01,6.182199999999999918e-01,6.239099999999999646e-01,6.049400000000000333e-01,6.379599999999999715e-01,6.046300000000000008e-01,5.618499999999999606e-01,5.646799999999999597e-01,5.750899999999999901e-01,6.016399999999999526e-01,5.849900000000000100e-01,6.008999999999999897e-01,6.013399999999999856e-01,6.097000000000000197e-01,6.062899999999999956e-01,5.945300000000000029e-01,6.004199999999999537e-01,6.102999999999999536e-01,5.955300000000000038e-01,5.597699999999999898e-01,5.849600000000000355e-01,5.912300000000000333e-01,6.006799999999999917e-01,6.043600000000000083e-01,5.830400000000000027e-01,5.632700000000000484e-01,6.167099999999999804e-01,5.669100000000000250e-01,5.801399999999999890e-01,5.948900000000000299e-01,5.819400000000000128e-01,5.942499999999999449e-01,5.819400000000000128e-01,5.719300000000000495e-01,5.541000000000000369e-01,5.459800000000000209e-01,5.957099999999999618e-01
6.112400000000000055e-01,6.361400000000000388e-01,6.099200000000000177e-01,6.334999999999999520e-01,6.334600000000000231e-01,6.121100000000000430e-01,6.327399999999999691e-01,6.519300000000000095e-01,6.110100000000000531e-01,5.927099999999999591e-01,6.133300000000000418e-01,5.909299999999999553e-01,6.175599999999999978e-01,6.001999999999999558e-01,6.221600000000000463e-01,6.203999999999999515e-01,6.016899999999999471e-01,5.937099999999999600e-01,5.955599999999999783e-01,5.934199999999999475e-01,6.289599999999999635e-01,6.184800000000000297e-01,6.067099999999999715e-01,6.229500000000000037e-01,6.210599999999999454e-01,6.153899999999999926e-01,5.918700000000000072e-01,5.827400000000000357e-01,5.749999999999999556e-01,5.657699999999999951e-01,5.881499999999999506e-01,6.414299999999999446e-01,6.683299999999999796e-01,6.263300000000000534e-01,6.477500000000000480e-01,6.135300000000000198e-01,6.448199999999999488e-01,6.246099999999999985e-01,6.489800000000000013e-01,6.609899999999999665e-01,6.368500000000000272e-01,6.414600000000000302e-01,6.172800000000000509e-01,6.561500000000000110e-01,6.197700000000000431e-01,5.930499999999999661e-01,5.793599999999999861e-01,5.947500000000000009e-01,6.243499999999999606e-01,5.955700000000000438e-01,6.219500000000000028e-01,6.184199999999999697e-01,6.344400000000000039e-01,6.234600000000000142e-01,5.977700000000000236e-01,6.141100000000000447e-01,6.221400000000000263e-01,6.149900000000000366e-01,5.730499999999999483e-01,6.057099999999999707e-01,6.081100000000000394e-01,6.174399999999999888e-01,6.299200000000000355e-01,5.982199999999999740e-01,5.879699999999999926e-01,6.318700000000000427e-01,5.910900000000000043e-01,6.027099999999999680e-01,6.160099999999999465e-01,5.988599999999999479e-01,6.194800000000000306e-01,6.000699999999999923e-01,5.888299999999999645e-01,5.790499999999999536e-01,5.558800000000000407e-01,6.173300000000000454e-01
5.619499999999999496e-01,6.007299999999999862e-01,5.864099999999999868e-01,5.949499999999999789e-01,5.946500000000000119e-01,5.818699999999999983e-01,5.918299999999999672e-01,6.110100000000000531e-01,5.834899999999999531e-01,5.700100000000000167e-01,5.808100000000000485e-01,5.645999999999999908e-01,5.861699999999999688e-01,5.697299999999999587e-01,5.767900000000000249e-01,5.869499999999999718e-01,5.730300000000000393e-01,5.654200000000000337e-01,5.697200000000000042e-01,5.689600000000000213e-01,5.875799999999999912e-01,5.888499999999999845e-01,5.750899999999999901e-01,5.785299999999999887e-01,5.877200000000000202e-01,5.778799999999999493e-01,5.671800000000000175e-01,5.589800000000000324e-01,5.546400000000000219e-01,5.516299999999999537e-01,5.559800000000000297e-01,5.976900000000000546e-01,6.119200000000000195e-01,5.805700000000000305e-01,6.057200000000000362e-01,5.893500000000000405e-01,6.094500000000000473e-01,5.879699999999999926e-01,5.970900000000000096e-01,6.121400000000000174e-01,5.904500000000000304e-01,5.924199999999999466e-01,5.892800000000000260e-01,6.042100000000000248e-01,5.795900000000000496e-01,5.451000000000000290e-01,5.581000000000000405e-01,5.669199999999999795e-01,5.761600000000000055e-01,5.722099999999999964e-01,5.910900000000000043e-01,5.860199999999999854e-01,5.894800000000000040e-01,5.948499999999999899e-01,5.754599999999999715e-01,5.833599999999999897e-01,5.801699999999999635e-01,5.803599999999999870e-01,5.542899999999999494e-01,5.664500000000000091e-01,5.821800000000000308e-01,5.883000000000000451e-01,5.912899999999999823e-01,5.718199999999999950e-01,5.584299999999999820e-01,5.919600000000000417e-01,5.661599999999999966e-01,5.710300000000000376e-01,5.710499999999999465e-01,5.708699999999999886e-01,5.789100000000000357e-01,5.732199999999999518e-01,5.630500000000000504e-01,5.542500000000000204e-01,5.475499999999999812e-01,5.793199999999999461e-01
5.536200000000000010e-01,5.890400000000000080e-01,5.668100000000000360e-01,5.996299999999999963e-01,5.939799999999999525e-01,5.690699999999999648e-01,5.870800000000000463e-01,5.927099999999999591e-01,5.700100000000000167e-01,5.658400000000000096e-01,5.788600000000000412e-01,5.682899999999999618e-01,5.780499999999999527e-01,5.704099999999999726e-01,5.671100000000000030e-01,5.775099999999999678e-01,5.595700000000000118e-01,5.562000000000000277e-01,5.568199999999999816e-01,5.578100000000000280e-01,5.817600000000000549e-01,5.729600000000000248e-01,5.609600000000000142e-01,5.735400000000000498e-01,5.767400000000000304e-01,5.692899999999999627e-01,5.544700000000000184e-01,5.536600000000000410e-01,5.470899999999999652e-01,5.448300000000000365e-01,5.489100000000000090e-01,5.804899999999999505e-01,6.002800000000000358e-01,5.712000000000000410e-01,5.953300000000000258e-01,5.862500000000000488e-01,6.054199999999999582e-01,5.863000000000000433e-01,5.899199999999999999e-01,5.984899999999999665e-01,5.880400000000000071e-01,5.901100000000000234e-01,5.875099999999999767e-01,6.049099999999999477e-01,5.742000000000000437e-01,0.000000000000000000e+00,5.490199999999999525e-01,5.548199999999999799e-01,5.694099999999999717e-01,5.705099999999999616e-01,5.745799999999999796e-01,5.785799999999999832e-01,5.821300000000000363e-01,5.805200000000000360e-01,5.805200000000000360e-01,5.792599999999999971e-01,5.822599999999999998e-01,5.722000000000000419e-01,5.500300000000000189e-01,5.605400000000000382e-01,5.755200000000000315e-01,5.806599999999999540e-01,5.813500000000000334e-01,5.632000000000000339e-01,5.472599999999999687e-01,5.875500000000000167e-01,5.524900000000000366e-01,5.592799999999999994e-01,5.677299999999999569e-01,5.655200000000000227e-01,5.697499999999999787e-01,5.615400000000000391e-01,5.564200000000000257e-01,5.415400000000000214e-01,0.000000000000000000e+00,5.724099999999999744e-01
5.727700000000000014e-01,6.040900000000000158e-01,5.828100000000000502e-01,6.080900000000000194e-01,6.057599999999999651e-01,5.783000000000000362e-01,5.994500000000000384e-01,6.133300000000000418e-01,5.808100000000000485e-01,5.788600000000000412e-01,5.866599999999999593e-01,5.801800000000000290e-01,5.883199999999999541e-01,5.766799999999999704e-01,5.846000000000000085e-01,5.897000000000000020e-01,5.777200000000000113e-01,5.699100000000000277e-01,5.678100000000000369e-01,5.681699999999999529e-01,5.990799999999999459e-01,5.861199999999999743e-01,5.775200000000000333e-01,5.923199999999999577e-01,5.903899999999999704e-01,5.823500000000000343e-01,5.637799999999999478e-01,5.636200000000000099e-01,5.546799999999999509e-01,5.524299999999999766e-01,5.610500000000000487e-01,6.041999999999999593e-01,6.225600000000000023e-01,5.884399999999999631e-01,6.153899999999999926e-01,5.918299999999999672e-01,6.177000000000000268e-01,6.018900000000000361e-01,6.102800000000000447e-01,6.153499999999999526e-01,6.014500000000000401e-01,6.072100000000000275e-01,5.917200000000000237e-01,6.155500000000000416e-01,5.890100000000000335e-01,5.553200000000000358e-01,5.599899999999999878e-01,5.656499999999999861e-01,5.864500000000000268e-01,5.779999999999999583e-01,5.899400000000000199e-01,5.899600000000000399e-01,5.977099999999999635e-01,5.945000000000000284e-01,5.862800000000000233e-01,5.907499999999999973e-01,5.947999999999999954e-01,5.839999999999999636e-01,5.566900000000000182e-01,5.729100000000000303e-01,5.833099999999999952e-01,5.903599999999999959e-01,5.950299999999999478e-01,5.714599999999999680e-01,5.577699999999999880e-01,6.035700000000000509e-01,5.643700000000000383e-01,5.713899999999999535e-01,5.787400000000000322e-01,5.762599999999999945e-01,5.818799999999999528e-01,5.728699999999999903e-01,5.648800000000000487e-01,5.509699999999999598e-01,5.450000000000000400e-01,5.857900000000000329e-01
5.604400000000000492e-01,5.851699999999999680e-01,5.598699999999999788e-01,6.075800000000000090e-01,6.016299999999999981e-01,5.662099999999999911e-01,5.881999999999999451e-01,5.909299999999999553e-01,5.645999999999999908e-01,5.682899999999999618e-01,5.801800000000000290e-01,5.825900000000000523e-01,5.762000000000000455e-01,5.727100000000000524e-01,5.740800000000000347e-01,5.743099999999999872e-01,5.608899999999999997e-01,5.616799999999999571e-01,5.513299999999999867e-01,5.522000000000000242e-01,5.915500000000000203e-01,5.658800000000000496e-01,5.607299999999999507e-01,5.904199999999999449e-01,5.773000000000000353e-01,5.770100000000000229e-01,5.508399999999999963e-01,5.530300000000000216e-01,5.441899999999999515e-01,0.000000000000000000e+00,5.514999999999999902e-01,5.907000000000000028e-01,6.108799999999999786e-01,5.802000000000000490e-01,6.092400000000000038e-01,5.836400000000000476e-01,6.034800000000000164e-01,5.933300000000000241e-01,6.005800000000000027e-01,6.052699999999999747e-01,5.965500000000000247e-01,6.021699999999999831e-01,5.825399999999999467e-01,6.077900000000000524e-01,5.806999999999999940e-01,0.000000000000000000e+00,5.468300000000000383e-01,5.535299999999999665e-01,5.763099999999999890e-01,5.713200000000000500e-01,5.757499999999999840e-01,5.806599999999999540e-01,5.889799999999999480e-01,5.785400000000000542e-01,5.788900000000000157e-01,5.800400000000000000e-01,5.973699999999999566e-01,5.746200000000000196e-01,5.486299999999999510e-01,5.644299999999999873e-01,5.713899999999999535e-01,5.730499999999999483e-01,5.767600000000000504e-01,5.578400000000000025e-01,5.446699999999999875e-01,5.935000000000000275e-01,5.491200000000000525e-01,5.579899999999999860e-01,5.754099999999999770e-01,5.646400000000000308e-01,5.710499999999999465e-01,5.568199999999999816e-01,5.549699999999999633e-01,0.000000000000000000e+00,0.000000000000000000e+00,5.723599999999999799e-01
5.677100000000000479e-01,6.039099999999999469e-01,5.875200000000000422e-01,6.054800000000000182e-01,6.060999999999999721e-01,5.829600000000000337e-01,6.003399999999999848e-01,6.175599999999999978e-01,5.861699999999999688e-01,5.780499999999999527e-01,5.883199999999999541e-01,5.762000000000000455e-01,5.914500000000000313e-01,5.771300000000000319e-01,5.793599999999999861e-01,5.912500000000000533e-01,5.784299999999999997e-01,5.697999999999999732e-01,5.722199999999999509e-01,5.702300000000000146e-01,5.942199999999999704e-01,5.887000000000000011e-01,5.755299999999999860e-01,5.883199999999999541e-01,5.909200000000000008e-01,5.807200000000000140e-01,5.674200000000000355e-01,5.627499999999999725e-01,5.555200000000000138e-01,5.539800000000000280e-01,5.595999999999999863e-01,6.014100000000000001e-01,6.162400000000000100e-01,5.873199999999999532e-01,6.125899999999999679e-01,5.991199999999999859e-01,6.191100000000000492e-01,5.985700000000000465e-01,6.099400000000000377e-01,6.164899999999999824e-01,6.028299999999999770e-01,6.067099999999999715e-01,5.964199999999999502e-01,6.204800000000000315e-01,5.907700000000000173e-01,5.512500000000000178e-01,5.598300000000000498e-01,5.667799999999999505e-01,5.871100000000000207e-01,5.770699999999999719e-01,5.908799999999999608e-01,5.898600000000000509e-01,5.957400000000000473e-01,5.978799999999999670e-01,5.840800000000000436e-01,5.900800000000000489e-01,5.949200000000000044e-01,5.850600000000000245e-01,5.550899999999999723e-01,5.713599999999999790e-01,5.827099999999999502e-01,5.918999999999999817e-01,5.946599999999999664e-01,5.752300000000000191e-01,5.570500000000000451e-01,6.030999999999999694e-01,5.619100000000000206e-01,5.716200000000000170e-01,5.811399999999999899e-01,5.730300000000000393e-01,5.826000000000000068e-01,5.739300000000000512e-01,5.659999999999999476e-01,5.490399999999999725e-01,5.468199999999999728e-01,5.846400000000000485e-01
5.538399999999999990e-01,5.894500000000000295e-01,5.682899999999999618e-01,5.887799999999999701e-01,5.898900000000000254e-01,5.667499999999999760e-01,5.861300000000000399e-01,6.001999999999999558e-01,5.697299999999999587e-01,5.704099999999999726e-01,5.766799999999999704e-01,5.727100000000000524e-01,5.771300000000000319e-01,5.647400000000000198e-01,5.640399999999999858e-01,5.780800000000000383e-01,5.699199999999999822e-01,5.615599999999999481e-01,5.561099999999999932e-01,5.574400000000000466e-01,5.806900000000000395e-01,5.713000000000000300e-01,5.622899999999999565e-01,5.795200000000000351e-01,5.750499999999999501e-01,5.688400000000000123e-01,5.558800000000000407e-01,5.560800000000000187e-01,5.453799999999999759e-01,5.433700000000000196e-01,5.490199999999999525e-01,5.879299999999999526e-01,6.017799999999999816e-01,5.756299999999999750e-01,6.023500000000000520e-01,5.806299999999999795e-01,6.002399999999999958e-01,5.951100000000000279e-01,5.916500000000000092e-01,5.963300000000000267e-01,5.855799999999999894e-01,5.892600000000000060e-01,5.833199999999999497e-01,6.092100000000000293e-01,5.875500000000000167e-01,0.000000000000000000e+00,5.491099999999999870e-01,5.550800000000000178e-01,5.753500000000000281e-01,5.654000000000000137e-01,5.806700000000000195e-01,5.770199999999999774e-01,5.866900000000000448e-01,5.816900000000000404e-01,5.762800000000000145e-01,5.770499999999999519e-01,5.867700000000000138e-01,5.714200000000000390e-01,5.451099999999999834e-01,5.611199999999999521e-01,5.716099999999999515e-01,5.788799999999999502e-01,5.831499999999999462e-01,5.634400000000000519e-01,5.446400000000000130e-01,5.895500000000000185e-01,5.501599999999999824e-01,5.588400000000000034e-01,5.717400000000000260e-01,5.649499999999999522e-01,5.696600000000000552e-01,5.618100000000000316e-01,5.542899999999999494e-01,0.000000000000000000e+00,0.000000000000000000e+00,5.708400000000000141e-01
5.743899999999999562e-01,6.023899999999999810e-01,5.712800000000000100e-01,6.019099999999999451e-01,5.948299999999999699e-01,5.742399999999999727e-01,5.921100000000000252e-01,6.221600000000000463e-01,5.767900000000000249e-01,5.671100000000000030e-01,5.846000000000000085e-01,5.740800000000000347e-01,5.793599999999999861e-01,5.640399999999999858e-01,5.856500000000000039e-01,5.830699999999999772e-01,5.710300000000000376e-01,5.674200000000000355e-01,5.615799999999999681e-01,5.615900000000000336e-01,5.980400000000000160e-01,5.827999999999999847e-01,5.740600000000000147e-01,5.950900000000000079e-01,5.835599999999999676e-01,5.832100000000000062e-01,5.601199999999999513e-01,5.542000000000000259e-01,5.470800000000000107e-01,5.420899999999999608e-01,5.559500000000000552e-01,6.064899999999999736e-01,6.177000000000000268e-01,5.819400000000000128e-01,6.093199999999999728e-01,5.727700000000000014e-01,6.066599999999999770e-01,5.950999999999999623e-01,6.144800000000000262e-01,6.123100000000000209e-01,5.956399999999999473e-01,6.049299999999999677e-01,5.739800000000000457e-01,6.103199999999999736e-01,5.806099999999999595e-01,5.541199999999999459e-01,5.504400000000000404e-01,5.617900000000000116e-01,5.805000000000000160e-01,5.651199999999999557e-01,5.865299999999999958e-01,5.824500000000000233e-01,6.000199999999999978e-01,5.863099999999999978e-01,5.746799999999999686e-01,5.866400000000000503e-01,5.954000000000000403e-01,5.795599999999999641e-01,0.000000000000000000e+00,5.730100000000000193e-01,5.742300000000000182e-01,5.857400000000000384e-01,5.893100000000000005e-01,5.620000000000000551e-01,5.557699999999999863e-01,6.001300000000000523e-01,5.589300000000000379e-01,5.694200000000000372e-01,5.797400000000000331e-01,5.668699999999999850e-01,5.800100000000000255e-01,5.668600000000000305e-01,5.565099999999999492e-01,5.462900000000000533e-01,0.000000000000000000e+00,5.794799999999999951e-01
5.714099999999999735e-01,6.070999999999999730e-01,5.894099999999999895e-01,6.028400000000000425e-01,6.040400000000000214e-01,5.834599999999999786e-01,6.007299999999999862e-01,6.203999999999999515e-01,5.869499999999999718e-01,5.775099999999999678e-01,5.897000000000000020e-01,5.743099999999999872e-01,5.912500000000000533e-01,5.780800000000000383e-01,5.830699999999999772e-01,5.853699999999999459e-01,5.786499999999999977e-01,5.714299999999999935e-01,5.722500000000000364e-01,5.731199999999999628e-01,5.982399999999999940e-01,5.911600000000000188e-01,5.797900000000000276e-01,5.897900000000000365e-01,5.915799999999999947e-01,5.826200000000000268e-01,5.686099999999999488e-01,5.648999999999999577e-01,5.571399999999999686e-01,5.553700000000000303e-01,5.609899999999999887e-01,6.039900000000000269e-01,6.201999999999999735e-01,5.829699999999999882e-01,6.118500000000000050e-01,5.967900000000000427e-01,6.180400000000000338e-01,5.938299999999999690e-01,6.115099999999999980e-01,6.204499999999999460e-01,6.027599999999999625e-01,6.081600000000000339e-01,5.974500000000000366e-01,6.193600000000000216e-01,5.890999999999999570e-01,5.506199999999999983e-01,5.630199999999999649e-01,5.698400000000000132e-01,5.890800000000000480e-01,5.784200000000000452e-01,5.917099999999999582e-01,5.905099999999999794e-01,6.003500000000000503e-01,5.963500000000000467e-01,5.834099999999999842e-01,5.907700000000000173e-01,5.908099999999999463e-01,5.855200000000000404e-01,5.572200000000000486e-01,5.718400000000000150e-01,5.878999999999999782e-01,5.889100000000000446e-01,5.969700000000000006e-01,5.735099999999999643e-01,5.615799999999999681e-01,6.011400000000000077e-01,5.671500000000000430e-01,5.747700000000000031e-01,5.778699999999999948e-01,5.753000000000000336e-01,5.827799999999999647e-01,5.769600000000000284e-01,5.678600000000000314e-01,5.571000000000000396e-01,5.503400000000000514e-01,5.872000000000000552e-01
5.612099999999999866e-01,5.865200000000000413e-01,5.739999999999999547e-01,5.847499999999999920e-01,5.907599999999999518e-01,5.731000000000000538e-01,5.861499999999999488e-01,6.016899999999999471e-01,5.730300000000000393e-01,5.595700000000000118e-01,5.777200000000000113e-01,5.608899999999999997e-01,5.784299999999999997e-01,5.699199999999999822e-01,5.710300000000000376e-01,5.786499999999999977e-01,5.546499999999999764e-01,5.568100000000000271e-01,5.635599999999999499e-01,5.593500000000000139e-01,5.776499999999999968e-01,5.741100000000000092e-01,5.649199999999999777e-01,5.761500000000000510e-01,5.752500000000000391e-01,5.688999999999999613e-01,5.568699999999999761e-01,5.553599999999999648e-01,5.456999999999999629e-01,5.450899999999999634e-01,5.512700000000000378e-01,5.751300000000000301e-01,6.011699999999999822e-01,5.751399999999999846e-01,5.890400000000000080e-01,5.787600000000000522e-01,5.923000000000000487e-01,5.885000000000000231e-01,5.869799999999999462e-01,6.052100000000000257e-01,5.887000000000000011e-01,5.935899999999999510e-01,5.798299999999999566e-01,5.978099999999999525e-01,5.771899999999999809e-01,5.444700000000000095e-01,5.482900000000000551e-01,5.596400000000000263e-01,5.694700000000000317e-01,5.631500000000000394e-01,5.759999999999999565e-01,5.788799999999999502e-01,5.853699999999999459e-01,5.796900000000000386e-01,5.702500000000000346e-01,5.744399999999999507e-01,5.790499999999999536e-01,5.743800000000000017e-01,5.474700000000000122e-01,5.628499999999999615e-01,5.738100000000000422e-01,5.782399999999999762e-01,5.841100000000000181e-01,5.639399999999999968e-01,5.488600000000000145e-01,5.837799999999999656e-01,5.530599999999999961e-01,5.612300000000000066e-01,5.682199999999999473e-01,5.626600000000000490e-01,5.733700000000000463e-01,5.616600000000000481e-01,5.561800000000000077e-01,5.411899999999999489e-01,0.000000000000000000e+00,5.743200000000000527e-01
5.570500000000000451e-01,5.779900000000000038e-01,5.686099999999999488e-01,5.835599999999999676e-01,5.848100000000000520e-01,5.658100000000000351e-01,5.786799999999999722e-01,5.937099999999999600e-01,5.654200000000000337e-01,5.562000000000000277e-01,5.699100000000000277e-01,5.616799999999999571e-01,5.697999999999999732e-01,5.615599999999999481e-01,5.674200000000000355e-01,5.714299999999999935e-01,5.568100000000000271e-01,5.516999999999999682e-01,5.532399999999999540e-01,5.542599999999999749e-01,5.788100000000000467e-01,5.689199999999999813e-01,5.630100000000000104e-01,5.757900000000000240e-01,5.695700000000000207e-01,5.666099999999999470e-01,5.524700000000000166e-01,5.477499999999999591e-01,5.423799999999999732e-01,0.000000000000000000e+00,5.465400000000000258e-01,5.769100000000000339e-01,5.975200000000000511e-01,5.656499999999999861e-01,5.876099999999999657e-01,5.725299999999999834e-01,5.910600000000000298e-01,5.785299999999999887e-01,5.861499999999999488e-01,5.953000000000000513e-01,5.781800000000000272e-01,5.839699999999999891e-01,5.710499999999999465e-01,5.879400000000000182e-01,5.656299999999999661e-01,0.000000000000000000e+00,5.444600000000000550e-01,5.543900000000000494e-01,5.659600000000000186e-01,5.613599999999999701e-01,5.744299999999999962e-01,5.713099999999999845e-01,5.814700000000000424e-01,5.747100000000000541e-01,5.626799999999999580e-01,5.698900000000000077e-01,5.728100000000000414e-01,5.681800000000000184e-01,5.427199999999999802e-01,5.542500000000000204e-01,5.639399999999999968e-01,5.693200000000000482e-01,5.727999999999999758e-01,5.564500000000000002e-01,5.447499999999999565e-01,5.799400000000000110e-01,5.522899999999999476e-01,5.578499999999999570e-01,5.586299999999999599e-01,5.599300000000000388e-01,5.658400000000000096e-01,5.568899999999999961e-01,5.507900000000000018e-01,5.400000000000000355e-01,0.000000000000000000e+00,5.671500000000000430e-01
5.530599999999999961e-01,5.873000000000000442e-01,5.714599999999999680e-01,5.791199999999999681e-01,5.759499999999999620e-01,5.697600000000000442e-01,5.771600000000000064e-01,5.955599999999999783e-01,5.697200000000000042e-01,5.568199999999999816e-01,5.678100000000000369e-01,5.513299999999999867e-01,5.722199999999999509e-01,5.561099999999999932e-01,5.615799999999999681e-01,5.722500000000000364e-01,5.635599999999999499e-01,5.532399999999999540e-01,5.631199999999999539e-01,5.564700000000000202e-01,5.727600000000000469e-01,5.730199999999999738e-01,5.593599999999999683e-01,5.656200000000000117e-01,5.733200000000000518e-01,5.608499999999999597e-01,5.537699999999999845e-01,5.465299999999999603e-01,5.405499999999999750e-01,0.000000000000000000e+00,5.436499999999999666e-01,5.694900000000000517e-01,5.958400000000000363e-01,5.719699999999999784e-01,5.868299999999999628e-01,5.786799999999999722e-01,5.932500000000000551e-01,5.804500000000000215e-01,5.746400000000000396e-01,5.965200000000000502e-01,5.838400000000000256e-01,5.838600000000000456e-01,5.776499999999999968e-01,5.948700000000000099e-01,5.765099999999999669e-01,5.448399999999999910e-01,5.446900000000000075e-01,5.515600000000000502e-01,5.669499999999999540e-01,5.522200000000000442e-01,5.753599999999999826e-01,5.702700000000000546e-01,5.746400000000000396e-01,5.797600000000000531e-01,5.629199999999999759e-01,5.671500000000000430e-01,5.712399999999999700e-01,5.658100000000000351e-01,5.405100000000000460e-01,5.575900000000000301e-01,5.687900000000000178e-01,5.722800000000000109e-01,5.781800000000000272e-01,5.567199999999999926e-01,5.460899999999999643e-01,5.813899999999999624e-01,5.489300000000000290e-01,5.587900000000000089e-01,5.673799999999999955e-01,5.510699999999999488e-01,5.657200000000000006e-01,5.606799999999999562e-01,5.504400000000000404e-01,0.000000000000000000e+00,0.000000000000000000e+00,5.667799999999999505e-01
5.493099999999999650e-01,5.864200000000000523e-01,5.729300000000000503e-01,5.756999999999999895e-01,5.775500000000000078e-01,5.680199999999999694e-01,5.757400000000000295e-01,5.934199999999999475e-01,5.689600000000000213e-01,5.578100000000000280e-01,5.681699999999999529e-01,5.522000000000000242e-01,5.702399999999999691e-01,5.574400000000000466e-01,5.615900000000000336e-01,5.731199999999999628e-01,5.593500000000000139e-01,5.542700000000000404e-01,5.564799999999999747e-01,5.564400000000000457e-01,5.723200000000000509e-01,5.747299999999999631e-01,5.627999999999999670e-01,5.637999999999999678e-01,5.734000000000000208e-01,5.635999999999999899e-01,5.549399999999999888e-01,5.470300000000000162e-01,5.431200000000000472e-01,5.417699999999999738e-01,5.442099999999999715e-01,5.792899999999999716e-01,5.940999999999999615e-01,5.645499999999999963e-01,5.876900000000000457e-01,5.760399999999999965e-01,5.927200000000000246e-01,5.717299999999999605e-01,5.801100000000000145e-01,5.929999999999999716e-01,5.775200000000000333e-01,5.774000000000000243e-01,5.751899999999999791e-01,5.888900000000000245e-01,5.666600000000000525e-01,0.000000000000000000e+00,5.472900000000000542e-01,5.552799999999999958e-01,5.628199999999999870e-01,5.578800000000000425e-01,5.760800000000000365e-01,5.697200000000000042e-01,5.756499999999999950e-01,5.785900000000000487e-01,5.631000000000000449e-01,5.687799999999999523e-01,5.680300000000000349e-01,5.651800000000000157e-01,5.438600000000000101e-01,5.532399999999999540e-01,5.716700000000000115e-01,5.742399999999999727e-01,5.772500000000000409e-01,5.580899999999999750e-01,5.502200000000000424e-01,5.777499999999999858e-01,5.539600000000000080e-01,5.581599999999999895e-01,5.589800000000000324e-01,5.561099999999999932e-01,5.646299999999999653e-01,5.615400000000000391e-01,5.502000000000000224e-01,5.435900000000000176e-01,0.000000000000000000e+00,5.664599999999999635e-01
5.825399999999999467e-01,6.143399999999999972e-01,5.848600000000000465e-01,6.211600000000000454e-01,6.152600000000000291e-01,5.892500000000000515e-01,6.087700000000000333e-01,6.289599999999999635e-01,5.875799999999999912e-01,5.817600000000000549e-01,5.990799999999999459e-01,5.915500000000000203e-01,5.942199999999999704e-01,5.806900000000000395e-01,5.980400000000000160e-01,5.982399999999999940e-01,5.776499999999999968e-01,5.788100000000000467e-01,5.727600000000000469e-01,5.723200000000000509e-01,6.084300000000000264e-01,5.923699999999999521e-01,5.847400000000000375e-01,6.083300000000000374e-01,5.971300000000000496e-01,5.946599999999999664e-01,5.709899999999999975e-01,5.673700000000000410e-01,5.589800000000000324e-01,5.521800000000000042e-01,5.657299999999999551e-01,6.249900000000000455e-01,6.377099999999999991e-01,5.974500000000000366e-01,6.274300000000000432e-01,5.923300000000000232e-01,6.258299999999999974e-01,6.090999999999999748e-01,6.363499999999999712e-01,6.287300000000000111e-01,6.106099999999999861e-01,6.234100000000000197e-01,5.982800000000000340e-01,6.307300000000000129e-01,5.950199999999999934e-01,5.666299999999999670e-01,5.630199999999999649e-01,5.723599999999999799e-01,6.011800000000000477e-01,5.818200000000000038e-01,5.995200000000000529e-01,5.992600000000000149e-01,6.102199999999999847e-01,6.019400000000000306e-01,5.883500000000000396e-01,6.008499999999999952e-01,6.102300000000000502e-01,5.931600000000000206e-01,5.557900000000000063e-01,5.860100000000000309e-01,5.891300000000000425e-01,5.981600000000000250e-01,6.024399999999999755e-01,5.737799999999999567e-01,5.621899999999999675e-01,6.162600000000000300e-01,5.677600000000000424e-01,5.800400000000000000e-01,5.955399999999999583e-01,5.802000000000000490e-01,5.928499999999999881e-01,5.787600000000000522e-01,5.680800000000000294e-01,5.545700000000000074e-01,5.397399999999999975e-01,5.920600000000000307e-01
