6.590700000000000447e-01,6.058999999999999941e-01,6.081100000000000394e-01,6.266699999999999493e-01,6.334600000000000231e-01,6.058200000000000252e-01,6.217799999999999994e-01,5.869299999999999518e-01,6.133499999999999508e-01,6.171100000000000474e-01,5.987000000000000099e-01,6.227899999999999547e-01,6.213899999999999979e-01,6.262699999999999934e-01,6.103199999999999736e-01,5.907900000000000373e-01,6.379000000000000226e-01,6.193400000000000016e-01,5.951100000000000279e-01,5.790999999999999481e-01,6.769100000000000117e-01,5.941300000000000470e-01,6.225399999999999823e-01,6.298099999999999810e-01,5.956500000000000128e-01,6.153100000000000236e-01,6.092300000000000493e-01,5.972199999999999731e-01,5.921800000000000397e-01,5.833199999999999497e-01,6.077799999999999869e-01,6.564999999999999725e-01,6.750699999999999479e-01,6.517899999999999805e-01,6.751200000000000534e-01,6.340500000000000025e-01,6.571799999999999864e-01,5.998999999999999888e-01,6.478199999999999514e-01,6.863200000000000411e-01,6.461299999999999821e-01,6.594100000000000517e-01,6.203899999999999970e-01,6.824299999999999811e-01,6.670500000000000318e-01,6.336300000000000265e-01,5.911499999999999533e-01,6.132900000000000018e-01,6.493900000000000228e-01,6.086099999999999843e-01,6.108299999999999841e-01,6.235300000000000287e-01,6.383299999999999530e-01,6.140099999999999447e-01,6.225000000000000533e-01,6.127799999999999914e-01,6.033600000000000074e-01,6.341999999999999860e-01,6.274699999999999722e-01,5.625700000000000145e-01,6.152499999999999636e-01,6.220200000000000173e-01,5.978400000000000380e-01,6.159700000000000175e-01,5.846999999999999975e-01,6.272100000000000453e-01,5.846099999999999630e-01,6.042300000000000448e-01,6.198599999999999666e-01,5.940499999999999670e-01,5.975899999999999546e-01,5.729400000000000048e-01,6.065399999999999681e-01,5.803199999999999470e-01,5.803300000000000125e-01,6.106099999999999861e-01
6.058999999999999941e-01,5.708699999999999886e-01,5.664299999999999891e-01,5.884300000000000086e-01,5.904700000000000504e-01,5.714900000000000535e-01,5.777499999999999858e-01,5.504799999999999693e-01,5.802899999999999725e-01,5.776900000000000368e-01,5.605999999999999872e-01,5.694599999999999662e-01,5.791100000000000136e-01,5.862100000000000088e-01,5.634000000000000119e-01,5.593000000000000194e-01,5.893599999999999950e-01,5.807400000000000340e-01,5.641399999999999748e-01,5.590100000000000069e-01,6.116200000000000525e-01,5.653899999999999482e-01,5.813300000000000134e-01,5.810600000000000209e-01,5.637499999999999734e-01,5.757900000000000240e-01,5.787400000000000322e-01,5.688299999999999468e-01,5.621099999999999985e-01,5.513099999999999667e-01,5.684399999999999453e-01,5.950600000000000334e-01,6.152199999999999891e-01,5.875099999999999767e-01,6.022999999999999465e-01,5.891399999999999970e-01,6.120299999999999629e-01,5.612700000000000466e-01,5.918099999999999472e-01,6.087900000000000533e-01,5.880900000000000016e-01,5.947900000000000409e-01,5.812100000000000044e-01,6.222100000000000408e-01,6.024500000000000410e-01,5.829699999999999882e-01,5.577100000000000390e-01,5.774500000000000188e-01,5.974199999999999511e-01,5.739800000000000457e-01,5.701199999999999601e-01,5.853300000000000169e-01,5.848600000000000465e-01,5.767200000000000104e-01,5.817299999999999693e-01,5.774399999999999533e-01,5.577400000000000135e-01,5.886799999999999811e-01,5.907499999999999973e-01,0.000000000000000000e+00,5.818600000000000438e-01,5.923899999999999721e-01,5.635200000000000209e-01,5.763099999999999890e-01,5.534200000000000230e-01,5.728999999999999648e-01,5.569800000000000306e-01,5.725599999999999579e-01,5.706599999999999451e-01,5.692700000000000538e-01,5.667900000000000160e-01,5.473999999999999977e-01,5.726200000000000179e-01,5.532000000000000250e-01,5.510099999999999998e-01,5.722800000000000109e-01
6.081100000000000394e-01,5.664299999999999891e-01,5.683799999999999963e-01,5.801800000000000290e-01,5.818200000000000038e-01,5.720499999999999474e-01,5.732300000000000173e-01,5.538499999999999535e-01,5.728799999999999448e-01,5.716400000000000370e-01,5.552599999999999758e-01,5.772199999999999553e-01,5.743300000000000072e-01,5.785299999999999887e-01,5.700300000000000367e-01,5.617199999999999971e-01,5.817499999999999893e-01,5.777700000000000058e-01,5.618100000000000316e-01,5.571500000000000341e-01,6.106399999999999606e-01,5.636799999999999589e-01,5.810499999999999554e-01,5.834200000000000497e-01,5.593900000000000539e-01,5.743500000000000272e-01,5.766299999999999759e-01,5.633799999999999919e-01,5.583399999999999475e-01,5.461200000000000498e-01,5.649800000000000377e-01,5.953899999999999748e-01,6.139499999999999957e-01,5.922399999999999887e-01,6.107799999999999896e-01,5.789100000000000357e-01,6.028000000000000025e-01,5.606100000000000527e-01,5.948799999999999644e-01,6.188200000000000367e-01,5.970299999999999496e-01,6.050900000000000167e-01,5.740800000000000347e-01,6.089499999999999913e-01,6.089799999999999658e-01,5.866900000000000448e-01,5.554200000000000248e-01,5.764200000000000434e-01,5.990299999999999514e-01,5.682700000000000529e-01,5.726299999999999724e-01,5.831300000000000372e-01,5.855900000000000549e-01,5.732300000000000173e-01,5.723300000000000054e-01,5.757999999999999785e-01,5.602599999999999802e-01,5.900100000000000344e-01,5.846700000000000230e-01,0.000000000000000000e+00,5.789499999999999647e-01,5.777600000000000513e-01,5.672099999999999920e-01,5.714099999999999735e-01,5.539699999999999624e-01,5.773500000000000298e-01,5.548800000000000399e-01,5.727999999999999758e-01,5.732599999999999918e-01,5.667799999999999505e-01,5.660500000000000531e-01,5.430099999999999927e-01,5.698900000000000077e-01,5.465600000000000458e-01,5.523500000000000076e-01,5.759999999999999565e-01
6.266699999999999493e-01,5.884300000000000086e-01,5.801800000000000290e-01,5.990699999999999914e-01,6.144300000000000317e-01,5.810899999999999954e-01,6.007299999999999862e-01,5.631899999999999684e-01,5.941699999999999759e-01,6.030600000000000405e-01,5.811899999999999844e-01,5.995599999999999818e-01,5.973199999999999621e-01,5.983199999999999630e-01,5.758400000000000185e-01,5.742699999999999472e-01,6.119700000000000140e-01,5.955599999999999783e-01,5.739499999999999602e-01,5.651800000000000157e-01,6.483900000000000219e-01,5.738900000000000112e-01,5.965000000000000302e-01,6.020400000000000196e-01,5.750999999999999446e-01,5.915799999999999947e-01,5.904199999999999449e-01,5.840199999999999836e-01,5.721500000000000474e-01,5.722899999999999654e-01,5.852899999999999769e-01,6.225600000000000023e-01,6.478699999999999459e-01,6.147299999999999986e-01,6.367800000000000127e-01,6.020499999999999741e-01,6.331900000000000306e-01,5.785599999999999632e-01,6.170600000000000529e-01,6.357500000000000373e-01,6.089599999999999458e-01,6.166500000000000314e-01,5.998799999999999688e-01,6.573999999999999844e-01,6.201400000000000245e-01,6.019900000000000251e-01,5.686799999999999633e-01,5.923000000000000487e-01,6.206700000000000550e-01,6.017000000000000126e-01,5.765099999999999669e-01,6.070100000000000495e-01,6.065300000000000136e-01,5.898900000000000254e-01,5.964399999999999702e-01,5.982600000000000140e-01,5.848600000000000465e-01,6.095300000000000162e-01,6.066700000000000426e-01,5.443400000000000460e-01,5.951699999999999768e-01,6.076500000000000234e-01,5.806799999999999740e-01,5.942399999999999904e-01,5.651300000000000212e-01,6.021600000000000286e-01,5.638300000000000534e-01,5.840100000000000291e-01,5.934599999999999875e-01,5.803000000000000380e-01,5.793300000000000116e-01,5.553299999999999903e-01,5.873000000000000442e-01,5.609600000000000142e-01,5.684399999999999453e-01,5.891100000000000225e-01
6.334600000000000231e-01,5.904700000000000504e-01,5.818200000000000038e-01,6.144300000000000317e-01,6.261999999999999789e-01,5.877599999999999492e-01,6.083100000000000174e-01,5.729499999999999593e-01,6.046799999999999953e-01,6.123899999999999899e-01,5.893100000000000005e-01,6.047200000000000353e-01,6.061199999999999921e-01,6.093399999999999928e-01,5.833099999999999952e-01,5.814899999999999514e-01,6.194300000000000361e-01,5.996700000000000363e-01,5.843000000000000416e-01,5.698999999999999622e-01,6.553499999999999881e-01,5.796700000000000186e-01,6.016000000000000236e-01,6.083399999999999919e-01,5.825500000000000123e-01,5.978499999999999925e-01,5.963699999999999557e-01,5.923699999999999521e-01,5.801199999999999690e-01,5.812000000000000499e-01,5.895399999999999530e-01,6.257000000000000339e-01,6.526199999999999779e-01,6.192400000000000126e-01,6.365100000000000202e-01,6.160700000000000065e-01,6.421599999999999531e-01,5.802000000000000490e-01,6.205000000000000515e-01,6.475400000000000045e-01,6.224899999999999878e-01,6.290200000000000236e-01,6.166700000000000514e-01,6.681200000000000472e-01,6.338899999999999535e-01,6.090400000000000258e-01,5.758900000000000130e-01,5.953300000000000258e-01,6.279099999999999682e-01,6.094600000000000017e-01,5.831899999999999862e-01,6.118099999999999650e-01,6.117000000000000215e-01,5.952800000000000313e-01,6.109499999999999931e-01,6.049299999999999677e-01,5.880300000000000527e-01,6.153399999999999981e-01,6.207899999999999530e-01,5.468899999999999872e-01,6.020400000000000196e-01,6.160400000000000320e-01,5.837799999999999656e-01,5.982499999999999485e-01,5.708800000000000541e-01,6.057900000000000507e-01,5.715000000000000080e-01,5.914000000000000368e-01,5.979100000000000525e-01,5.891699999999999715e-01,5.844200000000000506e-01,5.652000000000000357e-01,5.959499999999999797e-01,5.676799999999999624e-01,5.746599999999999486e-01,5.969799999999999551e-01
6.058200000000000252e-01,5.714900000000000535e-01,5.720499999999999474e-01,5.810899999999999954e-01,5.877599999999999492e-01,5.736999999999999877e-01,5.769600000000000284e-01,5.520399999999999752e-01,5.763500000000000290e-01,5.798699999999999966e-01,5.590399999999999814e-01,5.727499999999999813e-01,5.780100000000000238e-01,5.849900000000000100e-01,5.667100000000000470e-01,5.629300000000000415e-01,5.866999999999999993e-01,5.829800000000000537e-01,5.645999999999999908e-01,5.585400000000000365e-01,6.122900000000000009e-01,5.653799999999999937e-01,5.824599999999999778e-01,5.819199999999999928e-01,5.676999999999999824e-01,5.759699999999999820e-01,5.793199999999999461e-01,5.675400000000000444e-01,5.620500000000000496e-01,5.521800000000000042e-01,5.688800000000000523e-01,6.033800000000000274e-01,6.135699999999999488e-01,5.966000000000000192e-01,6.090900000000000203e-01,5.902800000000000269e-01,6.108999999999999986e-01,5.610199999999999632e-01,5.947999999999999954e-01,6.205500000000000460e-01,5.933300000000000241e-01,6.008799999999999697e-01,5.853800000000000114e-01,6.191900000000000182e-01,6.032999999999999474e-01,5.825700000000000323e-01,5.589499999999999469e-01,5.764099999999999779e-01,6.029200000000000115e-01,5.764599999999999724e-01,5.747700000000000031e-01,5.849600000000000355e-01,5.868499999999999828e-01,5.766599999999999504e-01,5.803899999999999615e-01,5.801399999999999890e-01,5.586999999999999744e-01,5.907400000000000428e-01,5.908299999999999663e-01,5.398500000000000520e-01,5.815399999999999459e-01,5.857900000000000329e-01,5.674799999999999844e-01,5.751800000000000246e-01,5.551199999999999468e-01,5.778900000000000148e-01,5.580300000000000260e-01,5.748900000000000121e-01,5.695599999999999552e-01,5.686799999999999633e-01,5.666600000000000525e-01,5.470899999999999652e-01,5.746900000000000341e-01,5.518600000000000172e-01,5.528699999999999726e-01,5.753300000000000081e-01
6.217899999999999539e-01,5.777499999999999858e-01,5.732300000000000173e-01,6.007299999999999862e-01,6.083100000000000174e-01,5.769600000000000284e-01,5.939200000000000035e-01,5.583000000000000185e-01,5.883500000000000396e-01,5.968999999999999861e-01,5.752800000000000136e-01,5.936700000000000310e-01,5.932500000000000551e-01,5.962499999999999467e-01,5.722399999999999709e-01,5.685200000000000253e-01,6.038700000000000179e-01,5.882699999999999596e-01,5.715700000000000225e-01,5.603099999999999747e-01,6.360799999999999788e-01,5.679600000000000204e-01,5.885500000000000176e-01,5.942800000000000304e-01,5.697100000000000497e-01,5.844500000000000250e-01,5.853800000000000114e-01,5.794000000000000261e-01,5.678600000000000314e-01,5.681699999999999529e-01,5.784200000000000452e-01,6.117200000000000415e-01,6.329799999999999871e-01,6.095699999999999452e-01,6.221600000000000463e-01,6.000199999999999978e-01,6.265199999999999658e-01,5.670300000000000340e-01,6.067299999999999915e-01,6.325399999999999912e-01,6.090799999999999548e-01,6.140099999999999447e-01,6.029999999999999805e-01,6.509700000000000486e-01,6.183499999999999552e-01,5.988099999999999534e-01,5.648199999999999887e-01,5.837400000000000366e-01,6.144600000000000062e-01,5.920699999999999852e-01,5.723399999999999599e-01,5.979700000000000015e-01,6.002100000000000213e-01,5.817700000000000093e-01,5.947000000000000064e-01,5.917700000000000182e-01,5.772199999999999553e-01,6.027200000000000335e-01,6.070600000000000440e-01,5.426400000000000112e-01,5.906599999999999628e-01,5.976299999999999946e-01,5.729800000000000448e-01,5.865599999999999703e-01,5.587600000000000344e-01,5.938600000000000545e-01,5.584099999999999620e-01,5.799900000000000055e-01,5.825900000000000523e-01,5.753800000000000026e-01,5.732800000000000118e-01,5.527300000000000546e-01,5.830800000000000427e-01,5.564900000000000402e-01,5.619800000000000351e-01,5.846700000000000230e-01
5.869299999999999518e-01,5.504799999999999693e-01,5.538499999999999535e-01,5.631899999999999684e-01,5.729499999999999593e-01,5.520399999999999752e-01,5.583000000000000185e-01,5.396199999999999886e-01,5.532299999999999995e-01,5.579800000000000315e-01,5.438499999999999446e-01,5.644700000000000273e-01,5.547999999999999599e-01,5.611000000000000432e-01,5.522700000000000387e-01,5.455699999999999994e-01,5.599600000000000133e-01,5.600699999999999568e-01,5.475100000000000522e-01,0.000000000000000000e+00,5.912600000000000078e-01,5.424799999999999622e-01,5.629499999999999504e-01,5.636200000000000099e-01,5.438100000000000156e-01,5.564599999999999547e-01,5.550000000000000488e-01,5.488600000000000145e-01,5.440000000000000391e-01,0.000000000000000000e+00,5.522299999999999986e-01,5.681399999999999784e-01,5.945300000000000029e-01,5.789699999999999847e-01,5.905899999999999483e-01,5.642399999999999638e-01,5.850800000000000445e-01,5.517999999999999572e-01,5.595200000000000173e-01,5.947999999999999954e-01,5.696900000000000297e-01,5.709199999999999831e-01,5.661599999999999966e-01,5.872500000000000497e-01,5.717299999999999605e-01,5.665999999999999925e-01,0.000000000000000000e+00,5.576799999999999535e-01,5.758400000000000185e-01,5.572500000000000231e-01,5.519300000000000317e-01,5.646299999999999653e-01,5.759199999999999875e-01,5.544200000000000239e-01,5.575099999999999500e-01,5.607400000000000162e-01,5.521200000000000552e-01,5.685000000000000053e-01,5.716900000000000315e-01,0.000000000000000000e+00,5.583900000000000530e-01,5.571199999999999486e-01,5.496100000000000430e-01,5.527699999999999836e-01,0.000000000000000000e+00,5.607900000000000107e-01,5.395299999999999541e-01,5.527300000000000546e-01,5.639699999999999713e-01,5.504400000000000404e-01,5.483000000000000096e-01,0.000000000000000000e+00,5.543299999999999894e-01,0.000000000000000000e+00,0.000000000000000000e+00,5.589699999999999669e-01
6.133499999999999508e-01,5.802899999999999725e-01,5.728799999999999448e-01,5.941699999999999759e-01,6.046799999999999953e-01,5.763500000000000290e-01,5.883500000000000396e-01,5.532299999999999995e-01,5.886500000000000066e-01,5.884200000000000541e-01,5.689600000000000213e-01,5.785900000000000487e-01,5.892600000000000060e-01,5.969299999999999606e-01,5.701300000000000257e-01,5.713200000000000500e-01,6.021699999999999831e-01,5.919799999999999507e-01,5.690899999999999848e-01,5.663599999999999746e-01,6.250000000000000000e-01,5.731199999999999628e-01,5.882500000000000506e-01,5.881800000000000361e-01,5.736499999999999932e-01,5.828699999999999992e-01,5.858499999999999819e-01,5.763000000000000345e-01,5.689899999999999958e-01,5.635799999999999699e-01,5.760600000000000165e-01,6.072600000000000220e-01,6.289299999999999891e-01,6.031499999999999639e-01,6.195300000000000251e-01,6.041299999999999448e-01,6.253300000000000525e-01,5.653200000000000447e-01,6.005599999999999827e-01,6.287300000000000111e-01,6.002699999999999703e-01,6.042800000000000393e-01,5.996700000000000363e-01,6.408800000000000052e-01,6.176099999999999923e-01,5.888600000000000501e-01,5.622399999999999620e-01,5.845399999999999485e-01,6.070400000000000240e-01,5.873500000000000387e-01,5.782399999999999762e-01,5.939400000000000235e-01,5.960100000000000398e-01,5.852600000000000025e-01,5.958499999999999908e-01,5.872800000000000242e-01,5.644700000000000273e-01,5.983100000000000085e-01,6.044300000000000228e-01,0.000000000000000000e+00,5.928499999999999881e-01,6.023800000000000265e-01,5.703200000000000491e-01,5.854899999999999549e-01,5.631099999999999994e-01,5.823899999999999633e-01,5.642099999999999893e-01,5.823000000000000398e-01,5.773300000000000098e-01,5.773800000000000043e-01,5.721800000000000219e-01,5.543000000000000149e-01,5.826799999999999757e-01,5.611800000000000122e-01,5.603200000000000403e-01,5.803099999999999925e-01
6.171100000000000474e-01,5.776900000000000368e-01,5.716400000000000370e-01,6.030600000000000405e-01,6.123899999999999899e-01,5.798699999999999966e-01,5.968999999999999861e-01,5.579800000000000315e-01,5.884200000000000541e-01,5.945799999999999974e-01,5.793399999999999661e-01,5.871499999999999497e-01,5.941800000000000415e-01,6.056000000000000272e-01,5.697499999999999787e-01,5.713200000000000500e-01,6.026399999999999535e-01,5.891800000000000370e-01,5.736700000000000133e-01,5.645900000000000363e-01,6.294999999999999485e-01,5.718400000000000150e-01,5.898999999999999799e-01,5.907499999999999973e-01,5.735500000000000043e-01,5.848700000000000010e-01,5.839299999999999491e-01,5.822899999999999743e-01,5.694500000000000117e-01,5.677499999999999769e-01,5.792100000000000026e-01,6.057799999999999851e-01,6.213499999999999579e-01,6.031600000000000295e-01,6.137899999999999467e-01,6.117700000000000360e-01,6.272100000000000453e-01,5.623200000000000420e-01,6.022499999999999520e-01,6.341099999999999515e-01,6.054599999999999982e-01,6.094100000000000072e-01,6.076599999999999779e-01,6.426300000000000345e-01,6.198599999999999666e-01,5.936299999999999910e-01,5.679600000000000204e-01,5.814099999999999824e-01,6.113300000000000400e-01,5.950400000000000134e-01,5.706200000000000161e-01,6.007599999999999607e-01,5.988700000000000134e-01,5.815700000000000314e-01,5.995000000000000329e-01,5.933100000000000041e-01,5.754500000000000171e-01,6.033300000000000329e-01,6.077399999999999469e-01,5.434799999999999631e-01,5.908099999999999463e-01,6.021999999999999575e-01,5.731800000000000228e-01,5.851699999999999680e-01,5.613000000000000211e-01,5.896900000000000475e-01,5.621199999999999530e-01,5.820699999999999763e-01,5.797900000000000276e-01,5.790499999999999536e-01,5.748299999999999521e-01,5.561899999999999622e-01,5.907099999999999573e-01,5.592899999999999539e-01,5.720300000000000384e-01,5.854899999999999549e-01
5.987000000000000099e-01,5.605999999999999872e-01,5.552599999999999758e-01,5.811899999999999844e-01,5.893100000000000005e-01,5.590399999999999814e-01,5.752800000000000136e-01,5.438499999999999446e-01,5.689600000000000213e-01,5.793399999999999661e-01,5.569100000000000161e-01,5.698199999999999932e-01,5.737299999999999622e-01,5.767700000000000049e-01,5.538899999999999935e-01,5.540000000000000480e-01,5.820400000000000018e-01,5.718900000000000095e-01,5.534599999999999520e-01,5.466999999999999638e-01,6.100299999999999612e-01,5.527400000000000091e-01,5.705700000000000216e-01,5.728199999999999958e-01,5.570800000000000196e-01,5.653000000000000247e-01,5.655299999999999772e-01,5.637600000000000389e-01,5.508300000000000418e-01,5.516600000000000392e-01,5.589600000000000124e-01,5.847299999999999720e-01,6.059200000000000141e-01,5.823000000000000398e-01,5.964300000000000157e-01,5.809900000000000064e-01,6.021800000000000486e-01,5.460800000000000098e-01,5.764899999999999469e-01,6.035399999999999654e-01,5.801300000000000345e-01,5.808200000000000029e-01,5.848600000000000465e-01,6.177899999999999503e-01,5.888700000000000045e-01,5.762500000000000400e-01,5.502000000000000224e-01,5.631199999999999539e-01,5.946700000000000319e-01,5.757299999999999640e-01,5.550199999999999578e-01,5.765900000000000469e-01,5.798299999999999566e-01,5.637499999999999734e-01,5.750499999999999501e-01,5.738199999999999967e-01,5.561899999999999622e-01,5.816700000000000204e-01,5.878499999999999837e-01,0.000000000000000000e+00,5.707799999999999541e-01,5.804799999999999960e-01,5.583900000000000530e-01,5.657799999999999496e-01,5.447800000000000420e-01,5.722099999999999964e-01,5.467600000000000238e-01,5.634099999999999664e-01,5.644700000000000273e-01,5.601099999999999968e-01,5.557800000000000518e-01,5.396600000000000286e-01,5.678199999999999914e-01,5.432299999999999907e-01,5.527199999999999891e-01,5.668900000000000050e-01
6.227899999999999547e-01,5.694599999999999662e-01,5.772199999999999553e-01,5.995599999999999818e-01,6.047200000000000353e-01,5.727499999999999813e-01,5.936700000000000310e-01,5.644700000000000273e-01,5.785900000000000487e-01,5.871499999999999497e-01,5.698199999999999932e-01,5.966399999999999482e-01,5.884399999999999631e-01,5.963500000000000467e-01,5.776299999999999768e-01,5.674200000000000355e-01,5.967299999999999827e-01,5.819600000000000328e-01,5.626100000000000545e-01,5.559399999999999897e-01,6.358800000000000008e-01,5.620000000000000551e-01,5.884800000000000031e-01,5.963100000000000067e-01,5.631699999999999484e-01,5.844700000000000450e-01,5.826599999999999557e-01,5.764299999999999979e-01,5.643099999999999783e-01,5.575400000000000356e-01,5.796200000000000241e-01,6.093800000000000328e-01,6.347599999999999909e-01,6.188500000000000112e-01,6.245600000000000041e-01,5.949400000000000244e-01,6.199799999999999756e-01,5.658400000000000096e-01,5.966200000000000392e-01,6.407300000000000217e-01,6.138400000000000523e-01,6.142100000000000337e-01,5.926900000000000501e-01,6.389799999999999924e-01,6.159599999999999520e-01,6.029799999999999605e-01,5.629300000000000415e-01,5.865599999999999703e-01,6.119599999999999485e-01,5.846000000000000085e-01,5.746700000000000141e-01,5.941899999999999959e-01,5.996299999999999963e-01,5.723000000000000309e-01,5.854700000000000459e-01,5.861499999999999488e-01,5.810100000000000264e-01,5.984099999999999975e-01,5.987500000000000044e-01,5.524599999999999511e-01,5.848499999999999810e-01,5.815299999999999914e-01,5.691899999999999737e-01,5.797600000000000531e-01,5.566200000000000037e-01,5.983000000000000540e-01,5.563000000000000167e-01,5.786499999999999977e-01,5.803700000000000525e-01,5.692599999999999882e-01,5.735999999999999988e-01,5.479100000000000081e-01,5.822000000000000508e-01,5.479199999999999626e-01,5.640300000000000313e-01,5.877400000000000402e-01
6.213899999999999979e-01,5.791100000000000136e-01,5.743300000000000072e-01,5.973199999999999621e-01,6.061199999999999921e-01,5.780100000000000238e-01,5.932500000000000551e-01,5.547999999999999599e-01,5.892600000000000060e-01,5.941800000000000415e-01,5.737299999999999622e-01,5.884399999999999631e-01,5.927400000000000446e-01,5.965399999999999592e-01,5.729699999999999793e-01,5.716299999999999715e-01,6.062400000000000011e-01,5.923300000000000232e-01,5.712399999999999700e-01,5.634599999999999609e-01,6.319900000000000517e-01,5.706400000000000361e-01,5.897799999999999709e-01,5.922500000000000542e-01,5.714900000000000535e-01,5.844399999999999595e-01,5.862600000000000033e-01,5.793800000000000061e-01,5.700100000000000167e-01,5.652700000000000502e-01,5.779400000000000093e-01,6.122999999999999554e-01,6.310900000000000398e-01,6.056099999999999817e-01,6.207200000000000495e-01,6.013399999999999856e-01,6.285100000000000131e-01,5.620100000000000096e-01,6.060900000000000176e-01,6.303299999999999459e-01,6.055500000000000327e-01,6.116099999999999870e-01,6.009400000000000297e-01,6.471900000000000430e-01,6.175599999999999978e-01,5.978099999999999525e-01,5.651500000000000412e-01,5.845799999999999885e-01,6.162199999999999900e-01,5.899900000000000144e-01,5.746900000000000341e-01,5.966799999999999882e-01,5.981400000000000050e-01,5.825799999999999867e-01,5.946700000000000319e-01,5.906400000000000539e-01,5.720199999999999729e-01,6.014399999999999746e-01,6.064199999999999591e-01,5.431500000000000217e-01,5.933000000000000496e-01,5.995099999999999874e-01,5.727299999999999613e-01,5.863899999999999668e-01,5.616299999999999626e-01,5.902300000000000324e-01,5.621599999999999930e-01,5.823099999999999943e-01,5.779900000000000038e-01,5.767499999999999849e-01,5.744399999999999507e-01,5.536499999999999755e-01,5.843699999999999450e-01,5.583500000000000130e-01,5.644200000000000328e-01,5.840199999999999836e-01
6.262699999999999934e-01,5.862100000000000088e-01,5.785299999999999887e-01,5.983199999999999630e-01,6.093399999999999928e-01,5.849900000000000100e-01,5.962499999999999467e-01,5.611000000000000432e-01,5.969299999999999606e-01,6.056000000000000272e-01,5.767700000000000049e-01,5.963500000000000467e-01,5.965399999999999592e-01,5.943899999999999739e-01,5.801600000000000090e-01,5.752699999999999481e-01,6.172699999999999854e-01,5.930199999999999916e-01,5.763300000000000090e-01,5.656799999999999606e-01,6.422099999999999476e-01,5.722699999999999454e-01,5.948499999999999899e-01,6.028200000000000225e-01,5.776599999999999513e-01,5.917000000000000037e-01,5.951600000000000223e-01,5.837799999999999656e-01,5.756799999999999695e-01,5.701000000000000512e-01,5.848499999999999810e-01,6.199599999999999556e-01,6.458099999999999952e-01,6.143399999999999972e-01,6.282799999999999496e-01,5.996599999999999708e-01,6.316599999999999993e-01,5.776400000000000423e-01,6.153999999999999471e-01,6.308799999999999963e-01,6.126700000000000479e-01,6.241299999999999626e-01,6.104000000000000536e-01,6.634499999999999842e-01,6.242100000000000426e-01,6.025500000000000300e-01,5.707900000000000196e-01,5.893800000000000150e-01,6.215699999999999559e-01,5.961899999999999977e-01,5.864700000000000468e-01,6.016000000000000236e-01,6.034300000000000219e-01,5.912800000000000278e-01,6.042100000000000248e-01,5.949200000000000044e-01,5.803399999999999670e-01,6.086000000000000298e-01,6.094800000000000217e-01,5.504799999999999693e-01,5.945200000000000484e-01,6.071699999999999875e-01,5.795000000000000151e-01,5.947000000000000064e-01,5.647799999999999487e-01,6.000499999999999723e-01,5.667799999999999505e-01,5.853300000000000169e-01,5.860400000000000054e-01,5.804799999999999960e-01,5.812399999999999789e-01,5.581500000000000350e-01,5.862300000000000288e-01,5.632700000000000484e-01,5.593799999999999883e-01,5.892300000000000315e-01
6.103199999999999736e-01,5.634000000000000119e-01,5.700300000000000367e-01,5.758400000000000185e-01,5.833099999999999952e-01,5.667100000000000470e-01,5.722399999999999709e-01,5.522700000000000387e-01,5.701300000000000257e-01,5.697499999999999787e-01,5.538899999999999935e-01,5.776299999999999768e-01,5.729699999999999793e-01,5.801600000000000090e-01,5.665000000000000036e-01,5.561800000000000077e-01,5.838400000000000256e-01,5.734500000000000153e-01,5.557199999999999918e-01,5.516499999999999737e-01,6.153800000000000381e-01,5.564200000000000257e-01,5.810400000000000009e-01,5.802800000000000180e-01,5.560399999999999787e-01,5.726099999999999524e-01,5.736599999999999477e-01,5.610300000000000287e-01,5.578600000000000225e-01,5.432299999999999907e-01,5.671800000000000175e-01,5.947599999999999554e-01,6.241299999999999626e-01,6.004800000000000137e-01,6.092300000000000493e-01,5.801300000000000345e-01,6.038700000000000179e-01,5.573500000000000121e-01,5.862500000000000488e-01,6.196000000000000396e-01,5.972399999999999931e-01,5.997400000000000508e-01,5.784500000000000197e-01,6.139200000000000212e-01,6.029400000000000315e-01,5.888499999999999845e-01,5.531500000000000306e-01,5.751300000000000301e-01,5.904700000000000504e-01,5.684500000000000108e-01,5.701399999999999801e-01,5.800999999999999490e-01,5.877900000000000347e-01,5.688299999999999468e-01,5.733899999999999553e-01,5.698999999999999622e-01,5.607499999999999707e-01,5.849600000000000355e-01,5.859999999999999654e-01,5.447699999999999765e-01,5.775900000000000478e-01,5.741500000000000492e-01,5.589899999999999869e-01,5.702899999999999636e-01,5.520500000000000407e-01,5.770699999999999719e-01,5.527100000000000346e-01,5.695200000000000262e-01,5.710100000000000176e-01,5.581599999999999895e-01,5.623299999999999965e-01,5.405900000000000150e-01,5.667200000000000015e-01,5.431899999999999507e-01,5.471300000000000052e-01,5.736099999999999532e-01
5.907900000000000373e-01,5.593000000000000194e-01,5.617199999999999971e-01,5.742699999999999472e-01,5.814899999999999514e-01,5.629300000000000415e-01,5.685200000000000253e-01,5.455699999999999994e-01,5.713200000000000500e-01,5.713200000000000500e-01,5.540000000000000480e-01,5.674200000000000355e-01,5.716299999999999715e-01,5.752699999999999481e-01,5.561800000000000077e-01,5.540699999999999514e-01,5.860300000000000509e-01,5.725500000000000034e-01,5.532799999999999940e-01,5.493200000000000305e-01,6.071199999999999930e-01,5.548699999999999743e-01,5.746799999999999686e-01,5.721699999999999564e-01,5.579800000000000315e-01,5.673399999999999554e-01,5.716799999999999660e-01,5.607999999999999652e-01,5.561099999999999932e-01,5.431700000000000417e-01,5.603000000000000203e-01,5.885399999999999521e-01,6.089599999999999458e-01,5.842300000000000271e-01,5.991300000000000514e-01,5.752199999999999536e-01,5.988099999999999534e-01,5.520800000000000152e-01,5.805000000000000160e-01,6.083100000000000174e-01,5.877400000000000402e-01,5.942199999999999704e-01,5.768999999999999684e-01,6.195300000000000251e-01,6.026000000000000245e-01,5.781600000000000072e-01,5.453400000000000469e-01,5.699400000000000022e-01,5.903300000000000214e-01,5.678999999999999604e-01,5.651000000000000467e-01,5.755599999999999605e-01,5.799299999999999455e-01,5.632300000000000084e-01,5.766700000000000159e-01,5.687900000000000178e-01,5.535499999999999865e-01,5.780100000000000238e-01,5.807600000000000540e-01,0.000000000000000000e+00,5.751800000000000246e-01,5.746799999999999686e-01,5.540000000000000480e-01,5.668400000000000105e-01,5.485499999999999821e-01,5.679199999999999804e-01,5.486600000000000366e-01,5.657100000000000461e-01,5.613099999999999756e-01,5.592799999999999994e-01,5.582200000000000495e-01,5.392799999999999816e-01,5.639999999999999458e-01,5.458399999999999919e-01,5.434799999999999631e-01,5.673300000000000010e-01
6.379000000000000226e-01,5.893599999999999950e-01,5.817499999999999893e-01,6.119700000000000140e-01,6.194300000000000361e-01,5.866999999999999993e-01,6.038700000000000179e-01,5.599600000000000133e-01,6.021699999999999831e-01,6.026399999999999535e-01,5.820400000000000018e-01,5.967299999999999827e-01,6.062400000000000011e-01,6.172699999999999854e-01,5.838400000000000256e-01,5.860300000000000509e-01,6.143499999999999517e-01,6.038099999999999579e-01,5.801199999999999690e-01,5.786400000000000432e-01,6.457300000000000262e-01,5.841600000000000126e-01,6.013699999999999601e-01,6.060699999999999976e-01,5.843899999999999650e-01,5.972199999999999731e-01,5.997599999999999598e-01,5.898999999999999799e-01,5.795400000000000551e-01,5.758400000000000185e-01,5.916900000000000492e-01,6.241100000000000536e-01,6.449899999999999523e-01,6.220200000000000173e-01,6.321200000000000152e-01,6.238000000000000211e-01,6.457800000000000207e-01,5.661199999999999566e-01,6.126500000000000279e-01,6.508099999999999996e-01,6.211799999999999544e-01,6.159799999999999720e-01,6.182199999999999918e-01,6.667399999999999993e-01,6.402400000000000313e-01,6.076399999999999579e-01,5.810800000000000409e-01,5.976299999999999946e-01,6.220700000000000118e-01,5.991400000000000059e-01,5.872899999999999787e-01,6.094399999999999817e-01,6.151900000000000146e-01,5.951100000000000279e-01,6.151699999999999946e-01,5.990499999999999714e-01,5.794899999999999496e-01,6.153699999999999726e-01,6.229999999999999982e-01,5.569800000000000306e-01,6.077799999999999869e-01,6.135199999999999543e-01,5.823500000000000343e-01,6.015300000000000091e-01,5.750899999999999901e-01,6.019700000000000051e-01,5.768100000000000449e-01,5.964300000000000157e-01,5.871100000000000207e-01,5.886099999999999666e-01,5.845700000000000340e-01,5.670199999999999685e-01,5.986700000000000355e-01,5.706999999999999851e-01,5.739699999999999802e-01,5.975000000000000311e-01
6.193400000000000016e-01,5.807400000000000340e-01,5.777700000000000058e-01,5.955599999999999783e-01,5.996799999999999908e-01,5.829800000000000537e-01,5.882699999999999596e-01,5.600699999999999568e-01,5.919799999999999507e-01,5.891800000000000370e-01,5.718900000000000095e-01,5.819600000000000328e-01,5.923300000000000232e-01,5.930199999999999916e-01,5.734500000000000153e-01,5.725500000000000034e-01,6.038099999999999579e-01,5.893599999999999950e-01,5.729999999999999538e-01,5.683700000000000419e-01,6.275500000000000522e-01,5.751100000000000101e-01,5.937200000000000255e-01,5.928799999999999626e-01,5.738499999999999712e-01,5.861899999999999888e-01,5.936599999999999655e-01,5.793700000000000516e-01,5.739900000000000002e-01,5.594400000000000484e-01,5.782800000000000162e-01,6.118099999999999650e-01,6.348200000000000509e-01,5.998799999999999688e-01,6.158799999999999830e-01,5.959799999999999542e-01,6.237099999999999866e-01,5.689600000000000213e-01,6.076899999999999524e-01,6.261100000000000554e-01,6.040200000000000014e-01,6.106099999999999861e-01,5.960199999999999942e-01,6.455100000000000282e-01,6.226399999999999713e-01,5.954500000000000348e-01,5.658199999999999896e-01,5.900900000000000034e-01,6.126899999999999569e-01,5.845000000000000195e-01,5.827200000000000157e-01,5.930100000000000371e-01,5.975000000000000311e-01,5.854300000000000059e-01,5.953899999999999748e-01,5.887000000000000011e-01,5.686200000000000143e-01,6.002699999999999703e-01,6.038099999999999579e-01,0.000000000000000000e+00,5.973800000000000221e-01,6.015000000000000346e-01,5.757400000000000295e-01,5.890800000000000480e-01,5.628300000000000525e-01,5.847299999999999720e-01,5.655900000000000372e-01,5.852399999999999824e-01,5.809400000000000119e-01,5.809900000000000064e-01,5.769699999999999829e-01,5.555700000000000083e-01,5.827400000000000357e-01,5.626400000000000290e-01,5.567499999999999671e-01,5.846200000000000285e-01
5.951100000000000279e-01,5.641399999999999748e-01,5.618100000000000316e-01,5.739499999999999602e-01,5.843000000000000416e-01,5.645999999999999908e-01,5.715700000000000225e-01,5.474999999999999867e-01,5.690899999999999848e-01,5.736700000000000133e-01,5.534599999999999520e-01,5.626100000000000545e-01,5.712399999999999700e-01,5.763300000000000090e-01,5.557199999999999918e-01,5.532799999999999940e-01,5.801199999999999690e-01,5.729999999999999538e-01,5.565600000000000547e-01,5.507100000000000328e-01,6.016500000000000181e-01,5.565400000000000347e-01,5.735900000000000443e-01,5.720499999999999474e-01,5.586200000000000054e-01,5.656099999999999461e-01,5.679300000000000459e-01,5.618199999999999861e-01,5.526100000000000456e-01,5.455999999999999739e-01,5.566200000000000037e-01,5.824200000000000488e-01,6.040299999999999558e-01,5.774099999999999788e-01,5.946500000000000119e-01,5.795700000000000296e-01,5.987900000000000444e-01,5.517300000000000537e-01,5.764099999999999779e-01,5.995000000000000329e-01,5.760499999999999510e-01,5.827499999999999902e-01,5.774099999999999788e-01,6.062400000000000011e-01,5.887900000000000356e-01,5.765200000000000324e-01,5.504599999999999493e-01,5.650199999999999667e-01,5.911800000000000388e-01,5.699300000000000477e-01,5.606400000000000272e-01,5.762399999999999745e-01,5.786000000000000032e-01,5.689100000000000268e-01,5.739100000000000312e-01,5.726200000000000179e-01,5.506999999999999673e-01,5.824099999999999833e-01,5.877700000000000147e-01,0.000000000000000000e+00,5.712800000000000100e-01,5.804399999999999560e-01,5.597199999999999953e-01,5.644400000000000528e-01,5.471300000000000052e-01,5.672899999999999610e-01,5.495499999999999829e-01,5.649100000000000232e-01,5.628499999999999615e-01,5.620699999999999585e-01,5.566499999999999782e-01,5.418699999999999628e-01,5.667200000000000015e-01,5.475400000000000267e-01,5.478699999999999681e-01,5.640199999999999658e-01
5.790999999999999481e-01,5.590100000000000069e-01,5.571399999999999686e-01,5.651800000000000157e-01,5.698999999999999622e-01,5.585400000000000365e-01,5.603099999999999747e-01,0.000000000000000000e+00,5.663599999999999746e-01,5.645900000000000363e-01,5.467100000000000293e-01,5.559399999999999897e-01,5.634599999999999609e-01,5.656799999999999606e-01,5.516499999999999737e-01,5.493200000000000305e-01,5.786400000000000432e-01,5.683700000000000419e-01,5.507100000000000328e-01,5.456400000000000139e-01,5.906700000000000284e-01,5.532200000000000450e-01,5.660500000000000531e-01,5.652300000000000102e-01,5.546400000000000219e-01,5.610199999999999632e-01,5.674299999999999899e-01,5.543200000000000349e-01,5.499600000000000044e-01,0.000000000000000000e+00,5.549800000000000288e-01,5.800600000000000200e-01,5.981800000000000450e-01,5.768299999999999539e-01,5.906599999999999628e-01,5.707200000000000051e-01,5.897000000000000020e-01,5.487300000000000511e-01,5.757299999999999640e-01,5.954300000000000148e-01,5.746799999999999686e-01,5.804000000000000270e-01,5.682599999999999874e-01,6.005800000000000027e-01,5.902100000000000124e-01,5.612000000000000322e-01,5.443599999999999550e-01,5.646999999999999797e-01,5.786000000000000032e-01,5.611699999999999466e-01,5.613799999999999901e-01,5.680800000000000294e-01,5.736999999999999877e-01,5.634799999999999809e-01,5.710199999999999720e-01,5.629899999999999904e-01,5.448899999999999855e-01,5.729300000000000503e-01,5.734599999999999698e-01,0.000000000000000000e+00,5.724900000000000544e-01,5.769900000000000029e-01,5.504999999999999893e-01,5.641599999999999948e-01,5.464299999999999713e-01,5.575099999999999500e-01,5.487499999999999600e-01,5.619800000000000351e-01,5.546999999999999709e-01,5.568499999999999561e-01,5.529800000000000271e-01,0.000000000000000000e+00,5.598400000000000043e-01,5.427100000000000257e-01,5.398500000000000520e-01,5.595799999999999663e-01
6.769100000000000117e-01,6.116200000000000525e-01,6.106399999999999606e-01,6.483900000000000219e-01,6.553499999999999881e-01,6.122900000000000009e-01,6.360799999999999788e-01,5.912600000000000078e-01,6.250000000000000000e-01,6.294999999999999485e-01,6.100200000000000067e-01,6.358800000000000008e-01,6.319900000000000517e-01,6.422099999999999476e-01,6.153800000000000381e-01,6.071199999999999930e-01,6.457300000000000262e-01,6.275500000000000522e-01,6.016500000000000181e-01,5.906700000000000284e-01,7.010899999999999910e-01,6.012699999999999712e-01,6.341400000000000370e-01,6.379899999999999460e-01,5.994399999999999729e-01,6.260200000000000209e-01,6.209400000000000475e-01,6.132100000000000328e-01,6.027099999999999680e-01,5.963800000000000212e-01,6.176899999999999613e-01,6.730699999999999461e-01,6.985799999999999788e-01,6.587100000000000177e-01,6.797400000000000109e-01,6.415300000000000447e-01,6.845099999999999518e-01,5.913599999999999968e-01,6.612700000000000244e-01,6.978999999999999648e-01,6.588500000000000467e-01,6.701399999999999579e-01,6.346000000000000529e-01,7.117499999999999938e-01,6.701200000000000490e-01,6.540200000000000458e-01,5.977099999999999635e-01,6.217300000000000049e-01,6.625499999999999723e-01,6.278700000000000392e-01,6.097900000000000542e-01,6.380900000000000460e-01,6.455400000000000027e-01,6.149700000000000166e-01,6.303499999999999659e-01,6.270000000000000018e-01,6.118099999999999650e-01,6.431700000000000195e-01,6.451799999999999757e-01,5.711600000000000010e-01,6.251999999999999780e-01,6.314499999999999558e-01,6.062899999999999956e-01,6.191900000000000182e-01,5.897599999999999509e-01,6.413699999999999957e-01,5.896400000000000530e-01,6.174800000000000288e-01,6.189000000000000057e-01,6.054399999999999782e-01,6.096700000000000452e-01,5.810800000000000409e-01,6.186899999999999622e-01,5.823199999999999488e-01,5.945300000000000029e-01,6.268599999999999728e-01
