5.638999999999999568e-01,0.000000000000000000e+00,5.480199999999999516e-01,5.490599999999999925e-01,0.000000000000000000e+00,0.000000000000000000e+00,5.517600000000000282e-01,5.541700000000000514e-01,0.000000000000000000e+00,0.000000000000000000e+00,5.511000000000000343e-01,5.720199999999999729e-01,0.000000000000000000e+00,5.407999999999999474e-01,5.446600000000000330e-01,0.000000000000000000e+00,5.403499999999999970e-01,0.000000000000000000e+00,5.427999999999999492e-01,0.000000000000000000e+00,5.590000000000000524e-01,0.000000000000000000e+00,5.399000000000000465e-01,5.705099999999999616e-01,0.000000000000000000e+00,5.446400000000000130e-01,0.000000000000000000e+00,0.000000000000000000e+00,0.000000000000000000e+00,0.000000000000000000e+00,0.000000000000000000e+00,5.501500000000000279e-01,5.490199999999999525e-01,5.579300000000000370e-01,5.607299999999999507e-01,0.000000000000000000e+00,5.445299999999999585e-01,5.705000000000000071e-01,5.459800000000000209e-01,5.551099999999999923e-01,5.567800000000000527e-01,5.520899999999999697e-01,0.000000000000000000e+00,5.559199999999999697e-01,5.642000000000000348e-01,5.844799999999999995e-01,0.000000000000000000e+00,5.641199999999999548e-01,5.453900000000000414e-01,5.553900000000000503e-01,0.000000000000000000e+00,5.509199999999999653e-01,5.615299999999999736e-01,5.439399999999999791e-01,0.000000000000000000e+00,5.438199999999999701e-01,5.673300000000000010e-01,0.000000000000000000e+00,0.000000000000000000e+00,5.498800000000000354e-01,0.000000000000000000e+00,0.000000000000000000e+00,0.000000000000000000e+00,5.448199999999999710e-01,0.000000000000000000e+00,5.586600000000000454e-01,0.000000000000000000e+00,0.000000000000000000e+00,5.820800000000000418e-01,0.000000000000000000e+00,5.420899999999999608e-01,0.000000000000000000e+00,0.000000000000000000e+00,0.000000000000000000e+00,0.000000000000000000e+00,0.000000000000000000e+00
0.000000000000000000e+00,5.729999999999999538e-01,5.703000000000000291e-01,6.019299999999999651e-01,5.943300000000000249e-01,5.810300000000000464e-01,6.007400000000000517e-01,5.732800000000000118e-01,5.833199999999999497e-01,5.873000000000000442e-01,5.912399999999999878e-01,5.595700000000000118e-01,5.889699999999999935e-01,5.930400000000000116e-01,5.457800000000000429e-01,5.648699999999999832e-01,5.878700000000000037e-01,5.784200000000000452e-01,5.717299999999999605e-01,5.600199999999999623e-01,5.682199999999999473e-01,5.670800000000000285e-01,5.709999999999999520e-01,5.739300000000000512e-01,5.797099999999999476e-01,5.689300000000000468e-01,5.753700000000000481e-01,5.797600000000000531e-01,5.700899999999999856e-01,5.609899999999999887e-01,5.825099999999999723e-01,5.977799999999999780e-01,6.074199999999999600e-01,6.028999999999999915e-01,6.096399999999999597e-01,5.841600000000000126e-01,6.101799999999999446e-01,6.098500000000000032e-01,5.983199999999999630e-01,6.058299999999999796e-01,5.842800000000000216e-01,6.078099999999999614e-01,5.829999999999999627e-01,6.182800000000000518e-01,5.968700000000000117e-01,5.496400000000000174e-01,5.599800000000000333e-01,5.968900000000000317e-01,5.970499999999999696e-01,5.993000000000000549e-01,5.693200000000000482e-01,5.999299999999999633e-01,5.845200000000000395e-01,5.894099999999999895e-01,5.884500000000000286e-01,5.737799999999999567e-01,5.783700000000000507e-01,5.951100000000000279e-01,5.770800000000000374e-01,5.607600000000000362e-01,5.785500000000000087e-01,5.909200000000000008e-01,5.771899999999999809e-01,5.748299999999999521e-01,5.535099999999999465e-01,5.646200000000000108e-01,5.639999999999999458e-01,5.735099999999999643e-01,5.955000000000000293e-01,5.781399999999999872e-01,5.691100000000000048e-01,5.629399999999999959e-01,5.754200000000000426e-01,5.639899999999999913e-01,5.575499999999999901e-01,5.699499999999999567e-01
5.480199999999999516e-01,5.703000000000000291e-01,5.849199999999999955e-01,5.899600000000000399e-01,5.848799999999999555e-01,5.836400000000000476e-01,5.946900000000000519e-01,5.746599999999999486e-01,5.808400000000000230e-01,5.701300000000000257e-01,5.793500000000000316e-01,5.663300000000000001e-01,5.863399999999999723e-01,5.934500000000000330e-01,5.595999999999999863e-01,5.605700000000000127e-01,5.833300000000000152e-01,5.736099999999999532e-01,5.693099999999999827e-01,5.605999999999999872e-01,5.659499999999999531e-01,5.655700000000000172e-01,5.794500000000000206e-01,5.824700000000000433e-01,5.766200000000000214e-01,5.741199999999999637e-01,5.734200000000000408e-01,5.758900000000000130e-01,5.639499999999999513e-01,5.539300000000000335e-01,5.783399999999999652e-01,5.902699999999999614e-01,6.051900000000000057e-01,6.069499999999999895e-01,6.051499999999999657e-01,5.851899999999999880e-01,5.958799999999999653e-01,6.033800000000000274e-01,5.910199999999999898e-01,6.090799999999999548e-01,5.848600000000000465e-01,5.963300000000000267e-01,5.831300000000000372e-01,6.112100000000000311e-01,6.019400000000000306e-01,5.619199999999999751e-01,5.519899999999999807e-01,6.059600000000000541e-01,5.822000000000000508e-01,5.895200000000000440e-01,5.649499999999999522e-01,5.983899999999999775e-01,5.890100000000000335e-01,5.911999999999999478e-01,5.718999999999999639e-01,5.675299999999999789e-01,5.777999999999999803e-01,5.927099999999999591e-01,5.671899999999999720e-01,5.633000000000000229e-01,5.686400000000000343e-01,5.817700000000000093e-01,5.765799999999999814e-01,5.750300000000000411e-01,5.555400000000000338e-01,5.584200000000000275e-01,5.631699999999999484e-01,5.797999999999999821e-01,5.992699999999999694e-01,5.741100000000000092e-01,5.701500000000000457e-01,5.617900000000000116e-01,5.716200000000000170e-01,5.631399999999999739e-01,5.566100000000000492e-01,5.652700000000000502e-01
5.490599999999999925e-01,6.019299999999999651e-01,5.899600000000000399e-01,6.414499999999999647e-01,6.273900000000000032e-01,6.034899999999999709e-01,6.424600000000000311e-01,5.947999999999999954e-01,6.067000000000000171e-01,6.253699999999999815e-01,6.258899999999999464e-01,5.921600000000000197e-01,6.208099999999999730e-01,6.147000000000000242e-01,5.704700000000000326e-01,5.861399999999999944e-01,6.142699999999999827e-01,6.125300000000000189e-01,5.982600000000000140e-01,5.853800000000000114e-01,6.051600000000000312e-01,5.891800000000000370e-01,5.933399999999999785e-01,6.100700000000000012e-01,6.072699999999999765e-01,5.970800000000000551e-01,6.031199999999999894e-01,6.108099999999999641e-01,5.903800000000000159e-01,5.726099999999999524e-01,6.157299999999999995e-01,6.389799999999999924e-01,6.569800000000000084e-01,6.549000000000000377e-01,6.552799999999999736e-01,6.139700000000000157e-01,6.536199999999999788e-01,6.640700000000000491e-01,6.362900000000000222e-01,6.436100000000000154e-01,6.256399999999999739e-01,6.527800000000000269e-01,6.166700000000000514e-01,6.598500000000000476e-01,6.330299999999999816e-01,5.713799999999999990e-01,5.740199999999999747e-01,6.286699999999999511e-01,6.381000000000000005e-01,6.366500000000000492e-01,5.889699999999999935e-01,6.347899999999999654e-01,6.238899999999999446e-01,6.185399999999999787e-01,6.203400000000000025e-01,6.069400000000000350e-01,6.179200000000000248e-01,6.287300000000000111e-01,6.019799999999999596e-01,5.910699999999999843e-01,6.105099999999999971e-01,6.188500000000000112e-01,6.070499999999999785e-01,6.032499999999999529e-01,5.748799999999999466e-01,5.993500000000000494e-01,5.849800000000000555e-01,5.977099999999999635e-01,6.430099999999999705e-01,6.018400000000000416e-01,5.961899999999999977e-01,5.852500000000000480e-01,5.997299999999999853e-01,5.872899999999999787e-01,5.714399999999999480e-01,5.995000000000000329e-01
0.000000000000000000e+00,5.943300000000000249e-01,5.848799999999999555e-01,6.273900000000000032e-01,6.201600000000000446e-01,5.974099999999999966e-01,6.297399999999999665e-01,5.971600000000000241e-01,6.015800000000000036e-01,6.113300000000000400e-01,6.168200000000000349e-01,5.791199999999999681e-01,6.104500000000000481e-01,6.118299999999999850e-01,5.576100000000000501e-01,5.829699999999999882e-01,6.073300000000000365e-01,5.996799999999999908e-01,5.905399999999999539e-01,5.747100000000000541e-01,5.926399999999999446e-01,5.841499999999999471e-01,5.901100000000000234e-01,5.928600000000000536e-01,5.988999999999999879e-01,5.830699999999999772e-01,5.937200000000000255e-01,6.002899999999999903e-01,5.872100000000000097e-01,5.707400000000000251e-01,6.051699999999999857e-01,6.274699999999999722e-01,6.227700000000000458e-01,6.274300000000000432e-01,6.365499999999999492e-01,6.051999999999999602e-01,6.345699999999999674e-01,6.365399999999999947e-01,6.274100000000000232e-01,6.260599999999999499e-01,6.020199999999999996e-01,6.327300000000000146e-01,6.013899999999999801e-01,6.437899999999999734e-01,6.148799999999999821e-01,5.594400000000000484e-01,5.730899999999999883e-01,6.194699999999999651e-01,6.229500000000000037e-01,6.262900000000000134e-01,5.813899999999999624e-01,6.238099999999999756e-01,6.041100000000000358e-01,6.085500000000000353e-01,6.171200000000000019e-01,5.947799999999999754e-01,6.015200000000000546e-01,6.169299999999999784e-01,5.928700000000000081e-01,5.730199999999999738e-01,5.984599999999999920e-01,6.174199999999999688e-01,5.980299999999999505e-01,5.968799999999999661e-01,5.665700000000000180e-01,5.849499999999999700e-01,5.772100000000000009e-01,5.881800000000000361e-01,6.176199999999999468e-01,5.963500000000000467e-01,5.831600000000000117e-01,5.757499999999999840e-01,5.954300000000000148e-01,5.774299999999999988e-01,5.750699999999999701e-01,5.869199999999999973e-01
0.000000000000000000e+00,5.810300000000000464e-01,5.836400000000000476e-01,6.034899999999999709e-01,5.974099999999999966e-01,5.835099999999999731e-01,6.079299999999999704e-01,5.751500000000000501e-01,5.881199999999999761e-01,5.883699999999999486e-01,5.898400000000000309e-01,5.638300000000000534e-01,5.941100000000000270e-01,5.969100000000000517e-01,5.561399999999999677e-01,5.705400000000000471e-01,5.925300000000000011e-01,5.848100000000000520e-01,5.764299999999999979e-01,5.686900000000000288e-01,5.716999999999999860e-01,5.754599999999999715e-01,5.821199999999999708e-01,5.831399999999999917e-01,5.865200000000000413e-01,5.766200000000000214e-01,5.811300000000000354e-01,5.858400000000000274e-01,5.727499999999999813e-01,5.609199999999999742e-01,5.870800000000000463e-01,6.088099999999999623e-01,6.167799999999999949e-01,6.147700000000000387e-01,6.182999999999999607e-01,5.919400000000000217e-01,6.186099999999999932e-01,6.149499999999999966e-01,6.002800000000000358e-01,6.098099999999999632e-01,5.909200000000000008e-01,6.086200000000000498e-01,5.939200000000000035e-01,6.262299999999999534e-01,6.060799999999999521e-01,5.559199999999999697e-01,5.593900000000000539e-01,6.091999999999999638e-01,5.992899999999999894e-01,6.031699999999999839e-01,5.749800000000000466e-01,6.077000000000000179e-01,5.919600000000000417e-01,5.989200000000000079e-01,5.866000000000000103e-01,5.751300000000000301e-01,5.823099999999999943e-01,6.009700000000000042e-01,5.799400000000000110e-01,5.692700000000000538e-01,5.844799999999999995e-01,5.943100000000000049e-01,5.826000000000000068e-01,5.826500000000000012e-01,5.604999999999999982e-01,5.650699999999999612e-01,5.716299999999999715e-01,5.848400000000000265e-01,6.043600000000000083e-01,5.823700000000000543e-01,5.747499999999999831e-01,5.686999999999999833e-01,5.793000000000000371e-01,5.706499999999999906e-01,5.634799999999999809e-01,5.721000000000000529e-01
5.517600000000000282e-01,6.007400000000000517e-01,5.946900000000000519e-01,6.424600000000000311e-01,6.297399999999999665e-01,6.079299999999999704e-01,6.418599999999999861e-01,6.065199999999999481e-01,6.099599999999999467e-01,6.222400000000000153e-01,6.282699999999999951e-01,5.930299999999999461e-01,6.207300000000000040e-01,6.239400000000000501e-01,5.719499999999999584e-01,5.913599999999999968e-01,6.193300000000000471e-01,6.106399999999999606e-01,5.997999999999999998e-01,5.858100000000000529e-01,6.077500000000000124e-01,5.929100000000000481e-01,6.011499999999999622e-01,6.085700000000000554e-01,6.073699999999999655e-01,5.963699999999999557e-01,6.038900000000000379e-01,6.112199999999999855e-01,5.950400000000000134e-01,5.773300000000000098e-01,6.158099999999999685e-01,6.407399999999999762e-01,6.423299999999999566e-01,6.443699999999999983e-01,6.486199999999999743e-01,6.186700000000000532e-01,6.496800000000000352e-01,6.550000000000000266e-01,6.401099999999999568e-01,6.400799999999999823e-01,6.191400000000000237e-01,6.463200000000000056e-01,6.155599999999999961e-01,6.597899999999999876e-01,6.311400000000000343e-01,5.741699999999999582e-01,5.774500000000000188e-01,6.308500000000000218e-01,6.325499999999999456e-01,6.381700000000000150e-01,5.906099999999999683e-01,6.365499999999999492e-01,6.204100000000000170e-01,6.211200000000000054e-01,6.259200000000000319e-01,6.062400000000000011e-01,6.151900000000000146e-01,6.305300000000000349e-01,6.013399999999999856e-01,5.860400000000000054e-01,6.076799999999999979e-01,6.250000000000000000e-01,6.047700000000000298e-01,6.041400000000000103e-01,5.741899999999999782e-01,5.990499999999999714e-01,5.853000000000000425e-01,6.015800000000000036e-01,6.355600000000000138e-01,6.051299999999999457e-01,5.949600000000000444e-01,5.846000000000000085e-01,6.039600000000000524e-01,5.880600000000000271e-01,5.816400000000000459e-01,5.952100000000000168e-01
5.541700000000000514e-01,5.732800000000000118e-01,5.746599999999999486e-01,5.947999999999999954e-01,5.971600000000000241e-01,5.751500000000000501e-01,6.065199999999999481e-01,5.785799999999999832e-01,5.756599999999999495e-01,5.840999999999999526e-01,5.872500000000000497e-01,5.745700000000000252e-01,5.868999999999999773e-01,6.006200000000000427e-01,5.562599999999999767e-01,5.613200000000000411e-01,5.852600000000000025e-01,5.763800000000000034e-01,5.722699999999999454e-01,5.562899999999999512e-01,5.851199999999999735e-01,5.634700000000000264e-01,5.812399999999999789e-01,5.881899999999999906e-01,5.799100000000000366e-01,5.753700000000000481e-01,5.730899999999999883e-01,5.785099999999999687e-01,5.670399999999999885e-01,5.526100000000000456e-01,5.816000000000000059e-01,6.064899999999999736e-01,6.071600000000000330e-01,6.052999999999999492e-01,6.065500000000000336e-01,5.863300000000000178e-01,6.047599999999999643e-01,6.116700000000000470e-01,5.969499999999999806e-01,6.074699999999999545e-01,5.803800000000000070e-01,5.890100000000000335e-01,5.805599999999999650e-01,6.202499999999999680e-01,5.907499999999999973e-01,5.753599999999999826e-01,5.504000000000000004e-01,6.005399999999999627e-01,5.910900000000000043e-01,6.004599999999999937e-01,5.647400000000000198e-01,6.016399999999999526e-01,5.902199999999999669e-01,5.894700000000000495e-01,5.817200000000000149e-01,5.786999999999999922e-01,5.854899999999999549e-01,5.937999999999999945e-01,5.743700000000000472e-01,5.667600000000000415e-01,5.700600000000000112e-01,5.872000000000000552e-01,5.737600000000000477e-01,5.786599999999999522e-01,5.528499999999999526e-01,5.786599999999999522e-01,5.617199999999999971e-01,5.806200000000000250e-01,6.036399999999999544e-01,5.771100000000000119e-01,5.721699999999999564e-01,5.600699999999999568e-01,5.730600000000000138e-01,5.621300000000000185e-01,5.553399999999999448e-01,5.664599999999999635e-01
0.000000000000000000e+00,5.833199999999999497e-01,5.808400000000000230e-01,6.067000000000000171e-01,6.015800000000000036e-01,5.881199999999999761e-01,6.099599999999999467e-01,5.756599999999999495e-01,5.920499999999999652e-01,5.919799999999999507e-01,5.921399999999999997e-01,5.583700000000000330e-01,5.978799999999999670e-01,5.994099999999999984e-01,5.505200000000000093e-01,5.729999999999999538e-01,5.934399999999999675e-01,5.866700000000000248e-01,5.761300000000000310e-01,5.700199999999999712e-01,5.679400000000000004e-01,5.785200000000000342e-01,5.804300000000000015e-01,5.771899999999999809e-01,5.901600000000000179e-01,5.746499999999999941e-01,5.839600000000000346e-01,5.885799999999999921e-01,5.772899999999999698e-01,5.635299999999999754e-01,5.907000000000000028e-01,6.086799999999999988e-01,6.142199999999999882e-01,6.140400000000000302e-01,6.202400000000000135e-01,5.954199999999999493e-01,6.183899999999999952e-01,6.150700000000000056e-01,6.033600000000000074e-01,6.154300000000000326e-01,5.891300000000000425e-01,6.125399999999999734e-01,5.937099999999999600e-01,6.251100000000000545e-01,6.076200000000000490e-01,5.440899999999999626e-01,5.627499999999999725e-01,6.054300000000000237e-01,6.023800000000000265e-01,6.037099999999999689e-01,5.776599999999999513e-01,6.086000000000000298e-01,5.887799999999999701e-01,6.004099999999999993e-01,5.926900000000000501e-01,5.744500000000000162e-01,5.796799999999999731e-01,6.047599999999999643e-01,5.825200000000000378e-01,5.621399999999999730e-01,5.870199999999999863e-01,6.010799999999999477e-01,5.865899999999999448e-01,5.801600000000000090e-01,5.619899999999999896e-01,5.584900000000000420e-01,5.741699999999999582e-01,5.832100000000000062e-01,5.999499999999999833e-01,5.855700000000000349e-01,5.737200000000000077e-01,5.699999999999999512e-01,5.829999999999999627e-01,5.724299999999999944e-01,5.686900000000000288e-01,5.745000000000000107e-01
0.000000000000000000e+00,5.873000000000000442e-01,5.701300000000000257e-01,6.253699999999999815e-01,6.113300000000000400e-01,5.883699999999999486e-01,6.222400000000000153e-01,5.840999999999999526e-01,5.919699999999999962e-01,6.057599999999999651e-01,6.087599999999999678e-01,5.766599999999999504e-01,6.011600000000000277e-01,6.077000000000000179e-01,5.522700000000000387e-01,5.740300000000000402e-01,5.997400000000000508e-01,5.923699999999999521e-01,5.827099999999999502e-01,5.682899999999999618e-01,5.868600000000000483e-01,5.767400000000000304e-01,5.787999999999999812e-01,5.901199999999999779e-01,5.907000000000000028e-01,5.793300000000000116e-01,5.857099999999999529e-01,5.939299999999999580e-01,5.789499999999999647e-01,5.625400000000000400e-01,5.969499999999999806e-01,6.168200000000000349e-01,6.195399999999999796e-01,6.266500000000000403e-01,6.277099999999999902e-01,6.060100000000000486e-01,6.297800000000000065e-01,6.301700000000000079e-01,6.144300000000000317e-01,6.260999999999999899e-01,6.011800000000000477e-01,6.269500000000000073e-01,5.965700000000000447e-01,6.395800000000000374e-01,6.133100000000000218e-01,5.653799999999999937e-01,5.620000000000000551e-01,6.053100000000000147e-01,6.174800000000000288e-01,6.228599999999999692e-01,5.705400000000000471e-01,6.164800000000000280e-01,5.940699999999999870e-01,6.003199999999999648e-01,6.107599999999999696e-01,5.895799999999999930e-01,5.999100000000000543e-01,6.110299999999999621e-01,5.893899999999999695e-01,5.687400000000000233e-01,5.862600000000000033e-01,6.043899999999999828e-01,5.843399999999999705e-01,5.875899999999999457e-01,5.595799999999999663e-01,5.818200000000000038e-01,5.676400000000000334e-01,5.811100000000000154e-01,6.188700000000000312e-01,5.888700000000000045e-01,5.785200000000000342e-01,5.681199999999999584e-01,5.893300000000000205e-01,5.717100000000000515e-01,5.701199999999999601e-01,5.792000000000000481e-01
5.511000000000000343e-01,5.912399999999999878e-01,5.793500000000000316e-01,6.258899999999999464e-01,6.168200000000000349e-01,5.898400000000000309e-01,6.282699999999999951e-01,5.872500000000000497e-01,5.921399999999999997e-01,6.087599999999999678e-01,6.086300000000000043e-01,5.827499999999999902e-01,6.050400000000000222e-01,6.140799999999999592e-01,5.608800000000000452e-01,5.780100000000000238e-01,6.037299999999999889e-01,5.961199999999999832e-01,5.853699999999999459e-01,5.710899999999999865e-01,5.958499999999999908e-01,5.791100000000000136e-01,5.844300000000000050e-01,5.936099999999999710e-01,5.961400000000000032e-01,5.846099999999999630e-01,5.871600000000000152e-01,5.976799999999999891e-01,5.813800000000000079e-01,5.668900000000000050e-01,5.993600000000000039e-01,6.242499999999999716e-01,6.232999999999999652e-01,6.286699999999999511e-01,6.311799999999999633e-01,6.102600000000000247e-01,6.339200000000000390e-01,6.304300000000000459e-01,6.160400000000000320e-01,6.260299999999999754e-01,6.049400000000000333e-01,6.258700000000000374e-01,6.039600000000000524e-01,6.401900000000000368e-01,6.172199999999999909e-01,5.748799999999999466e-01,5.647699999999999942e-01,6.151200000000000001e-01,6.188099999999999712e-01,6.272600000000000398e-01,5.745700000000000252e-01,6.219599999999999573e-01,6.001900000000000013e-01,6.054399999999999782e-01,6.113199999999999745e-01,5.930100000000000371e-01,6.004300000000000193e-01,6.136800000000000033e-01,5.936799999999999855e-01,5.740600000000000147e-01,5.902899999999999814e-01,6.104500000000000481e-01,5.906599999999999628e-01,5.927299999999999791e-01,5.638600000000000279e-01,5.876099999999999657e-01,5.738100000000000422e-01,5.859600000000000364e-01,6.217899999999999539e-01,5.914599999999999858e-01,5.815500000000000114e-01,5.702899999999999636e-01,5.927099999999999591e-01,5.755700000000000260e-01,5.738199999999999967e-01,5.835799999999999876e-01
5.720199999999999729e-01,5.595700000000000118e-01,5.663300000000000001e-01,5.921600000000000197e-01,5.791199999999999681e-01,5.638300000000000534e-01,5.930299999999999461e-01,5.745700000000000252e-01,5.583700000000000330e-01,5.766599999999999504e-01,5.827499999999999902e-01,5.815900000000000514e-01,5.729100000000000303e-01,5.813899999999999624e-01,5.552399999999999558e-01,5.488800000000000345e-01,5.738900000000000112e-01,5.663500000000000201e-01,5.674099999999999699e-01,5.429699999999999527e-01,5.824300000000000033e-01,5.478300000000000392e-01,5.652399999999999647e-01,5.862100000000000088e-01,5.620800000000000241e-01,5.685499999999999998e-01,5.579600000000000115e-01,5.674500000000000099e-01,5.505400000000000293e-01,5.430500000000000327e-01,5.677799999999999514e-01,5.864300000000000068e-01,5.971400000000000041e-01,5.997099999999999653e-01,5.970699999999999896e-01,5.745299999999999851e-01,5.895399999999999530e-01,6.096399999999999597e-01,5.853199999999999514e-01,5.929900000000000171e-01,5.877400000000000402e-01,5.941600000000000215e-01,5.721600000000000019e-01,6.021400000000000086e-01,5.920800000000000507e-01,5.898999999999999799e-01,0.000000000000000000e+00,5.933500000000000441e-01,5.849800000000000555e-01,5.939999999999999725e-01,5.452900000000000524e-01,5.897799999999999709e-01,5.809999999999999609e-01,5.750100000000000211e-01,5.712699999999999445e-01,5.734299999999999953e-01,5.885799999999999921e-01,5.778999999999999693e-01,5.607499999999999707e-01,5.644000000000000128e-01,5.549300000000000344e-01,5.641500000000000403e-01,5.579199999999999715e-01,5.710600000000000120e-01,0.000000000000000000e+00,5.783800000000000052e-01,5.421700000000000408e-01,5.623099999999999765e-01,6.031999999999999584e-01,5.598499999999999588e-01,5.647100000000000453e-01,5.443900000000000405e-01,5.608300000000000507e-01,5.465499999999999803e-01,0.000000000000000000e+00,5.585499999999999909e-01
0.000000000000000000e+00,5.889699999999999935e-01,5.863399999999999723e-01,6.208099999999999730e-01,6.104500000000000481e-01,5.941100000000000270e-01,6.207300000000000040e-01,5.868999999999999773e-01,5.978799999999999670e-01,6.011600000000000277e-01,6.050400000000000222e-01,5.729100000000000303e-01,6.056000000000000272e-01,6.077599999999999669e-01,5.608800000000000452e-01,5.777400000000000313e-01,6.024699999999999500e-01,5.961199999999999832e-01,5.843399999999999705e-01,5.746599999999999486e-01,5.813800000000000079e-01,5.814099999999999824e-01,5.862800000000000233e-01,5.889299999999999535e-01,5.955399999999999583e-01,5.831300000000000372e-01,5.901899999999999924e-01,5.958700000000000108e-01,5.820499999999999563e-01,5.665499999999999980e-01,5.992399999999999949e-01,6.184699999999999642e-01,6.288799999999999946e-01,6.271900000000000253e-01,6.290299999999999780e-01,6.011400000000000077e-01,6.276100000000000012e-01,6.282999999999999696e-01,6.179000000000000048e-01,6.256899999999999684e-01,6.020999999999999686e-01,6.272600000000000398e-01,5.994199999999999529e-01,6.389500000000000179e-01,6.109599999999999476e-01,5.550100000000000033e-01,5.691399999999999793e-01,6.154300000000000326e-01,6.143100000000000227e-01,6.139599999999999502e-01,5.811199999999999699e-01,6.181600000000000428e-01,6.008599999999999497e-01,6.065899999999999626e-01,6.006399999999999517e-01,5.863800000000000123e-01,5.942199999999999704e-01,6.132499999999999618e-01,5.877700000000000147e-01,5.751100000000000101e-01,5.938700000000000090e-01,6.034000000000000474e-01,5.931699999999999751e-01,5.891499999999999515e-01,5.660300000000000331e-01,5.744500000000000162e-01,5.772800000000000153e-01,5.876000000000000112e-01,6.121900000000000119e-01,5.911800000000000388e-01,5.823000000000000398e-01,5.747100000000000541e-01,5.892500000000000515e-01,5.778299999999999548e-01,5.715900000000000425e-01,5.838700000000000001e-01
5.407999999999999474e-01,5.930400000000000116e-01,5.934500000000000330e-01,6.147000000000000242e-01,6.118299999999999850e-01,5.969100000000000517e-01,6.239400000000000501e-01,6.006200000000000427e-01,5.994099999999999984e-01,6.077000000000000179e-01,6.140799999999999592e-01,5.813899999999999624e-01,6.077599999999999669e-01,6.028099999999999570e-01,5.590300000000000269e-01,5.831800000000000317e-01,6.042100000000000248e-01,5.970299999999999496e-01,5.937400000000000455e-01,5.771399999999999864e-01,5.918499999999999872e-01,5.831699999999999662e-01,5.921699999999999742e-01,5.923899999999999721e-01,5.989900000000000224e-01,5.834700000000000442e-01,5.942499999999999449e-01,5.979799999999999560e-01,5.858400000000000274e-01,5.739600000000000257e-01,6.018000000000000016e-01,6.222999999999999643e-01,6.261900000000000244e-01,6.260999999999999899e-01,6.324499999999999567e-01,5.985800000000000010e-01,6.260299999999999754e-01,6.409099999999999797e-01,6.245500000000000496e-01,6.188799999999999857e-01,6.019299999999999651e-01,6.276199999999999557e-01,6.063399999999999901e-01,6.415699999999999736e-01,6.178000000000000158e-01,5.574299999999999811e-01,5.722599999999999909e-01,6.214600000000000124e-01,6.179299999999999793e-01,6.162400000000000100e-01,5.848400000000000265e-01,6.207200000000000495e-01,6.079200000000000159e-01,6.105199999999999516e-01,6.098599999999999577e-01,5.912600000000000078e-01,6.008000000000000007e-01,6.165399999999999769e-01,5.897700000000000164e-01,5.729199999999999848e-01,5.990199999999999969e-01,6.146300000000000097e-01,6.003300000000000303e-01,5.940999999999999615e-01,5.653399999999999537e-01,5.783899999999999597e-01,5.771500000000000519e-01,5.881999999999999451e-01,6.097099999999999742e-01,5.945899999999999519e-01,5.828900000000000192e-01,5.744299999999999962e-01,5.904500000000000304e-01,5.769600000000000284e-01,5.667699999999999960e-01,5.841600000000000126e-01
5.446600000000000330e-01,5.457800000000000429e-01,5.595999999999999863e-01,5.704700000000000326e-01,5.576100000000000501e-01,5.561399999999999677e-01,5.719499999999999584e-01,5.562599999999999767e-01,5.505299999999999638e-01,5.522599999999999731e-01,5.608800000000000452e-01,5.552399999999999558e-01,5.608899999999999997e-01,5.590300000000000269e-01,5.433200000000000252e-01,5.434600000000000541e-01,5.565600000000000547e-01,5.548100000000000254e-01,5.511599999999999833e-01,5.417800000000000393e-01,5.564900000000000402e-01,5.412400000000000544e-01,5.560000000000000497e-01,5.713099999999999845e-01,5.478199999999999736e-01,5.554499999999999993e-01,5.493900000000000450e-01,5.532099999999999795e-01,5.403499999999999970e-01,0.000000000000000000e+00,5.551199999999999468e-01,5.677900000000000169e-01,5.851800000000000335e-01,5.827200000000000157e-01,5.760399999999999965e-01,5.549199999999999688e-01,5.727499999999999813e-01,5.839299999999999491e-01,5.685900000000000398e-01,5.782000000000000473e-01,5.702899999999999636e-01,5.707900000000000196e-01,5.550599999999999978e-01,5.843000000000000416e-01,5.742899999999999672e-01,5.600699999999999568e-01,0.000000000000000000e+00,5.799900000000000055e-01,5.600100000000000078e-01,5.676299999999999679e-01,5.419199999999999573e-01,5.722300000000000164e-01,5.728199999999999958e-01,5.635200000000000209e-01,5.474200000000000177e-01,5.496100000000000430e-01,5.639600000000000168e-01,5.631899999999999684e-01,5.417899999999999938e-01,5.557499999999999662e-01,5.486900000000000110e-01,5.478399999999999936e-01,5.494400000000000395e-01,5.556499999999999773e-01,0.000000000000000000e+00,5.553200000000000358e-01,0.000000000000000000e+00,5.558300000000000463e-01,5.854500000000000259e-01,5.451000000000000290e-01,5.520399999999999752e-01,0.000000000000000000e+00,5.437100000000000266e-01,5.423799999999999732e-01,0.000000000000000000e+00,5.448899999999999855e-01
0.000000000000000000e+00,5.648699999999999832e-01,5.605700000000000127e-01,5.861399999999999944e-01,5.829699999999999882e-01,5.705400000000000471e-01,5.913500000000000423e-01,5.613200000000000411e-01,5.729999999999999538e-01,5.740300000000000402e-01,5.780100000000000238e-01,5.488800000000000345e-01,5.777400000000000313e-01,5.831800000000000317e-01,5.434600000000000541e-01,5.581599999999999895e-01,5.785400000000000542e-01,5.698499999999999677e-01,5.679600000000000204e-01,5.598300000000000498e-01,5.622899999999999565e-01,5.637999999999999678e-01,5.697600000000000442e-01,5.703899999999999526e-01,5.664200000000000346e-01,5.611099999999999977e-01,5.663000000000000256e-01,5.731699999999999573e-01,5.634799999999999809e-01,5.557100000000000373e-01,5.699600000000000222e-01,5.865700000000000358e-01,5.980400000000000160e-01,5.920999999999999597e-01,5.943800000000000194e-01,5.834399999999999586e-01,6.008799999999999697e-01,5.963699999999999557e-01,5.830199999999999827e-01,5.842100000000000071e-01,5.750499999999999501e-01,5.875099999999999767e-01,5.891100000000000225e-01,6.116500000000000270e-01,5.894700000000000495e-01,0.000000000000000000e+00,5.445200000000000040e-01,5.900499999999999634e-01,5.869600000000000373e-01,5.917099999999999582e-01,5.623200000000000420e-01,5.889600000000000390e-01,5.767499999999999849e-01,5.836500000000000021e-01,5.714299999999999935e-01,5.586999999999999744e-01,5.653200000000000447e-01,5.856500000000000039e-01,5.713099999999999845e-01,5.510099999999999998e-01,5.705000000000000071e-01,5.777400000000000313e-01,5.622700000000000475e-01,5.689499999999999558e-01,5.490899999999999670e-01,5.554099999999999593e-01,5.578300000000000480e-01,5.702199999999999491e-01,5.871100000000000207e-01,5.659300000000000441e-01,5.567800000000000527e-01,5.543200000000000349e-01,5.671699999999999520e-01,5.591199999999999504e-01,5.515400000000000302e-01,5.569600000000000106e-01
5.403499999999999970e-01,5.878700000000000037e-01,5.833300000000000152e-01,6.142699999999999827e-01,6.073300000000000365e-01,5.925300000000000011e-01,6.193300000000000471e-01,5.852600000000000025e-01,5.934399999999999675e-01,5.997400000000000508e-01,6.037299999999999889e-01,5.738900000000000112e-01,6.024699999999999500e-01,6.042100000000000248e-01,5.565600000000000547e-01,5.785400000000000542e-01,5.977200000000000291e-01,5.942499999999999449e-01,5.858700000000000019e-01,5.745900000000000452e-01,5.844799999999999995e-01,5.801800000000000290e-01,5.847499999999999920e-01,5.864200000000000523e-01,5.891499999999999515e-01,5.787900000000000267e-01,5.875500000000000167e-01,5.952199999999999713e-01,5.805599999999999650e-01,5.708900000000000086e-01,5.979100000000000525e-01,6.153800000000000381e-01,6.201799999999999535e-01,6.205500000000000460e-01,6.263300000000000534e-01,6.000799999999999468e-01,6.235300000000000287e-01,6.246599999999999930e-01,6.114000000000000545e-01,6.119599999999999485e-01,5.968799999999999661e-01,6.162600000000000300e-01,6.070299999999999585e-01,6.340000000000000080e-01,6.137399999999999523e-01,5.636700000000000044e-01,5.707299999999999596e-01,6.142400000000000082e-01,6.087200000000000388e-01,6.129999999999999893e-01,5.758799999999999475e-01,6.152600000000000291e-01,6.001999999999999558e-01,6.038099999999999579e-01,6.045700000000000518e-01,5.829499999999999682e-01,5.955099999999999838e-01,6.096099999999999852e-01,5.895500000000000185e-01,5.699199999999999822e-01,5.895000000000000240e-01,6.025500000000000300e-01,5.886799999999999811e-01,5.916500000000000092e-01,5.635799999999999699e-01,5.761199999999999655e-01,5.732800000000000118e-01,5.881100000000000216e-01,6.104199999999999626e-01,5.900499999999999634e-01,5.804300000000000015e-01,5.707799999999999541e-01,5.879100000000000437e-01,5.743300000000000072e-01,5.720300000000000384e-01,5.794500000000000206e-01
0.000000000000000000e+00,5.784200000000000452e-01,5.736099999999999532e-01,6.125300000000000189e-01,5.996799999999999908e-01,5.848100000000000520e-01,6.106500000000000261e-01,5.763800000000000034e-01,5.866700000000000248e-01,5.923699999999999521e-01,5.961199999999999832e-01,5.663599999999999746e-01,5.961199999999999832e-01,5.970299999999999496e-01,5.548100000000000254e-01,5.698499999999999677e-01,5.942499999999999449e-01,5.874700000000000477e-01,5.782300000000000217e-01,5.681699999999999529e-01,5.752699999999999481e-01,5.727499999999999813e-01,5.771800000000000264e-01,5.814500000000000224e-01,5.817099999999999493e-01,5.747200000000000086e-01,5.808499999999999774e-01,5.874399999999999622e-01,5.737999999999999767e-01,5.599600000000000133e-01,5.889600000000000390e-01,6.070400000000000240e-01,6.153100000000000236e-01,6.136000000000000343e-01,6.154300000000000326e-01,5.938400000000000345e-01,6.164699999999999624e-01,6.164100000000000135e-01,6.068500000000000005e-01,6.117700000000000360e-01,5.910100000000000353e-01,6.099099999999999522e-01,5.968700000000000117e-01,6.297899999999999610e-01,6.048099999999999588e-01,5.583099999999999730e-01,5.617799999999999461e-01,6.039200000000000124e-01,6.038999999999999924e-01,6.064300000000000246e-01,5.714099999999999735e-01,6.076599999999999779e-01,5.926700000000000301e-01,5.960600000000000342e-01,5.922500000000000542e-01,5.759400000000000075e-01,5.876500000000000057e-01,6.033100000000000129e-01,5.799900000000000055e-01,5.678699999999999859e-01,5.806799999999999740e-01,5.933599999999999985e-01,5.811800000000000299e-01,5.813300000000000134e-01,5.592099999999999849e-01,5.700399999999999912e-01,5.676499999999999879e-01,5.796700000000000186e-01,6.078299999999999814e-01,5.815900000000000514e-01,5.739699999999999802e-01,5.666700000000000070e-01,5.810800000000000409e-01,5.704700000000000326e-01,5.664700000000000291e-01,5.735400000000000498e-01
5.427999999999999492e-01,5.717299999999999605e-01,5.693099999999999827e-01,5.982600000000000140e-01,5.905399999999999539e-01,5.764299999999999979e-01,5.997999999999999998e-01,5.722699999999999454e-01,5.761300000000000310e-01,5.827099999999999502e-01,5.853699999999999459e-01,5.674099999999999699e-01,5.843399999999999705e-01,5.937400000000000455e-01,5.511599999999999833e-01,5.679600000000000204e-01,5.858799999999999564e-01,5.782300000000000217e-01,5.712500000000000355e-01,5.601300000000000168e-01,5.733099999999999863e-01,5.655099999999999572e-01,5.732000000000000428e-01,5.810600000000000209e-01,5.750300000000000411e-01,5.699499999999999567e-01,5.716099999999999515e-01,5.790499999999999536e-01,5.642899999999999583e-01,5.557499999999999662e-01,5.779499999999999638e-01,5.923800000000000177e-01,6.043100000000000138e-01,6.054300000000000237e-01,6.033800000000000274e-01,5.930299999999999461e-01,6.057399999999999451e-01,6.046799999999999953e-01,5.887099999999999556e-01,6.034000000000000474e-01,5.884599999999999831e-01,6.005099999999999882e-01,5.925099999999999811e-01,6.156000000000000361e-01,6.040299999999999558e-01,5.590100000000000069e-01,5.510899999999999688e-01,5.974800000000000111e-01,5.923100000000000032e-01,6.006899999999999462e-01,5.625299999999999745e-01,5.977400000000000491e-01,5.835500000000000131e-01,5.885399999999999521e-01,5.812100000000000044e-01,5.701000000000000512e-01,5.785799999999999832e-01,5.921600000000000197e-01,5.780499999999999527e-01,5.594700000000000228e-01,5.696600000000000552e-01,5.829800000000000537e-01,5.714900000000000535e-01,5.761100000000000110e-01,5.523400000000000531e-01,5.653000000000000247e-01,5.579300000000000370e-01,5.734399999999999498e-01,6.013899999999999801e-01,5.721300000000000274e-01,5.656299999999999661e-01,5.583500000000000130e-01,5.735900000000000443e-01,5.626999999999999780e-01,5.578199999999999825e-01,5.643200000000000438e-01
0.000000000000000000e+00,5.600199999999999623e-01,5.605999999999999872e-01,5.853699999999999459e-01,5.747100000000000541e-01,5.686799999999999633e-01,5.858100000000000529e-01,5.562899999999999512e-01,5.700199999999999712e-01,5.682899999999999618e-01,5.710899999999999865e-01,5.429699999999999527e-01,5.746599999999999486e-01,5.771399999999999864e-01,5.417800000000000393e-01,5.598300000000000498e-01,5.745900000000000452e-01,5.681699999999999529e-01,5.601300000000000168e-01,5.554599999999999538e-01,5.543599999999999639e-01,5.603700000000000347e-01,5.657299999999999551e-01,5.638100000000000334e-01,5.643599999999999728e-01,5.579800000000000315e-01,5.660100000000000131e-01,5.680300000000000349e-01,5.562700000000000422e-01,5.430199999999999472e-01,5.690600000000000103e-01,5.820699999999999763e-01,5.938400000000000345e-01,5.945899999999999519e-01,5.930900000000000061e-01,5.776700000000000168e-01,5.944800000000000084e-01,5.920100000000000362e-01,5.760399999999999965e-01,5.852399999999999824e-01,5.719899999999999984e-01,5.857099999999999529e-01,5.774500000000000188e-01,6.005500000000000282e-01,5.884099999999999886e-01,0.000000000000000000e+00,5.409300000000000219e-01,5.841600000000000126e-01,5.754500000000000171e-01,5.814599999999999769e-01,5.583399999999999475e-01,5.833000000000000407e-01,5.728699999999999903e-01,5.783300000000000107e-01,5.677999999999999714e-01,5.532700000000000395e-01,5.607600000000000362e-01,5.818400000000000238e-01,5.619899999999999896e-01,5.476699999999999902e-01,5.655799999999999716e-01,5.740100000000000202e-01,5.635799999999999699e-01,5.616200000000000081e-01,5.485799999999999566e-01,5.460199999999999498e-01,5.564500000000000002e-01,5.676900000000000279e-01,5.815900000000000514e-01,5.625299999999999745e-01,5.545499999999999874e-01,5.534499999999999975e-01,5.619300000000000406e-01,5.592399999999999594e-01,5.476999999999999647e-01,5.530100000000000016e-01
5.590000000000000524e-01,5.682199999999999473e-01,5.659499999999999531e-01,6.051600000000000312e-01,5.926399999999999446e-01,5.716999999999999860e-01,6.077500000000000124e-01,5.851199999999999735e-01,5.679400000000000004e-01,5.868600000000000483e-01,5.958499999999999908e-01,5.824300000000000033e-01,5.813800000000000079e-01,5.918499999999999872e-01,5.564900000000000402e-01,5.622899999999999565e-01,5.844799999999999995e-01,5.752699999999999481e-01,5.733099999999999863e-01,5.543599999999999639e-01,5.915399999999999547e-01,5.583200000000000385e-01,5.749800000000000466e-01,5.934899999999999620e-01,5.699499999999999567e-01,5.711800000000000210e-01,5.680100000000000149e-01,5.765799999999999814e-01,5.602599999999999802e-01,5.465700000000000003e-01,5.790100000000000247e-01,6.032499999999999529e-01,6.010699999999999932e-01,6.064300000000000246e-01,6.089999999999999858e-01,5.883899999999999686e-01,6.102100000000000302e-01,6.219799999999999773e-01,6.009600000000000497e-01,5.971600000000000241e-01,5.911699999999999733e-01,6.052800000000000402e-01,5.828400000000000247e-01,6.174100000000000144e-01,5.981800000000000450e-01,5.815700000000000314e-01,5.423599999999999532e-01,5.989200000000000079e-01,5.936299999999999910e-01,6.068500000000000005e-01,5.514200000000000212e-01,6.014599999999999946e-01,5.905200000000000449e-01,5.828799999999999537e-01,5.888400000000000301e-01,5.796700000000000186e-01,5.930199999999999916e-01,5.894899999999999585e-01,5.711800000000000210e-01,5.658199999999999896e-01,5.668499999999999650e-01,5.784299999999999997e-01,5.627100000000000435e-01,5.786200000000000232e-01,5.411299999999999999e-01,5.894000000000000350e-01,5.482900000000000551e-01,5.747700000000000031e-01,6.118200000000000305e-01,5.677699999999999969e-01,5.664299999999999891e-01,5.500399999999999734e-01,5.703099999999999836e-01,5.533700000000000285e-01,5.492899999999999450e-01,5.629600000000000160e-01
