0.000000000000000000e+00,5.584200000000000275e-01,5.401500000000000190e-01,5.591699999999999449e-01,5.786799999999999722e-01,5.531000000000000361e-01,5.708800000000000541e-01,5.844200000000000506e-01,5.621800000000000130e-01,5.625000000000000000e-01,5.703599999999999781e-01,5.559800000000000297e-01,5.628999999999999559e-01,5.527100000000000346e-01,5.432099999999999707e-01,5.589800000000000324e-01,5.525900000000000256e-01,5.570300000000000251e-01,0.000000000000000000e+00,0.000000000000000000e+00,5.735299999999999843e-01,5.416299999999999448e-01,0.000000000000000000e+00,5.583599999999999675e-01,5.516699999999999937e-01,5.526999999999999691e-01,5.398399999999999865e-01,5.445400000000000240e-01,5.449100000000000055e-01,5.418899999999999828e-01,5.442700000000000315e-01,5.793199999999999461e-01,5.625299999999999745e-01,5.625700000000000145e-01,5.712399999999999700e-01,5.476400000000000157e-01,5.659199999999999786e-01,5.768799999999999484e-01,5.790499999999999536e-01,5.696200000000000152e-01,5.615999999999999881e-01,5.811300000000000354e-01,5.586499999999999799e-01,5.808999999999999719e-01,0.000000000000000000e+00,0.000000000000000000e+00,0.000000000000000000e+00,5.471500000000000252e-01,5.639699999999999713e-01,5.623700000000000365e-01,5.564500000000000002e-01,5.634599999999999609e-01,5.713799999999999990e-01,5.474799999999999667e-01,5.592700000000000449e-01,5.684099999999999708e-01,5.704599999999999671e-01,5.636100000000000554e-01,5.562700000000000422e-01,5.429599999999999982e-01,5.597499999999999698e-01,5.585599999999999454e-01,5.438800000000000301e-01,0.000000000000000000e+00,0.000000000000000000e+00,5.648999999999999577e-01,0.000000000000000000e+00,5.509199999999999653e-01,5.655900000000000372e-01,5.437600000000000211e-01,5.496400000000000174e-01,0.000000000000000000e+00,5.514200000000000212e-01,0.000000000000000000e+00,0.000000000000000000e+00,5.541899999999999604e-01
5.584200000000000275e-01,5.856999999999999984e-01,5.679300000000000459e-01,5.873599999999999932e-01,6.151100000000000456e-01,5.805700000000000305e-01,6.104600000000000026e-01,6.106300000000000061e-01,5.963000000000000522e-01,5.894500000000000295e-01,5.966399999999999482e-01,5.818499999999999783e-01,5.997400000000000508e-01,6.064399999999999791e-01,5.656799999999999606e-01,5.948400000000000354e-01,5.834500000000000242e-01,5.979499999999999815e-01,5.696200000000000152e-01,5.538399999999999990e-01,5.992600000000000149e-01,5.780199999999999783e-01,5.606299999999999617e-01,5.741800000000000237e-01,5.908799999999999608e-01,5.819400000000000128e-01,5.676299999999999679e-01,5.722599999999999909e-01,5.776000000000000023e-01,5.642700000000000493e-01,5.667499999999999760e-01,6.156199999999999450e-01,6.262100000000000444e-01,5.865599999999999703e-01,6.051299999999999457e-01,5.987299999999999844e-01,6.064599999999999991e-01,6.136599999999999833e-01,6.111499999999999710e-01,6.213499999999999579e-01,5.916599999999999637e-01,6.074199999999999600e-01,6.031999999999999584e-01,6.296500000000000430e-01,5.617799999999999461e-01,0.000000000000000000e+00,5.724299999999999944e-01,5.718100000000000405e-01,5.966500000000000137e-01,5.942499999999999449e-01,5.908200000000000118e-01,6.000400000000000178e-01,6.079799999999999649e-01,5.783800000000000052e-01,5.842800000000000216e-01,5.950699999999999878e-01,5.966000000000000192e-01,5.949100000000000499e-01,5.972399999999999931e-01,5.682300000000000129e-01,5.907099999999999573e-01,5.919400000000000217e-01,5.760999999999999455e-01,5.627199999999999980e-01,5.594900000000000428e-01,5.820999999999999508e-01,5.710399999999999920e-01,5.774700000000000388e-01,5.812199999999999589e-01,5.782599999999999962e-01,5.752300000000000191e-01,5.648300000000000542e-01,5.823599999999999888e-01,5.704000000000000181e-01,5.527100000000000346e-01,5.808999999999999719e-01
5.401500000000000190e-01,5.679300000000000459e-01,5.613500000000000156e-01,5.720499999999999474e-01,5.867599999999999483e-01,5.672099999999999920e-01,5.822899999999999743e-01,5.877099999999999547e-01,5.810300000000000464e-01,5.695599999999999552e-01,5.773099999999999898e-01,5.597199999999999953e-01,5.803800000000000070e-01,5.874599999999999822e-01,5.589699999999999669e-01,5.763800000000000034e-01,5.660699999999999621e-01,5.808999999999999719e-01,5.562500000000000222e-01,5.488600000000000145e-01,5.779400000000000093e-01,5.656600000000000517e-01,5.522399999999999531e-01,5.600100000000000078e-01,5.743000000000000327e-01,5.652399999999999647e-01,5.555900000000000283e-01,5.601199999999999513e-01,5.638100000000000334e-01,5.498399999999999954e-01,5.536799999999999500e-01,5.911199999999999788e-01,5.953000000000000513e-01,5.717200000000000060e-01,5.892899999999999805e-01,5.774299999999999988e-01,5.850499999999999590e-01,5.924399999999999666e-01,5.877000000000000002e-01,5.955700000000000438e-01,5.785799999999999832e-01,5.935599999999999765e-01,5.788799999999999502e-01,5.982399999999999940e-01,5.613200000000000411e-01,0.000000000000000000e+00,5.521500000000000297e-01,5.637499999999999734e-01,5.767799999999999594e-01,5.700899999999999856e-01,5.749900000000000011e-01,5.795900000000000496e-01,5.778400000000000203e-01,5.650300000000000322e-01,5.674700000000000299e-01,5.719499999999999584e-01,5.712599999999999900e-01,5.792800000000000171e-01,5.728799999999999448e-01,5.564500000000000002e-01,5.769300000000000539e-01,5.758199999999999985e-01,5.614700000000000246e-01,5.492000000000000215e-01,5.526499999999999746e-01,5.611300000000000177e-01,5.592200000000000504e-01,5.652099999999999902e-01,5.678499999999999659e-01,5.588699999999999779e-01,5.616499999999999826e-01,5.524299999999999766e-01,5.659300000000000441e-01,5.547499999999999654e-01,5.451000000000000290e-01,5.660500000000000531e-01
5.591699999999999449e-01,5.873599999999999932e-01,5.720499999999999474e-01,5.894399999999999640e-01,6.287800000000000056e-01,5.822599999999999998e-01,6.184600000000000097e-01,6.070900000000000185e-01,5.970499999999999696e-01,5.982699999999999685e-01,6.078500000000000014e-01,5.958599999999999453e-01,6.065099999999999936e-01,6.084100000000000064e-01,5.595200000000000173e-01,5.990600000000000369e-01,5.946000000000000174e-01,6.025399999999999645e-01,5.718199999999999950e-01,5.547100000000000364e-01,6.103399999999999936e-01,5.738499999999999712e-01,5.641399999999999748e-01,5.844300000000000050e-01,5.923800000000000177e-01,5.842300000000000271e-01,5.700899999999999856e-01,5.774700000000000388e-01,5.796499999999999986e-01,5.653399999999999537e-01,5.718400000000000150e-01,6.242699999999999916e-01,6.244100000000000206e-01,5.930199999999999916e-01,6.144699999999999607e-01,6.013600000000000056e-01,6.095300000000000162e-01,6.103399999999999936e-01,6.161600000000000410e-01,6.256800000000000139e-01,5.968499999999999917e-01,6.081299999999999484e-01,6.043699999999999628e-01,6.341099999999999515e-01,5.683399999999999563e-01,0.000000000000000000e+00,5.774500000000000188e-01,5.750300000000000411e-01,5.970400000000000151e-01,6.085800000000000098e-01,5.914300000000000113e-01,6.084399999999999809e-01,6.126099999999999879e-01,5.820100000000000273e-01,5.894800000000000040e-01,6.065099999999999936e-01,6.087599999999999678e-01,6.056599999999999762e-01,6.002699999999999703e-01,5.673799999999999955e-01,5.925899999999999501e-01,5.927000000000000046e-01,5.782800000000000162e-01,5.717799999999999550e-01,5.550899999999999723e-01,5.889499999999999735e-01,5.700399999999999912e-01,5.839400000000000146e-01,5.909299999999999553e-01,5.802500000000000435e-01,5.782500000000000417e-01,5.640399999999999858e-01,5.877000000000000002e-01,5.671199999999999575e-01,5.584799999999999764e-01,5.884599999999999831e-01
5.786799999999999722e-01,6.151100000000000456e-01,5.867599999999999483e-01,6.287800000000000056e-01,6.578199999999999603e-01,6.061100000000000376e-01,6.479599999999999804e-01,6.352100000000000524e-01,6.247599999999999820e-01,6.254300000000000415e-01,6.345899999999999874e-01,6.196099999999999941e-01,6.345100000000000184e-01,6.431000000000000050e-01,5.831300000000000372e-01,6.230099999999999527e-01,6.158799999999999830e-01,6.270400000000000418e-01,5.906500000000000083e-01,5.721899999999999764e-01,6.356699999999999573e-01,5.969200000000000061e-01,5.840600000000000236e-01,6.024100000000000010e-01,6.177899999999999503e-01,6.062800000000000411e-01,5.911899999999999933e-01,6.005399999999999627e-01,6.017900000000000471e-01,5.942300000000000360e-01,5.924899999999999611e-01,6.562299999999999800e-01,6.632099999999999662e-01,6.235800000000000232e-01,6.472700000000000120e-01,6.342999999999999750e-01,6.465600000000000236e-01,6.487000000000000544e-01,6.493900000000000228e-01,6.590300000000000047e-01,6.256099999999999994e-01,6.433900000000000174e-01,6.398800000000000043e-01,6.752200000000000424e-01,5.874899999999999567e-01,5.523400000000000531e-01,5.987799999999999789e-01,5.975000000000000311e-01,6.290000000000000036e-01,6.361499999999999932e-01,6.171200000000000019e-01,6.336899999999999755e-01,6.416600000000000081e-01,6.059799999999999631e-01,6.144399999999999862e-01,6.317000000000000393e-01,6.373600000000000376e-01,6.298200000000000465e-01,6.302900000000000169e-01,5.905700000000000394e-01,6.169599999999999529e-01,6.186700000000000532e-01,6.013899999999999801e-01,5.916099999999999692e-01,5.786200000000000232e-01,6.152699999999999836e-01,5.917599999999999527e-01,6.054599999999999982e-01,6.131699999999999928e-01,6.015300000000000091e-01,6.011600000000000277e-01,5.858600000000000474e-01,6.120100000000000540e-01,5.933199999999999585e-01,5.771300000000000319e-01,6.113600000000000145e-01
5.531000000000000361e-01,5.805700000000000305e-01,5.672099999999999920e-01,5.822599999999999998e-01,6.061100000000000376e-01,5.730699999999999683e-01,6.005700000000000482e-01,6.021100000000000341e-01,5.879900000000000126e-01,5.792599999999999971e-01,5.888700000000000045e-01,5.732899999999999663e-01,5.928499999999999881e-01,6.022999999999999465e-01,5.634799999999999809e-01,5.842100000000000071e-01,5.758900000000000130e-01,5.905599999999999739e-01,5.633500000000000174e-01,5.487800000000000455e-01,5.921300000000000452e-01,5.704099999999999726e-01,5.581099999999999950e-01,5.712199999999999500e-01,5.845200000000000395e-01,5.760499999999999510e-01,5.608499999999999597e-01,5.691100000000000048e-01,5.702199999999999491e-01,5.574500000000000011e-01,5.635499999999999954e-01,6.030200000000000005e-01,6.137399999999999523e-01,5.846799999999999775e-01,6.033100000000000129e-01,5.961199999999999832e-01,5.994399999999999729e-01,6.060100000000000486e-01,5.961800000000000432e-01,6.181900000000000173e-01,5.907999999999999918e-01,6.010400000000000187e-01,5.974199999999999511e-01,6.172299999999999454e-01,5.629199999999999759e-01,5.430500000000000327e-01,5.665200000000000236e-01,5.692700000000000538e-01,5.912100000000000133e-01,5.875799999999999912e-01,5.840499999999999581e-01,5.933300000000000241e-01,5.948299999999999699e-01,5.735000000000000098e-01,5.762699999999999489e-01,5.868600000000000483e-01,5.877499999999999947e-01,5.873699999999999477e-01,5.917000000000000037e-01,5.672599999999999865e-01,5.817799999999999638e-01,5.840199999999999836e-01,5.679400000000000004e-01,5.606100000000000527e-01,5.567699999999999871e-01,5.752899999999999681e-01,5.651899999999999702e-01,5.719899999999999984e-01,5.823399999999999688e-01,5.690100000000000158e-01,5.722099999999999964e-01,5.587600000000000344e-01,5.772599999999999953e-01,5.646499999999999853e-01,5.500899999999999679e-01,5.775000000000000133e-01
5.708800000000000541e-01,6.104600000000000026e-01,5.822899999999999743e-01,6.184600000000000097e-01,6.479599999999999804e-01,6.005700000000000482e-01,6.382700000000000040e-01,6.336500000000000465e-01,6.170499999999999874e-01,6.150900000000000256e-01,6.272499999999999742e-01,6.099200000000000177e-01,6.251499999999999835e-01,6.333999999999999631e-01,5.812899999999999734e-01,6.176399999999999668e-01,6.074800000000000200e-01,6.200900000000000301e-01,5.860800000000000454e-01,5.683099999999999818e-01,6.286899999999999711e-01,5.930400000000000116e-01,5.786799999999999722e-01,5.965099999999999847e-01,6.127399999999999514e-01,6.012399999999999967e-01,5.849699999999999900e-01,5.944000000000000394e-01,5.945899999999999519e-01,5.873300000000000187e-01,5.883300000000000196e-01,6.453999999999999737e-01,6.536499999999999533e-01,6.162199999999999900e-01,6.368399999999999617e-01,6.227399999999999602e-01,6.351999999999999869e-01,6.430599999999999650e-01,6.408399999999999652e-01,6.512099999999999556e-01,6.191699999999999982e-01,6.344899999999999984e-01,6.304199999999999804e-01,6.608300000000000285e-01,5.813399999999999679e-01,5.499100000000000099e-01,5.897999999999999909e-01,5.928799999999999626e-01,6.222699999999999898e-01,6.246500000000000385e-01,6.106399999999999606e-01,6.257200000000000539e-01,6.322999999999999732e-01,5.994300000000000184e-01,6.077200000000000379e-01,6.223600000000000243e-01,6.272499999999999742e-01,6.229799999999999782e-01,6.217599999999999794e-01,5.849499999999999700e-01,6.110499999999999821e-01,6.142699999999999827e-01,5.952300000000000368e-01,5.859299999999999509e-01,5.726599999999999469e-01,6.066500000000000226e-01,5.857499999999999929e-01,5.984099999999999975e-01,6.072100000000000275e-01,5.959299999999999597e-01,5.951999999999999513e-01,5.806700000000000195e-01,6.051800000000000512e-01,5.871399999999999952e-01,5.693599999999999772e-01,6.040999999999999703e-01
5.844200000000000506e-01,6.106300000000000061e-01,5.877099999999999547e-01,6.070900000000000185e-01,6.352100000000000524e-01,6.021100000000000341e-01,6.336500000000000465e-01,6.412999999999999812e-01,6.160600000000000520e-01,6.080699999999999994e-01,6.185500000000000442e-01,6.015700000000000491e-01,6.194399999999999906e-01,6.287700000000000511e-01,5.856299999999999839e-01,6.162400000000000100e-01,6.045700000000000518e-01,6.188200000000000367e-01,5.907099999999999573e-01,5.695200000000000262e-01,6.266500000000000403e-01,5.955599999999999783e-01,5.814000000000000279e-01,6.010100000000000442e-01,6.163199999999999790e-01,6.063100000000000156e-01,5.862199999999999633e-01,5.933899999999999730e-01,5.939200000000000035e-01,5.908299999999999663e-01,5.889100000000000446e-01,6.384600000000000275e-01,6.524799999999999489e-01,6.141100000000000447e-01,6.253999999999999559e-01,6.235000000000000542e-01,6.375800000000000356e-01,6.375600000000000156e-01,6.360200000000000298e-01,6.515400000000000080e-01,6.178900000000000503e-01,6.365899999999999892e-01,6.231299999999999617e-01,6.561799999999999855e-01,5.875099999999999767e-01,5.598800000000000443e-01,5.906500000000000083e-01,5.883500000000000396e-01,6.215500000000000469e-01,6.115099999999999980e-01,6.101999999999999647e-01,6.213800000000000434e-01,6.291999999999999815e-01,5.964699999999999447e-01,6.024699999999999500e-01,6.153999999999999471e-01,6.203100000000000280e-01,6.180200000000000138e-01,6.216099999999999959e-01,5.847299999999999720e-01,6.045899999999999608e-01,6.097200000000000397e-01,5.960100000000000398e-01,5.786599999999999522e-01,5.720100000000000184e-01,6.036500000000000199e-01,5.866200000000000303e-01,5.952699999999999658e-01,6.065599999999999881e-01,5.988799999999999679e-01,5.989700000000000024e-01,5.818299999999999583e-01,6.043300000000000338e-01,5.902500000000000524e-01,5.720300000000000384e-01,6.043300000000000338e-01
5.621800000000000130e-01,5.963000000000000522e-01,5.810300000000000464e-01,5.970499999999999696e-01,6.247599999999999820e-01,5.879999999999999671e-01,6.170499999999999874e-01,6.160600000000000520e-01,6.050799999999999512e-01,5.975300000000000056e-01,6.034000000000000474e-01,5.901699999999999724e-01,6.103300000000000392e-01,6.195899999999999741e-01,5.727600000000000469e-01,6.011499999999999622e-01,5.935000000000000275e-01,6.095000000000000417e-01,5.770100000000000229e-01,5.629600000000000160e-01,6.045000000000000373e-01,5.856099999999999639e-01,5.709400000000000031e-01,5.829600000000000337e-01,6.005599999999999827e-01,5.898700000000000054e-01,5.763500000000000290e-01,5.812899999999999734e-01,5.870499999999999607e-01,5.709199999999999831e-01,5.748299999999999521e-01,6.240900000000000336e-01,6.350299999999999834e-01,5.971699999999999786e-01,6.182299999999999462e-01,6.085599999999999898e-01,6.141799999999999482e-01,6.269799999999999818e-01,6.206199999999999495e-01,6.340599999999999570e-01,6.046500000000000208e-01,6.161799999999999500e-01,6.158500000000000085e-01,6.390700000000000269e-01,5.762699999999999489e-01,5.423700000000000188e-01,5.797700000000000076e-01,5.827299999999999702e-01,6.059799999999999631e-01,6.041999999999999593e-01,5.995800000000000018e-01,6.096599999999999797e-01,6.141699999999999937e-01,5.886700000000000266e-01,5.912800000000000278e-01,6.008799999999999697e-01,6.040200000000000014e-01,6.067599999999999660e-01,6.079999999999999849e-01,5.719600000000000239e-01,5.959499999999999797e-01,5.981800000000000450e-01,5.831499999999999462e-01,5.698600000000000332e-01,5.687799999999999523e-01,5.865099999999999758e-01,5.796499999999999986e-01,5.860600000000000254e-01,5.909499999999999753e-01,5.825000000000000178e-01,5.844300000000000050e-01,5.725400000000000489e-01,5.921399999999999997e-01,5.779300000000000548e-01,5.634099999999999664e-01,5.908499999999999863e-01
5.625000000000000000e-01,5.894500000000000295e-01,5.695599999999999552e-01,5.982699999999999685e-01,6.254300000000000415e-01,5.792599999999999971e-01,6.150900000000000256e-01,6.080699999999999994e-01,5.975300000000000056e-01,5.959299999999999597e-01,6.027599999999999625e-01,5.866900000000000448e-01,6.048299999999999788e-01,6.182100000000000373e-01,5.638499999999999623e-01,5.980499999999999705e-01,5.915000000000000258e-01,6.020100000000000451e-01,5.705700000000000216e-01,5.582799999999999985e-01,6.016700000000000381e-01,5.776799999999999713e-01,5.638100000000000334e-01,5.725599999999999579e-01,5.940900000000000070e-01,5.818600000000000438e-01,5.704299999999999926e-01,5.773300000000000098e-01,5.803599999999999870e-01,5.707499999999999796e-01,5.682800000000000074e-01,6.145399999999999752e-01,6.214499999999999469e-01,5.845099999999999740e-01,6.047000000000000153e-01,6.087299999999999933e-01,6.124100000000000099e-01,6.053199999999999692e-01,6.108200000000000296e-01,6.200200000000000156e-01,5.912100000000000133e-01,6.036799999999999944e-01,6.117899999999999450e-01,6.413100000000000467e-01,5.684799999999999853e-01,5.428600000000000092e-01,5.775099999999999678e-01,5.708999999999999631e-01,6.009600000000000497e-01,6.071400000000000130e-01,5.908499999999999863e-01,6.065099999999999936e-01,6.078599999999999559e-01,5.826700000000000212e-01,5.923399999999999777e-01,5.996700000000000363e-01,5.997700000000000253e-01,6.017799999999999816e-01,6.079099999999999504e-01,5.665799999999999725e-01,5.937700000000000200e-01,5.955200000000000493e-01,5.806499999999999995e-01,5.702099999999999946e-01,5.595499999999999918e-01,5.878499999999999837e-01,5.707699999999999996e-01,5.785099999999999687e-01,5.820899999999999963e-01,5.816700000000000204e-01,5.779499999999999638e-01,5.641500000000000403e-01,5.887599999999999500e-01,5.719699999999999784e-01,5.586299999999999599e-01,5.829299999999999482e-01
5.703599999999999781e-01,5.966399999999999482e-01,5.773099999999999898e-01,6.078500000000000014e-01,6.345899999999999874e-01,5.888700000000000045e-01,6.272499999999999742e-01,6.185500000000000442e-01,6.034000000000000474e-01,6.027599999999999625e-01,6.114500000000000490e-01,5.980199999999999960e-01,6.132300000000000528e-01,6.204800000000000315e-01,5.729199999999999848e-01,6.032199999999999784e-01,5.975099999999999856e-01,6.093499999999999472e-01,5.777299999999999658e-01,5.583500000000000130e-01,6.185699999999999532e-01,5.810400000000000009e-01,5.710699999999999665e-01,5.878299999999999637e-01,6.009600000000000497e-01,5.914800000000000058e-01,5.752800000000000136e-01,5.850800000000000445e-01,5.844099999999999850e-01,5.741500000000000492e-01,5.786999999999999922e-01,6.307000000000000384e-01,6.421499999999999986e-01,6.065300000000000136e-01,6.236899999999999666e-01,6.146599999999999842e-01,6.261200000000000099e-01,6.220599999999999463e-01,6.241200000000000081e-01,6.398899999999999588e-01,6.103699999999999681e-01,6.230099999999999527e-01,6.194800000000000306e-01,6.476800000000000335e-01,5.727900000000000214e-01,5.482799999999999896e-01,5.810100000000000264e-01,5.821899999999999853e-01,6.129499999999999948e-01,6.127599999999999714e-01,5.984699999999999465e-01,6.144300000000000317e-01,6.159999999999999920e-01,5.868400000000000283e-01,5.951600000000000223e-01,6.102800000000000447e-01,6.186300000000000132e-01,6.089400000000000368e-01,6.119499999999999940e-01,5.793500000000000316e-01,5.986399999999999499e-01,6.016899999999999471e-01,5.846400000000000485e-01,5.745599999999999596e-01,5.661000000000000476e-01,5.978400000000000380e-01,5.773500000000000298e-01,5.889199999999999990e-01,5.985200000000000520e-01,5.858400000000000274e-01,5.873899999999999677e-01,5.711000000000000520e-01,5.952699999999999658e-01,5.773200000000000554e-01,5.620800000000000241e-01,5.966099999999999737e-01
5.559800000000000297e-01,5.818499999999999783e-01,5.597199999999999953e-01,5.958599999999999453e-01,6.196099999999999941e-01,5.732899999999999663e-01,6.099200000000000177e-01,6.015700000000000491e-01,5.901699999999999724e-01,5.866999999999999993e-01,5.980199999999999960e-01,5.870100000000000318e-01,5.975800000000000001e-01,6.086799999999999988e-01,5.568800000000000416e-01,5.871600000000000152e-01,5.771100000000000119e-01,5.908499999999999863e-01,5.630399999999999849e-01,5.429800000000000182e-01,6.010100000000000442e-01,5.657400000000000206e-01,5.565400000000000347e-01,5.766000000000000014e-01,5.858700000000000019e-01,5.763000000000000345e-01,5.593299999999999939e-01,5.682500000000000329e-01,5.674200000000000355e-01,5.622899999999999565e-01,5.661000000000000476e-01,6.150099999999999456e-01,6.290799999999999725e-01,5.958599999999999453e-01,6.159499999999999975e-01,6.002899999999999903e-01,6.098200000000000287e-01,6.139000000000000012e-01,6.089099999999999513e-01,6.241200000000000081e-01,5.948299999999999699e-01,6.095800000000000107e-01,6.005300000000000082e-01,6.319599999999999662e-01,5.562300000000000022e-01,0.000000000000000000e+00,5.672700000000000520e-01,5.672700000000000520e-01,5.976099999999999746e-01,6.005399999999999627e-01,5.833000000000000407e-01,5.978299999999999725e-01,6.035700000000000509e-01,5.732899999999999663e-01,5.805900000000000505e-01,5.939299999999999580e-01,6.029900000000000260e-01,5.934399999999999675e-01,5.949999999999999734e-01,5.611300000000000177e-01,5.828699999999999992e-01,5.866900000000000448e-01,5.732000000000000428e-01,5.575700000000000101e-01,5.481700000000000461e-01,5.806400000000000450e-01,5.623399999999999510e-01,5.734200000000000408e-01,5.812500000000000444e-01,5.704700000000000326e-01,5.705999999999999961e-01,5.552599999999999758e-01,5.786700000000000177e-01,5.601599999999999913e-01,5.473500000000000032e-01,5.804899999999999505e-01
5.628999999999999559e-01,5.997400000000000508e-01,5.803800000000000070e-01,6.065099999999999936e-01,6.345100000000000184e-01,5.928499999999999881e-01,6.251499999999999835e-01,6.194399999999999906e-01,6.103300000000000392e-01,6.048299999999999788e-01,6.132300000000000528e-01,5.975800000000000001e-01,6.164199999999999680e-01,6.245100000000000096e-01,5.739100000000000312e-01,6.065599999999999881e-01,5.998700000000000143e-01,6.130400000000000293e-01,5.794399999999999551e-01,5.644200000000000328e-01,6.138599999999999612e-01,5.873099999999999987e-01,5.721600000000000019e-01,5.872600000000000042e-01,6.040600000000000414e-01,5.935700000000000420e-01,5.791199999999999681e-01,5.864899999999999558e-01,5.902699999999999614e-01,5.768900000000000139e-01,5.781199999999999672e-01,6.330500000000000016e-01,6.407000000000000473e-01,6.007200000000000317e-01,6.239200000000000301e-01,6.147200000000000442e-01,6.225899999999999768e-01,6.294999999999999485e-01,6.292200000000000015e-01,6.363499999999999712e-01,6.070900000000000185e-01,6.218599999999999683e-01,6.212299999999999489e-01,6.473499999999999810e-01,5.779900000000000038e-01,5.426999999999999602e-01,5.826400000000000468e-01,5.871499999999999497e-01,6.108599999999999586e-01,6.133999999999999453e-01,6.042399999999999993e-01,6.164800000000000280e-01,6.225199999999999623e-01,5.933100000000000041e-01,5.970199999999999951e-01,6.096399999999999597e-01,6.122400000000000064e-01,6.136200000000000543e-01,6.125000000000000444e-01,5.771500000000000519e-01,6.031900000000000039e-01,6.040699999999999958e-01,5.877499999999999947e-01,5.781300000000000328e-01,5.685900000000000398e-01,5.930600000000000316e-01,5.806700000000000195e-01,5.907400000000000428e-01,5.983800000000000230e-01,5.877700000000000147e-01,5.878400000000000292e-01,5.749900000000000011e-01,5.961400000000000032e-01,5.806000000000000050e-01,5.652899999999999592e-01,5.955099999999999838e-01
5.527100000000000346e-01,6.064399999999999791e-01,5.874599999999999822e-01,6.084100000000000064e-01,6.431000000000000050e-01,6.022999999999999465e-01,6.333999999999999631e-01,6.287700000000000511e-01,6.195899999999999741e-01,6.182100000000000373e-01,6.204800000000000315e-01,6.086799999999999988e-01,6.245100000000000096e-01,6.203899999999999970e-01,5.745500000000000052e-01,6.164800000000000280e-01,6.137399999999999523e-01,6.161699999999999955e-01,5.862500000000000488e-01,5.694599999999999662e-01,6.144399999999999862e-01,5.903800000000000159e-01,5.781399999999999872e-01,5.932399999999999896e-01,6.076799999999999979e-01,5.922300000000000342e-01,5.866299999999999848e-01,5.955300000000000038e-01,5.982300000000000395e-01,5.838299999999999601e-01,5.820899999999999963e-01,6.390299999999999869e-01,6.521900000000000475e-01,6.062199999999999811e-01,6.377300000000000191e-01,6.185699999999999532e-01,6.240200000000000191e-01,6.434100000000000374e-01,6.339700000000000335e-01,6.311900000000000288e-01,6.122400000000000064e-01,6.283499999999999641e-01,6.413100000000000467e-01,6.556899999999999951e-01,5.882500000000000506e-01,5.417699999999999738e-01,5.927400000000000446e-01,5.894800000000000040e-01,6.124899999999999789e-01,6.217099999999999849e-01,6.113199999999999745e-01,6.247800000000000020e-01,6.321200000000000152e-01,6.002100000000000213e-01,6.050400000000000222e-01,6.203600000000000225e-01,6.182999999999999607e-01,6.207399999999999585e-01,6.227200000000000513e-01,5.855200000000000404e-01,6.175500000000000433e-01,6.155699999999999505e-01,5.973899999999999766e-01,5.891699999999999715e-01,5.697100000000000497e-01,5.991499999999999604e-01,5.848299999999999610e-01,5.961800000000000432e-01,6.007900000000000462e-01,5.956700000000000328e-01,5.919999999999999707e-01,5.799699999999999855e-01,5.994899999999999674e-01,5.862300000000000288e-01,5.715900000000000425e-01,5.999499999999999833e-01
5.432099999999999707e-01,5.656799999999999606e-01,5.589699999999999669e-01,5.595200000000000173e-01,5.831300000000000372e-01,5.634799999999999809e-01,5.812899999999999734e-01,5.856299999999999839e-01,5.727600000000000469e-01,5.638499999999999623e-01,5.729199999999999848e-01,5.568699999999999761e-01,5.739100000000000312e-01,5.745500000000000052e-01,5.561599999999999877e-01,5.701399999999999801e-01,5.595099999999999518e-01,5.786499999999999977e-01,5.563299999999999912e-01,5.407999999999999474e-01,5.796000000000000041e-01,5.585499999999999909e-01,5.476400000000000157e-01,5.613399999999999501e-01,5.698299999999999477e-01,5.623599999999999710e-01,5.496600000000000374e-01,5.538899999999999935e-01,5.569300000000000361e-01,5.401799999999999935e-01,5.496100000000000430e-01,5.802599999999999980e-01,5.951800000000000423e-01,5.686600000000000543e-01,5.785400000000000542e-01,5.722699999999999454e-01,5.805900000000000505e-01,5.875000000000000222e-01,5.776099999999999568e-01,5.990199999999999969e-01,5.745700000000000252e-01,5.873399999999999732e-01,5.768600000000000394e-01,5.900400000000000089e-01,5.574400000000000466e-01,0.000000000000000000e+00,5.478800000000000336e-01,5.584599999999999564e-01,5.784099999999999797e-01,5.655099999999999572e-01,5.714399999999999480e-01,5.758600000000000385e-01,5.734099999999999753e-01,5.576200000000000045e-01,5.602200000000000513e-01,5.684900000000000508e-01,5.775500000000000078e-01,5.728299999999999503e-01,5.732399999999999718e-01,5.588400000000000034e-01,5.697600000000000442e-01,5.680500000000000549e-01,5.534599999999999520e-01,5.433400000000000452e-01,5.479699999999999571e-01,5.660100000000000131e-01,5.514599999999999502e-01,5.591099999999999959e-01,5.742399999999999727e-01,5.537900000000000045e-01,5.585499999999999909e-01,5.472599999999999687e-01,5.619800000000000351e-01,5.539800000000000280e-01,0.000000000000000000e+00,5.619800000000000351e-01
5.589800000000000324e-01,5.948299999999999699e-01,5.763800000000000034e-01,5.990600000000000369e-01,6.230099999999999527e-01,5.842100000000000071e-01,6.176399999999999668e-01,6.162400000000000100e-01,6.011499999999999622e-01,5.980499999999999705e-01,6.032199999999999784e-01,5.871600000000000152e-01,6.065599999999999881e-01,6.164800000000000280e-01,5.701399999999999801e-01,6.000999999999999668e-01,5.978299999999999725e-01,6.060100000000000486e-01,5.755400000000000515e-01,5.597499999999999698e-01,6.015700000000000491e-01,5.819499999999999673e-01,5.671899999999999720e-01,5.756999999999999895e-01,5.998999999999999888e-01,5.844300000000000050e-01,5.737799999999999567e-01,5.808100000000000485e-01,5.829600000000000337e-01,5.696200000000000152e-01,5.704799999999999871e-01,6.226599999999999913e-01,6.377800000000000136e-01,5.931999999999999496e-01,6.134300000000000308e-01,6.122999999999999554e-01,6.172900000000000054e-01,6.238899999999999446e-01,6.171200000000000019e-01,6.270099999999999563e-01,6.007400000000000517e-01,6.103399999999999936e-01,6.209999999999999964e-01,6.455100000000000282e-01,5.778299999999999548e-01,0.000000000000000000e+00,5.745200000000000307e-01,5.757799999999999585e-01,6.059400000000000341e-01,6.013600000000000056e-01,5.950499999999999678e-01,6.081100000000000394e-01,6.141199999999999992e-01,5.829199999999999937e-01,5.931999999999999496e-01,5.999600000000000488e-01,6.041900000000000048e-01,6.034199999999999564e-01,6.087900000000000533e-01,5.731800000000000228e-01,5.977200000000000291e-01,5.985599999999999810e-01,5.829800000000000537e-01,5.722699999999999454e-01,5.647799999999999487e-01,5.885599999999999721e-01,5.762000000000000455e-01,5.819499999999999673e-01,5.860199999999999854e-01,5.823099999999999943e-01,5.807200000000000140e-01,5.678600000000000314e-01,5.902600000000000069e-01,5.766999999999999904e-01,5.552799999999999958e-01,5.869199999999999973e-01
5.525900000000000256e-01,5.834500000000000242e-01,5.660699999999999621e-01,5.946000000000000174e-01,6.158799999999999830e-01,5.758900000000000130e-01,6.074800000000000200e-01,6.045700000000000518e-01,5.935000000000000275e-01,5.915099999999999802e-01,5.975099999999999856e-01,5.771100000000000119e-01,5.998799999999999688e-01,6.137399999999999523e-01,5.595099999999999518e-01,5.978299999999999725e-01,5.764200000000000434e-01,5.937200000000000255e-01,5.662800000000000056e-01,5.561700000000000532e-01,5.937500000000000000e-01,5.753500000000000281e-01,5.597600000000000353e-01,5.631300000000000194e-01,5.892899999999999805e-01,5.762100000000000000e-01,5.664900000000000491e-01,5.722300000000000164e-01,5.761699999999999600e-01,5.644599999999999618e-01,5.602700000000000458e-01,6.092999999999999527e-01,6.095199999999999507e-01,5.745900000000000452e-01,5.998200000000000198e-01,6.078900000000000414e-01,6.107900000000000551e-01,6.020100000000000451e-01,6.049099999999999477e-01,6.142100000000000337e-01,5.849100000000000410e-01,6.025000000000000355e-01,6.077000000000000179e-01,6.359900000000000553e-01,5.666499999999999870e-01,0.000000000000000000e+00,5.679400000000000004e-01,5.675200000000000244e-01,5.945099999999999829e-01,5.963699999999999557e-01,5.856599999999999584e-01,5.988400000000000389e-01,6.009999999999999787e-01,5.781100000000000128e-01,5.875200000000000422e-01,5.917400000000000437e-01,5.894599999999999840e-01,5.970699999999999896e-01,5.983899999999999775e-01,5.582300000000000040e-01,5.900699999999999834e-01,5.901800000000000379e-01,5.757400000000000295e-01,5.659300000000000441e-01,5.554700000000000193e-01,5.792399999999999771e-01,5.653599999999999737e-01,5.726499999999999924e-01,5.786599999999999522e-01,5.754399999999999515e-01,5.717400000000000260e-01,5.585400000000000365e-01,5.836000000000000076e-01,5.682500000000000329e-01,5.552899999999999503e-01,5.751600000000000046e-01
5.570300000000000251e-01,5.979499999999999815e-01,5.808999999999999719e-01,6.025399999999999645e-01,6.270400000000000418e-01,5.905599999999999739e-01,6.200900000000000301e-01,6.188200000000000367e-01,6.095000000000000417e-01,6.020100000000000451e-01,6.093499999999999472e-01,5.908400000000000318e-01,6.130400000000000293e-01,6.161699999999999955e-01,5.786499999999999977e-01,6.060100000000000486e-01,5.937200000000000255e-01,6.079099999999999504e-01,5.773099999999999898e-01,5.639999999999999458e-01,6.105500000000000371e-01,5.874099999999999877e-01,5.696200000000000152e-01,5.832199999999999607e-01,6.030299999999999550e-01,5.907000000000000028e-01,5.763500000000000290e-01,5.842000000000000526e-01,5.882800000000000251e-01,5.730300000000000393e-01,5.720499999999999474e-01,6.275100000000000122e-01,6.354400000000000048e-01,5.962100000000000177e-01,6.164100000000000135e-01,6.084500000000000464e-01,6.199299999999999811e-01,6.289299999999999891e-01,6.218099999999999739e-01,6.327700000000000546e-01,6.056300000000000017e-01,6.232799999999999452e-01,6.123199999999999754e-01,6.456800000000000317e-01,5.806400000000000450e-01,0.000000000000000000e+00,5.798999999999999710e-01,5.822500000000000453e-01,6.083899999999999864e-01,6.022399999999999975e-01,6.015000000000000346e-01,6.098500000000000032e-01,6.143800000000000372e-01,5.867099999999999538e-01,5.956099999999999728e-01,6.018599999999999506e-01,6.088900000000000423e-01,6.077299999999999924e-01,6.038200000000000234e-01,5.779800000000000493e-01,6.022699999999999720e-01,6.022300000000000431e-01,5.839699999999999891e-01,5.695200000000000262e-01,5.684700000000000308e-01,5.927599999999999536e-01,5.803000000000000380e-01,5.870199999999999863e-01,5.948099999999999499e-01,5.845700000000000340e-01,5.858200000000000074e-01,5.715500000000000025e-01,5.928799999999999626e-01,5.799900000000000055e-01,5.585700000000000109e-01,5.909499999999999753e-01
0.000000000000000000e+00,5.696200000000000152e-01,5.562500000000000222e-01,5.718199999999999950e-01,5.906500000000000083e-01,5.633500000000000174e-01,5.860800000000000454e-01,5.907099999999999573e-01,5.770100000000000229e-01,5.705700000000000216e-01,5.777299999999999658e-01,5.630399999999999849e-01,5.794399999999999551e-01,5.862500000000000488e-01,5.563299999999999912e-01,5.755400000000000515e-01,5.662800000000000056e-01,5.773099999999999898e-01,5.563000000000000167e-01,5.445100000000000495e-01,5.804799999999999960e-01,5.601699999999999458e-01,5.528100000000000236e-01,5.627600000000000380e-01,5.723300000000000054e-01,5.638800000000000479e-01,5.543400000000000549e-01,5.589600000000000124e-01,5.600800000000000223e-01,5.544200000000000239e-01,5.533000000000000140e-01,5.884599999999999831e-01,6.003800000000000248e-01,5.706299999999999706e-01,5.889299999999999535e-01,5.796499999999999986e-01,5.864700000000000468e-01,5.956799999999999873e-01,5.820499999999999563e-01,5.980199999999999960e-01,5.759800000000000475e-01,5.890499999999999625e-01,5.866200000000000303e-01,6.055000000000000382e-01,5.564200000000000257e-01,0.000000000000000000e+00,5.542899999999999494e-01,5.568999999999999506e-01,5.824000000000000288e-01,5.773000000000000353e-01,5.724000000000000199e-01,5.805299999999999905e-01,5.779400000000000093e-01,5.642899999999999583e-01,5.681599999999999984e-01,5.743899999999999562e-01,5.752000000000000446e-01,5.775599999999999623e-01,5.801899999999999835e-01,5.526200000000000001e-01,5.691899999999999737e-01,5.703300000000000036e-01,5.610300000000000287e-01,5.491399999999999615e-01,5.474400000000000377e-01,5.614200000000000301e-01,5.555099999999999483e-01,5.609199999999999742e-01,5.672500000000000320e-01,5.573399999999999466e-01,5.598999999999999533e-01,5.501899999999999569e-01,5.655200000000000227e-01,5.548999999999999488e-01,5.457800000000000429e-01,5.655599999999999516e-01
0.000000000000000000e+00,5.538399999999999990e-01,5.488600000000000145e-01,5.547100000000000364e-01,5.721899999999999764e-01,5.487800000000000455e-01,5.683099999999999818e-01,5.695200000000000262e-01,5.629600000000000160e-01,5.582799999999999985e-01,5.583399999999999475e-01,5.429800000000000182e-01,5.644200000000000328e-01,5.694599999999999662e-01,5.407999999999999474e-01,5.597499999999999698e-01,5.561700000000000532e-01,5.639999999999999458e-01,5.445100000000000495e-01,0.000000000000000000e+00,5.580899999999999750e-01,5.471099999999999852e-01,0.000000000000000000e+00,5.428600000000000092e-01,5.573700000000000321e-01,5.492200000000000415e-01,5.409500000000000419e-01,5.453099999999999614e-01,5.474299999999999722e-01,0.000000000000000000e+00,0.000000000000000000e+00,5.667600000000000415e-01,5.752599999999999936e-01,5.502099999999999769e-01,5.685000000000000053e-01,5.605599999999999472e-01,5.639300000000000423e-01,5.684099999999999708e-01,5.637299999999999534e-01,5.749199999999999866e-01,5.559699999999999642e-01,5.663500000000000201e-01,5.727600000000000469e-01,5.839900000000000091e-01,5.397600000000000176e-01,0.000000000000000000e+00,5.419199999999999573e-01,5.455999999999999739e-01,5.637600000000000389e-01,5.611699999999999466e-01,5.573200000000000376e-01,5.633200000000000429e-01,5.675200000000000244e-01,5.501700000000000479e-01,5.522000000000000242e-01,5.587100000000000399e-01,5.526699999999999946e-01,5.609499999999999487e-01,5.681500000000000439e-01,0.000000000000000000e+00,5.581500000000000350e-01,5.548199999999999799e-01,5.457899999999999974e-01,0.000000000000000000e+00,0.000000000000000000e+00,5.467400000000000038e-01,5.438699999999999646e-01,5.471500000000000252e-01,5.492500000000000160e-01,5.439699999999999536e-01,5.451099999999999834e-01,0.000000000000000000e+00,5.515700000000000047e-01,5.428199999999999692e-01,0.000000000000000000e+00,5.480000000000000426e-01
5.735299999999999843e-01,5.992600000000000149e-01,5.779400000000000093e-01,6.103399999999999936e-01,6.356699999999999573e-01,5.921300000000000452e-01,6.287000000000000366e-01,6.266500000000000403e-01,6.045000000000000373e-01,6.016700000000000381e-01,6.185699999999999532e-01,6.010100000000000442e-01,6.138599999999999612e-01,6.144399999999999862e-01,5.796000000000000041e-01,6.015700000000000491e-01,5.937500000000000000e-01,6.105500000000000371e-01,5.804799999999999960e-01,5.580899999999999750e-01,6.246300000000000185e-01,5.812100000000000044e-01,5.729300000000000503e-01,5.980199999999999960e-01,6.018700000000000161e-01,5.956200000000000383e-01,5.744200000000000417e-01,5.875700000000000367e-01,5.824000000000000288e-01,5.769699999999999829e-01,5.812000000000000499e-01,6.327700000000000546e-01,6.412999999999999812e-01,6.125199999999999534e-01,6.232699999999999907e-01,6.078000000000000069e-01,6.292799999999999505e-01,6.301600000000000534e-01,6.261400000000000299e-01,6.416300000000000336e-01,6.166199999999999459e-01,6.325399999999999912e-01,6.091299999999999493e-01,6.436600000000000099e-01,5.721600000000000019e-01,5.595700000000000118e-01,5.782100000000000017e-01,5.877700000000000147e-01,6.162100000000000355e-01,6.125399999999999734e-01,5.994300000000000184e-01,6.123699999999999699e-01,6.159799999999999720e-01,5.866000000000000103e-01,5.976299999999999946e-01,6.135500000000000398e-01,6.274999999999999467e-01,6.125599999999999934e-01,6.058000000000000052e-01,5.838400000000000256e-01,6.006200000000000427e-01,6.038599999999999524e-01,5.855000000000000204e-01,5.757900000000000240e-01,5.627400000000000180e-01,6.037500000000000089e-01,5.744099999999999762e-01,5.913699999999999513e-01,6.101799999999999446e-01,5.853399999999999714e-01,5.900999999999999579e-01,5.717700000000000005e-01,5.956399999999999473e-01,5.778499999999999748e-01,5.614799999999999791e-01,6.005099999999999882e-01
