6.345699999999999674e-01,5.876200000000000312e-01,6.070299999999999585e-01,6.424999999999999600e-01,6.152900000000000036e-01,5.989400000000000279e-01,6.145899999999999697e-01,6.527199999999999669e-01,6.019099999999999451e-01,6.112499999999999600e-01,6.008000000000000007e-01,5.967599999999999572e-01,6.148299999999999876e-01,6.037500000000000089e-01,6.128700000000000259e-01,5.771500000000000519e-01,5.991199999999999859e-01,5.997999999999999998e-01,5.913100000000000023e-01,5.831800000000000317e-01,6.474699999999999900e-01,5.894200000000000550e-01,5.994899999999999674e-01,5.966700000000000337e-01,5.931800000000000406e-01,5.935200000000000475e-01,5.875399999999999512e-01,5.943699999999999539e-01,5.904099999999999904e-01,5.801699999999999635e-01,5.898099999999999454e-01,6.407699999999999507e-01,6.368000000000000327e-01,5.985099999999999865e-01,6.253400000000000070e-01,6.287899999999999601e-01,6.553200000000000136e-01,6.030400000000000205e-01,6.405199999999999783e-01,6.373999999999999666e-01,6.149999999999999911e-01,6.573900000000000299e-01,5.749499999999999611e-01,5.967700000000000227e-01,6.286899999999999711e-01,6.098000000000000087e-01,5.910300000000000553e-01,5.959699999999999998e-01,6.256399999999999739e-01,6.211100000000000509e-01,5.893100000000000005e-01,6.118500000000000050e-01,6.289299999999999891e-01,5.985899999999999554e-01,6.285100000000000131e-01,5.999200000000000088e-01,6.010199999999999987e-01,6.090499999999999803e-01,5.881100000000000216e-01,5.971199999999999841e-01,5.983100000000000085e-01,5.947799999999999754e-01,5.915599999999999747e-01,5.773500000000000298e-01,5.671899999999999720e-01,6.309900000000000508e-01,5.759100000000000330e-01,5.826299999999999812e-01,5.831600000000000117e-01,6.015800000000000036e-01,5.848799999999999555e-01,5.830899999999999972e-01,5.920499999999999652e-01,5.813500000000000334e-01,5.600100000000000078e-01,5.906700000000000284e-01
5.876200000000000312e-01,5.744500000000000162e-01,5.765099999999999669e-01,6.013399999999999856e-01,5.846900000000000430e-01,5.796200000000000241e-01,5.881499999999999506e-01,6.097099999999999742e-01,5.841399999999999926e-01,5.843399999999999705e-01,5.752099999999999991e-01,5.607799999999999452e-01,5.923800000000000177e-01,5.740600000000000147e-01,5.793800000000000061e-01,5.556999999999999718e-01,5.766400000000000414e-01,5.687100000000000488e-01,5.671500000000000430e-01,5.700600000000000112e-01,6.020699999999999941e-01,5.765400000000000524e-01,5.735900000000000443e-01,5.692000000000000393e-01,5.701699999999999546e-01,5.737799999999999567e-01,5.706700000000000106e-01,5.725400000000000489e-01,5.741300000000000292e-01,5.698199999999999932e-01,5.638600000000000279e-01,6.035500000000000309e-01,6.051999999999999602e-01,5.667100000000000470e-01,5.955399999999999583e-01,5.900300000000000544e-01,6.046200000000000463e-01,5.772300000000000209e-01,6.074800000000000200e-01,5.957299999999999818e-01,5.810400000000000009e-01,6.141100000000000447e-01,5.622599999999999820e-01,5.809900000000000064e-01,5.866000000000000103e-01,5.657600000000000406e-01,5.757299999999999640e-01,5.735700000000000243e-01,5.980400000000000160e-01,5.966099999999999737e-01,5.694799999999999862e-01,5.885299999999999976e-01,5.954300000000000148e-01,5.786900000000000377e-01,5.949100000000000499e-01,5.748400000000000176e-01,5.615999999999999881e-01,5.824599999999999778e-01,5.717200000000000060e-01,5.723099999999999854e-01,5.823899999999999633e-01,5.798799999999999510e-01,5.748100000000000431e-01,5.622099999999999875e-01,5.564799999999999747e-01,5.914399999999999658e-01,5.648199999999999887e-01,5.698400000000000132e-01,5.593599999999999683e-01,5.855399999999999494e-01,5.652199999999999447e-01,5.686400000000000343e-01,5.720699999999999674e-01,5.659800000000000386e-01,5.468899999999999872e-01,5.653200000000000447e-01
6.070299999999999585e-01,5.765099999999999669e-01,5.905200000000000449e-01,6.270799999999999708e-01,5.940499999999999670e-01,5.882699999999999596e-01,5.965599999999999792e-01,6.073199999999999710e-01,5.940299999999999470e-01,5.856999999999999984e-01,5.814300000000000024e-01,5.717999999999999750e-01,6.015399999999999636e-01,5.904700000000000504e-01,5.777900000000000258e-01,5.602700000000000458e-01,5.820800000000000418e-01,5.817200000000000149e-01,5.722399999999999709e-01,5.763000000000000345e-01,6.111299999999999510e-01,5.807999999999999829e-01,5.835299999999999931e-01,5.790699999999999736e-01,5.774500000000000188e-01,5.809199999999999919e-01,5.786499999999999977e-01,5.820199999999999818e-01,5.805299999999999905e-01,5.768400000000000194e-01,5.794300000000000006e-01,6.115500000000000380e-01,6.266399999999999748e-01,5.907400000000000428e-01,6.120400000000000285e-01,6.059700000000000086e-01,6.243199999999999861e-01,5.838700000000000001e-01,6.117399999999999505e-01,6.155300000000000216e-01,6.015300000000000091e-01,6.304199999999999804e-01,5.708800000000000541e-01,5.975500000000000256e-01,6.068599999999999550e-01,6.019799999999999596e-01,5.794399999999999551e-01,5.883699999999999486e-01,6.166199999999999459e-01,6.131699999999999928e-01,5.778400000000000203e-01,6.067099999999999715e-01,5.902699999999999614e-01,5.896599999999999620e-01,6.023600000000000065e-01,5.786200000000000232e-01,5.766099999999999559e-01,5.949999999999999734e-01,5.729699999999999793e-01,5.709499999999999575e-01,5.832600000000000007e-01,5.814700000000000424e-01,5.832699999999999552e-01,5.708100000000000396e-01,5.654599999999999627e-01,5.995700000000000474e-01,5.699800000000000422e-01,5.753000000000000336e-01,5.694299999999999917e-01,5.921300000000000452e-01,5.750999999999999446e-01,5.755000000000000115e-01,5.839299999999999491e-01,5.745700000000000252e-01,5.624599999999999600e-01,5.856500000000000039e-01
6.424999999999999600e-01,6.013399999999999856e-01,6.270799999999999708e-01,6.995599999999999596e-01,6.490899999999999448e-01,6.246000000000000441e-01,6.501900000000000457e-01,6.891000000000000458e-01,6.277199999999999447e-01,6.466399999999999926e-01,6.248000000000000220e-01,6.351900000000000324e-01,6.519200000000000550e-01,6.519300000000000095e-01,6.265500000000000513e-01,5.999299999999999633e-01,6.248799999999999910e-01,6.252199999999999980e-01,6.211499999999999799e-01,6.097000000000000197e-01,6.777699999999999836e-01,6.161200000000000010e-01,6.208900000000000530e-01,6.193800000000000416e-01,6.134899999999999798e-01,6.201299999999999590e-01,6.169900000000000384e-01,6.243600000000000261e-01,6.196599999999999886e-01,6.102800000000000447e-01,6.213199999999999834e-01,6.930300000000000349e-01,6.880600000000000049e-01,6.460000000000000187e-01,6.668699999999999628e-01,6.880500000000000504e-01,6.987900000000000222e-01,6.335699999999999665e-01,6.755400000000000293e-01,6.781199999999999450e-01,6.584600000000000453e-01,6.900600000000000067e-01,6.126700000000000479e-01,6.264199999999999768e-01,6.539599999999999858e-01,6.535100000000000353e-01,6.210799999999999654e-01,6.215699999999999559e-01,6.796299999999999564e-01,6.676900000000000057e-01,6.119099999999999540e-01,6.542599999999999527e-01,6.493200000000000083e-01,6.233800000000000452e-01,6.782000000000000250e-01,6.213100000000000289e-01,6.371599999999999486e-01,6.438199999999999479e-01,6.166599999999999859e-01,6.185000000000000497e-01,6.404199999999999893e-01,6.400400000000000533e-01,6.187200000000000477e-01,5.958400000000000363e-01,5.949999999999999734e-01,6.611099999999999755e-01,6.058700000000000196e-01,6.108099999999999641e-01,6.124399999999999844e-01,6.336699999999999555e-01,6.163300000000000445e-01,6.093300000000000383e-01,6.329200000000000381e-01,6.137299999999999978e-01,5.959799999999999542e-01,6.272799999999999487e-01
6.152900000000000036e-01,5.846900000000000430e-01,5.940499999999999670e-01,6.490899999999999448e-01,6.220299999999999718e-01,5.936500000000000110e-01,6.194899999999999851e-01,6.435400000000000009e-01,5.989299999999999624e-01,6.176000000000000378e-01,6.027700000000000280e-01,5.983899999999999775e-01,6.179799999999999738e-01,6.110200000000000076e-01,5.960699999999999887e-01,5.799699999999999855e-01,6.021800000000000486e-01,5.905299999999999994e-01,5.877900000000000347e-01,5.809299999999999464e-01,6.391999999999999904e-01,5.865200000000000413e-01,5.894399999999999640e-01,5.883000000000000451e-01,5.898999999999999799e-01,5.896500000000000075e-01,5.875299999999999967e-01,5.968499999999999917e-01,5.916900000000000492e-01,5.839900000000000091e-01,5.864099999999999868e-01,6.438399999999999679e-01,6.424699999999999855e-01,5.997999999999999998e-01,6.238899999999999446e-01,6.365300000000000402e-01,6.508899999999999686e-01,5.937400000000000455e-01,6.376199999999999646e-01,6.293499999999999650e-01,6.145399999999999752e-01,6.393799999999999484e-01,5.865299999999999958e-01,6.131100000000000438e-01,6.132199999999999873e-01,6.077500000000000124e-01,5.894399999999999640e-01,5.880699999999999816e-01,6.346100000000000074e-01,6.343400000000000150e-01,5.841699999999999671e-01,6.166000000000000369e-01,6.184199999999999697e-01,5.990100000000000424e-01,6.361599999999999477e-01,5.972499999999999476e-01,5.988599999999999479e-01,6.078799999999999759e-01,5.939600000000000435e-01,5.871199999999999752e-01,6.007299999999999862e-01,6.083899999999999864e-01,5.885000000000000231e-01,5.723099999999999854e-01,5.667400000000000215e-01,6.239700000000000246e-01,5.745700000000000252e-01,5.827099999999999502e-01,5.806299999999999795e-01,6.036599999999999744e-01,5.847799999999999665e-01,5.807700000000000085e-01,5.979700000000000015e-01,5.798400000000000221e-01,5.678600000000000314e-01,5.909699999999999953e-01
5.989400000000000279e-01,5.796200000000000241e-01,5.882699999999999596e-01,6.246000000000000441e-01,5.936500000000000110e-01,5.902800000000000269e-01,6.010199999999999987e-01,6.169499999999999984e-01,5.972699999999999676e-01,5.925399999999999556e-01,5.823800000000000088e-01,5.783000000000000362e-01,6.052400000000000002e-01,5.941999999999999504e-01,5.799800000000000511e-01,5.594500000000000028e-01,5.813500000000000334e-01,5.827299999999999702e-01,5.804399999999999560e-01,5.798699999999999966e-01,6.132900000000000018e-01,5.853599999999999914e-01,5.875899999999999457e-01,5.862399999999999833e-01,5.794000000000000261e-01,5.859499999999999709e-01,5.843599999999999905e-01,5.816799999999999748e-01,5.831899999999999862e-01,5.748900000000000121e-01,5.802199999999999580e-01,6.199999999999999956e-01,6.298599999999999755e-01,5.915200000000000458e-01,6.098700000000000232e-01,6.166599999999999859e-01,6.300299999999999789e-01,5.896799999999999820e-01,6.136300000000000088e-01,6.220799999999999663e-01,6.051299999999999457e-01,6.293900000000000050e-01,5.738499999999999712e-01,5.861600000000000144e-01,6.113100000000000200e-01,6.033300000000000329e-01,5.814300000000000024e-01,5.874800000000000022e-01,6.203600000000000225e-01,6.143399999999999972e-01,5.802199999999999580e-01,6.062400000000000011e-01,6.048999999999999932e-01,5.888999999999999790e-01,6.111299999999999510e-01,5.781500000000000528e-01,5.805900000000000505e-01,5.938799999999999635e-01,5.787900000000000267e-01,5.744899999999999451e-01,5.946399999999999464e-01,5.916200000000000347e-01,5.862600000000000033e-01,5.676400000000000334e-01,5.729800000000000448e-01,6.019499999999999851e-01,5.770199999999999774e-01,5.781100000000000128e-01,5.738600000000000367e-01,5.967900000000000427e-01,5.796499999999999986e-01,5.766700000000000159e-01,5.877499999999999947e-01,5.812000000000000499e-01,5.601300000000000168e-01,5.837900000000000311e-01
6.145899999999999697e-01,5.881499999999999506e-01,5.965599999999999792e-01,6.501900000000000457e-01,6.194899999999999851e-01,6.010199999999999987e-01,6.187099999999999822e-01,6.461500000000000021e-01,6.054199999999999582e-01,6.153399999999999981e-01,6.035800000000000054e-01,5.999700000000000033e-01,6.204499999999999460e-01,6.160200000000000120e-01,5.996000000000000218e-01,5.784500000000000197e-01,5.997500000000000053e-01,5.936799999999999855e-01,5.915300000000000002e-01,5.871199999999999752e-01,6.393799999999999484e-01,5.925599999999999756e-01,5.959499999999999797e-01,5.963500000000000467e-01,5.917299999999999782e-01,5.955500000000000238e-01,5.928900000000000281e-01,5.980999999999999650e-01,5.947400000000000464e-01,5.879799999999999471e-01,5.926500000000000101e-01,6.408500000000000307e-01,6.443799999999999528e-01,6.053100000000000147e-01,6.254399999999999959e-01,6.395699999999999719e-01,6.532200000000000228e-01,6.012999999999999456e-01,6.381299999999999750e-01,6.381999999999999895e-01,6.217300000000000049e-01,6.487899999999999778e-01,5.880600000000000271e-01,6.064000000000000501e-01,6.209700000000000220e-01,6.176700000000000523e-01,5.913599999999999968e-01,5.951800000000000423e-01,6.363400000000000167e-01,6.316399999999999793e-01,5.871600000000000152e-01,6.210400000000000365e-01,6.207700000000000440e-01,5.995899999999999563e-01,6.356800000000000228e-01,5.951600000000000223e-01,5.996700000000000363e-01,6.102100000000000302e-01,5.958999999999999853e-01,5.909699999999999953e-01,6.040799999999999503e-01,6.071100000000000385e-01,5.940600000000000325e-01,5.749300000000000521e-01,5.720499999999999474e-01,6.237500000000000266e-01,5.793199999999999461e-01,5.873099999999999987e-01,5.872600000000000042e-01,6.059999999999999831e-01,5.907599999999999518e-01,5.862399999999999833e-01,5.998200000000000198e-01,5.858200000000000074e-01,5.688499999999999668e-01,5.955000000000000293e-01
6.527100000000000124e-01,6.097099999999999742e-01,6.073199999999999710e-01,6.891000000000000458e-01,6.435400000000000009e-01,6.169499999999999984e-01,6.461500000000000021e-01,6.720000000000000417e-01,6.191999999999999726e-01,6.388099999999999890e-01,6.195800000000000196e-01,6.232400000000000162e-01,6.459300000000000042e-01,6.344300000000000495e-01,6.222499999999999698e-01,5.910499999999999643e-01,6.178500000000000103e-01,6.147299999999999986e-01,6.091800000000000548e-01,6.065099999999999936e-01,6.756199999999999983e-01,6.130799999999999583e-01,6.155800000000000161e-01,6.213600000000000234e-01,6.118299999999999850e-01,6.175199999999999578e-01,6.087099999999999733e-01,6.193600000000000216e-01,6.114300000000000290e-01,6.042999999999999483e-01,6.143199999999999772e-01,6.730199999999999516e-01,6.829699999999999660e-01,6.278000000000000247e-01,6.497899999999999787e-01,6.658699999999999619e-01,6.858300000000000507e-01,6.192100000000000382e-01,6.695299999999999585e-01,6.675499999999999767e-01,6.509700000000000486e-01,6.858199999999999852e-01,6.014100000000000001e-01,6.321099999999999497e-01,6.480700000000000349e-01,6.436699999999999644e-01,6.154800000000000271e-01,6.137399999999999523e-01,6.657999999999999474e-01,6.610399999999999610e-01,6.019600000000000506e-01,6.434299999999999464e-01,6.537199999999999678e-01,6.139599999999999502e-01,6.629300000000000193e-01,6.170700000000000074e-01,6.232799999999999452e-01,6.340099999999999625e-01,6.119900000000000340e-01,6.152900000000000036e-01,6.259700000000000264e-01,6.282600000000000406e-01,6.144199999999999662e-01,5.887900000000000356e-01,5.887400000000000411e-01,6.583400000000000363e-01,5.979299999999999615e-01,6.053199999999999692e-01,6.034500000000000419e-01,6.335499999999999465e-01,6.119299999999999740e-01,6.043500000000000538e-01,6.192900000000000071e-01,6.045199999999999463e-01,5.717700000000000005e-01,6.177000000000000268e-01
6.019099999999999451e-01,5.841499999999999471e-01,5.940299999999999470e-01,6.277199999999999447e-01,5.989299999999999624e-01,5.972699999999999676e-01,6.054199999999999582e-01,6.191999999999999726e-01,6.033800000000000274e-01,5.997000000000000108e-01,5.890199999999999880e-01,5.792899999999999716e-01,6.109099999999999531e-01,6.021499999999999631e-01,5.842500000000000471e-01,5.660300000000000331e-01,5.861499999999999488e-01,5.867900000000000338e-01,5.858400000000000274e-01,5.823700000000000543e-01,6.169799999999999729e-01,5.896299999999999875e-01,5.908099999999999463e-01,5.855500000000000149e-01,5.842899999999999761e-01,5.885399999999999521e-01,5.897099999999999564e-01,5.873899999999999677e-01,5.886099999999999666e-01,5.824300000000000033e-01,5.817400000000000349e-01,6.227700000000000458e-01,6.319000000000000172e-01,5.925000000000000266e-01,6.149099999999999566e-01,6.259900000000000464e-01,6.381299999999999750e-01,5.894000000000000350e-01,6.192499999999999671e-01,6.274600000000000177e-01,6.041400000000000103e-01,6.307500000000000329e-01,5.850699999999999790e-01,5.935899999999999510e-01,6.129700000000000149e-01,6.021999999999999575e-01,5.828499999999999792e-01,5.908999999999999808e-01,6.252999999999999670e-01,6.208399999999999475e-01,5.858100000000000529e-01,6.111699999999999910e-01,6.040900000000000158e-01,5.978499999999999925e-01,6.171299999999999564e-01,5.812000000000000499e-01,5.811600000000000099e-01,5.993000000000000549e-01,5.879299999999999526e-01,5.758699999999999930e-01,5.982399999999999940e-01,5.938400000000000345e-01,5.877900000000000347e-01,5.710899999999999865e-01,5.730699999999999683e-01,6.041999999999999593e-01,5.801899999999999835e-01,5.831699999999999662e-01,5.766900000000000359e-01,5.978599999999999470e-01,5.799499999999999655e-01,5.797299999999999676e-01,5.948200000000000154e-01,5.844700000000000450e-01,5.698400000000000132e-01,5.847299999999999720e-01
6.112499999999999600e-01,5.843399999999999705e-01,5.856999999999999984e-01,6.466399999999999926e-01,6.176000000000000378e-01,5.925300000000000011e-01,6.153399999999999981e-01,6.388099999999999890e-01,5.997000000000000108e-01,6.059999999999999831e-01,5.975500000000000256e-01,5.937799999999999745e-01,6.148200000000000331e-01,6.133699999999999708e-01,5.898200000000000109e-01,5.742899999999999672e-01,5.891899999999999915e-01,5.890800000000000480e-01,5.890600000000000280e-01,5.821699999999999653e-01,6.311499999999999888e-01,5.881800000000000361e-01,5.890600000000000280e-01,5.914599999999999858e-01,5.861399999999999944e-01,5.905700000000000394e-01,5.858499999999999819e-01,5.937500000000000000e-01,5.879699999999999926e-01,5.826299999999999812e-01,5.884099999999999886e-01,6.319900000000000517e-01,6.404100000000000348e-01,5.996000000000000218e-01,6.138299999999999867e-01,6.388300000000000090e-01,6.509599999999999831e-01,5.918400000000000327e-01,6.315300000000000358e-01,6.362499999999999822e-01,6.179400000000000448e-01,6.418500000000000316e-01,5.877599999999999492e-01,6.064800000000000191e-01,6.163800000000000390e-01,6.146500000000000297e-01,5.885000000000000231e-01,5.858600000000000474e-01,6.343999999999999639e-01,6.299299999999999899e-01,5.795400000000000551e-01,6.158700000000000285e-01,6.106099999999999861e-01,5.904700000000000504e-01,6.312499999999999778e-01,5.884700000000000486e-01,5.951800000000000423e-01,6.042999999999999483e-01,5.936099999999999710e-01,5.825200000000000378e-01,5.976200000000000401e-01,6.043500000000000538e-01,5.877799999999999692e-01,5.694799999999999862e-01,5.679899999999999949e-01,6.167700000000000404e-01,5.753500000000000281e-01,5.818600000000000438e-01,5.796999999999999931e-01,6.026099999999999790e-01,5.855700000000000349e-01,5.789999999999999591e-01,5.972100000000000186e-01,5.819499999999999673e-01,5.659800000000000386e-01,5.905500000000000194e-01
6.008000000000000007e-01,5.752099999999999991e-01,5.814300000000000024e-01,6.248000000000000220e-01,6.027799999999999825e-01,5.823800000000000088e-01,6.035700000000000509e-01,6.195800000000000196e-01,5.890199999999999880e-01,5.975500000000000256e-01,5.854099999999999859e-01,5.809900000000000064e-01,6.034699999999999509e-01,6.017000000000000126e-01,5.824899999999999523e-01,5.660800000000000276e-01,5.832699999999999552e-01,5.823199999999999488e-01,5.784500000000000197e-01,5.727499999999999813e-01,6.193400000000000016e-01,5.774399999999999533e-01,5.811500000000000554e-01,5.809699999999999864e-01,5.800699999999999745e-01,5.822000000000000508e-01,5.780899999999999928e-01,5.836599999999999566e-01,5.785799999999999832e-01,5.719400000000000039e-01,5.776700000000000168e-01,6.177799999999999958e-01,6.233400000000000052e-01,5.891800000000000370e-01,6.038999999999999924e-01,6.243100000000000316e-01,6.313999999999999613e-01,5.807600000000000540e-01,6.073100000000000165e-01,6.167899999999999494e-01,6.014300000000000201e-01,6.176700000000000523e-01,5.772899999999999698e-01,5.932899999999999840e-01,6.062800000000000411e-01,6.001300000000000523e-01,5.786999999999999922e-01,5.786499999999999977e-01,6.192999999999999616e-01,6.147700000000000387e-01,5.745200000000000307e-01,6.033800000000000274e-01,6.024599999999999955e-01,5.856900000000000439e-01,6.168700000000000294e-01,5.799999999999999600e-01,5.848900000000000210e-01,5.911300000000000443e-01,5.825000000000000178e-01,5.709699999999999775e-01,5.891999999999999460e-01,5.917900000000000382e-01,5.781699999999999617e-01,5.611599999999999921e-01,5.606100000000000527e-01,6.050400000000000222e-01,5.688199999999999923e-01,5.711600000000000010e-01,5.714299999999999935e-01,5.905200000000000449e-01,5.763399999999999634e-01,5.714700000000000335e-01,5.853099999999999969e-01,5.726299999999999724e-01,5.590399999999999814e-01,5.803399999999999670e-01
5.967599999999999572e-01,5.607799999999999452e-01,5.717999999999999750e-01,6.351900000000000324e-01,5.983899999999999775e-01,5.783000000000000362e-01,5.999700000000000033e-01,6.232400000000000162e-01,5.792899999999999716e-01,5.937799999999999745e-01,5.809900000000000064e-01,5.896900000000000475e-01,5.983600000000000030e-01,5.957200000000000273e-01,5.757799999999999585e-01,5.545799999999999619e-01,5.757600000000000495e-01,5.738499999999999712e-01,5.740499999999999492e-01,5.681599999999999984e-01,6.203800000000000425e-01,5.713099999999999845e-01,5.775000000000000133e-01,5.885799999999999921e-01,5.691300000000000248e-01,5.778999999999999693e-01,5.714399999999999480e-01,5.783800000000000052e-01,5.713099999999999845e-01,5.657999999999999696e-01,5.809999999999999609e-01,6.207599999999999785e-01,6.310299999999999798e-01,5.977799999999999780e-01,6.020299999999999541e-01,6.229500000000000037e-01,6.295300000000000340e-01,5.828699999999999992e-01,6.141999999999999682e-01,6.182499999999999662e-01,6.168599999999999639e-01,6.330799999999999761e-01,5.672599999999999865e-01,5.797999999999999821e-01,6.058599999999999541e-01,6.228500000000000147e-01,5.726499999999999924e-01,5.745400000000000507e-01,6.208900000000000530e-01,6.140499999999999847e-01,5.663899999999999491e-01,6.009900000000000242e-01,5.974500000000000366e-01,5.730699999999999683e-01,6.167899999999999494e-01,5.734599999999999698e-01,5.920699999999999852e-01,5.897700000000000164e-01,5.735400000000000498e-01,5.741100000000000092e-01,5.842300000000000271e-01,5.860899999999999999e-01,5.726400000000000379e-01,5.514499999999999957e-01,5.544499999999999984e-01,6.088999999999999968e-01,5.615700000000000136e-01,5.665200000000000236e-01,5.786200000000000232e-01,5.869499999999999718e-01,5.764599999999999724e-01,5.660399999999999876e-01,5.803700000000000525e-01,5.677999999999999714e-01,5.518899999999999917e-01,5.829199999999999937e-01
6.148299999999999876e-01,5.923899999999999721e-01,6.015399999999999636e-01,6.519200000000000550e-01,6.179799999999999738e-01,6.052400000000000002e-01,6.204399999999999915e-01,6.459300000000000042e-01,6.109099999999999531e-01,6.148200000000000331e-01,6.034699999999999509e-01,5.983600000000000030e-01,6.228200000000000403e-01,6.156800000000000050e-01,5.981800000000000450e-01,5.803399999999999670e-01,5.982499999999999485e-01,5.976399999999999491e-01,5.966900000000000537e-01,5.902199999999999669e-01,6.392200000000000104e-01,5.974800000000000111e-01,5.997900000000000453e-01,5.966099999999999737e-01,5.949600000000000444e-01,5.976900000000000546e-01,5.968200000000000172e-01,5.991800000000000459e-01,5.977599999999999580e-01,5.925500000000000211e-01,5.944800000000000084e-01,6.437199999999999589e-01,6.462299999999999711e-01,6.071800000000000530e-01,6.253699999999999815e-01,6.419599999999999751e-01,6.559800000000000075e-01,6.039799999999999613e-01,6.405100000000000238e-01,6.442900000000000293e-01,6.228200000000000403e-01,6.522700000000000164e-01,5.906599999999999628e-01,6.072600000000000220e-01,6.285199999999999676e-01,6.199099999999999611e-01,5.943599999999999994e-01,5.987700000000000244e-01,6.416699999999999626e-01,6.327500000000000346e-01,5.896400000000000530e-01,6.239900000000000446e-01,6.228700000000000347e-01,6.016399999999999526e-01,6.364199999999999857e-01,5.951100000000000279e-01,5.982699999999999685e-01,6.111799999999999455e-01,5.961600000000000232e-01,5.881300000000000416e-01,6.088200000000000278e-01,6.085199999999999498e-01,5.971899999999999986e-01,5.780399999999999983e-01,5.768199999999999994e-01,6.221600000000000463e-01,5.852500000000000480e-01,5.901100000000000234e-01,5.870600000000000263e-01,6.096899999999999542e-01,5.915599999999999747e-01,5.882300000000000306e-01,6.033699999999999619e-01,5.896200000000000330e-01,5.735500000000000043e-01,5.968400000000000372e-01
6.037500000000000089e-01,5.740600000000000147e-01,5.904700000000000504e-01,6.519300000000000095e-01,6.110200000000000076e-01,5.941999999999999504e-01,6.160200000000000120e-01,6.344300000000000495e-01,6.021499999999999631e-01,6.133699999999999708e-01,6.017000000000000126e-01,5.957200000000000273e-01,6.156700000000000506e-01,6.045199999999999463e-01,5.952399999999999913e-01,5.765500000000000069e-01,5.976900000000000546e-01,5.912500000000000533e-01,5.917000000000000037e-01,5.833199999999999497e-01,6.308000000000000274e-01,5.853300000000000169e-01,5.901199999999999779e-01,5.887599999999999500e-01,5.837099999999999511e-01,5.888799999999999590e-01,5.914599999999999858e-01,5.947599999999999554e-01,5.918700000000000072e-01,5.826999999999999957e-01,5.889799999999999480e-01,6.379399999999999515e-01,6.433799999999999519e-01,6.034000000000000474e-01,6.203600000000000225e-01,6.346100000000000074e-01,6.430500000000000105e-01,6.033800000000000274e-01,6.310999999999999943e-01,6.191299999999999581e-01,6.188500000000000112e-01,6.414299999999999446e-01,5.927000000000000046e-01,6.041900000000000048e-01,6.197000000000000286e-01,6.081900000000000084e-01,5.943000000000000504e-01,5.876700000000000257e-01,6.342400000000000260e-01,6.263999999999999568e-01,5.889799999999999480e-01,6.156000000000000361e-01,6.153199999999999781e-01,5.958299999999999708e-01,6.360099999999999643e-01,5.887999999999999901e-01,5.993300000000000294e-01,6.063600000000000101e-01,5.917700000000000182e-01,5.859100000000000419e-01,6.045199999999999463e-01,6.045000000000000373e-01,5.896500000000000075e-01,5.727400000000000269e-01,5.696600000000000552e-01,6.183999999999999497e-01,5.776900000000000368e-01,5.823899999999999633e-01,5.780999999999999472e-01,6.032199999999999784e-01,5.850699999999999790e-01,5.827299999999999702e-01,5.944700000000000539e-01,5.827700000000000102e-01,5.618100000000000316e-01,5.914700000000000513e-01
6.128700000000000259e-01,5.793800000000000061e-01,5.777900000000000258e-01,6.265500000000000513e-01,5.960699999999999887e-01,5.799800000000000511e-01,5.996000000000000218e-01,6.222499999999999698e-01,5.842399999999999816e-01,5.898200000000000109e-01,5.824899999999999523e-01,5.757799999999999585e-01,5.981800000000000450e-01,5.952399999999999913e-01,5.864399999999999613e-01,5.584799999999999764e-01,5.815599999999999659e-01,5.791199999999999681e-01,5.701000000000000512e-01,5.724900000000000544e-01,6.193300000000000471e-01,5.764399999999999524e-01,5.812800000000000189e-01,5.857499999999999929e-01,5.764099999999999779e-01,5.837799999999999656e-01,5.707299999999999596e-01,5.808499999999999774e-01,5.726799999999999669e-01,5.658300000000000551e-01,5.788799999999999502e-01,6.128599999999999604e-01,6.315399999999999903e-01,5.861199999999999743e-01,6.091299999999999493e-01,6.124600000000000044e-01,6.275600000000000067e-01,5.846099999999999630e-01,6.093499999999999472e-01,6.183999999999999497e-01,5.984300000000000175e-01,6.287700000000000511e-01,5.661199999999999566e-01,5.851399999999999935e-01,6.021100000000000341e-01,5.973100000000000076e-01,5.788600000000000412e-01,5.769300000000000539e-01,6.138099999999999667e-01,6.045099999999999918e-01,5.702800000000000091e-01,5.983500000000000485e-01,5.992800000000000349e-01,5.792100000000000026e-01,6.016399999999999526e-01,5.789800000000000502e-01,5.819999999999999618e-01,5.913199999999999568e-01,5.780999999999999472e-01,5.806599999999999540e-01,5.816799999999999748e-01,5.810400000000000009e-01,5.800499999999999545e-01,5.607199999999999962e-01,5.578800000000000425e-01,6.029499999999999860e-01,5.641899999999999693e-01,5.705099999999999616e-01,5.710399999999999920e-01,5.859900000000000109e-01,5.765099999999999669e-01,5.702300000000000146e-01,5.795299999999999896e-01,5.686600000000000543e-01,5.465299999999999603e-01,5.795700000000000296e-01
5.771500000000000519e-01,5.556999999999999718e-01,5.602700000000000458e-01,5.999299999999999633e-01,5.799699999999999855e-01,5.594500000000000028e-01,5.784500000000000197e-01,5.910499999999999643e-01,5.660300000000000331e-01,5.742899999999999672e-01,5.660800000000000276e-01,5.545799999999999619e-01,5.803399999999999670e-01,5.765500000000000069e-01,5.584799999999999764e-01,5.507199999999999873e-01,5.656200000000000117e-01,5.631300000000000194e-01,5.604999999999999982e-01,5.512599999999999723e-01,5.932199999999999696e-01,5.574599999999999556e-01,5.566799999999999526e-01,5.561500000000000332e-01,5.600500000000000478e-01,5.576699999999999990e-01,5.576200000000000045e-01,5.645799999999999708e-01,5.585799999999999654e-01,5.555099999999999483e-01,5.555200000000000138e-01,5.904399999999999649e-01,5.997900000000000453e-01,5.635299999999999754e-01,5.770600000000000174e-01,5.939900000000000180e-01,6.002399999999999958e-01,5.625700000000000145e-01,5.809199999999999919e-01,5.811399999999999899e-01,5.762399999999999745e-01,5.881899999999999906e-01,5.667699999999999960e-01,5.773800000000000043e-01,5.773500000000000298e-01,5.719199999999999839e-01,5.653000000000000247e-01,5.579699999999999660e-01,5.923000000000000487e-01,5.882600000000000051e-01,5.519399999999999862e-01,5.772000000000000464e-01,5.804500000000000215e-01,5.604299999999999837e-01,5.874700000000000477e-01,5.594400000000000484e-01,5.578300000000000480e-01,5.673500000000000210e-01,5.651100000000000012e-01,5.519500000000000517e-01,5.743200000000000527e-01,5.640699999999999603e-01,5.576699999999999990e-01,5.454799999999999649e-01,5.398100000000000120e-01,5.776299999999999768e-01,5.518800000000000372e-01,5.533700000000000285e-01,5.478899999999999881e-01,5.689600000000000213e-01,5.533200000000000340e-01,5.510599999999999943e-01,5.627199999999999980e-01,5.510000000000000453e-01,5.450300000000000145e-01,5.577800000000000535e-01
5.991199999999999859e-01,5.766400000000000414e-01,5.820800000000000418e-01,6.248799999999999910e-01,6.021800000000000486e-01,5.813500000000000334e-01,5.997500000000000053e-01,6.178500000000000103e-01,5.861499999999999488e-01,5.891899999999999915e-01,5.832699999999999552e-01,5.757600000000000495e-01,5.982499999999999485e-01,5.976900000000000546e-01,5.815599999999999659e-01,5.656200000000000117e-01,5.714200000000000390e-01,5.810100000000000264e-01,5.717900000000000205e-01,5.713700000000000445e-01,6.136200000000000543e-01,5.769699999999999829e-01,5.785900000000000487e-01,5.788200000000000012e-01,5.765400000000000524e-01,5.801399999999999890e-01,5.736700000000000133e-01,5.814000000000000279e-01,5.756200000000000205e-01,5.695999999999999952e-01,5.778400000000000203e-01,6.148099999999999676e-01,6.223600000000000243e-01,5.879199999999999982e-01,6.049499999999999877e-01,6.159099999999999575e-01,6.345800000000000329e-01,5.826099999999999612e-01,6.087799999999999878e-01,6.196700000000000541e-01,5.993300000000000294e-01,6.220499999999999918e-01,5.730600000000000138e-01,6.018799999999999706e-01,6.060200000000000031e-01,5.952499999999999458e-01,5.810499999999999554e-01,5.743200000000000527e-01,6.141199999999999992e-01,6.054300000000000237e-01,5.688699999999999868e-01,6.006200000000000427e-01,5.943000000000000504e-01,5.787499999999999867e-01,6.080499999999999794e-01,5.790300000000000447e-01,5.793300000000000116e-01,5.904800000000000049e-01,5.764399999999999524e-01,5.715599999999999570e-01,5.823399999999999688e-01,5.867099999999999538e-01,5.775700000000000278e-01,5.633099999999999774e-01,5.573399999999999466e-01,5.990299999999999514e-01,5.643000000000000238e-01,5.708199999999999941e-01,5.673500000000000210e-01,5.870800000000000463e-01,5.743899999999999562e-01,5.684900000000000508e-01,5.810400000000000009e-01,5.687900000000000178e-01,5.557800000000000518e-01,5.795400000000000551e-01
5.997999999999999998e-01,5.687100000000000488e-01,5.817200000000000149e-01,6.252199999999999980e-01,5.905299999999999994e-01,5.827299999999999702e-01,5.936799999999999855e-01,6.147299999999999986e-01,5.867900000000000338e-01,5.890800000000000480e-01,5.823300000000000143e-01,5.738499999999999712e-01,5.976399999999999491e-01,5.912500000000000533e-01,5.791199999999999681e-01,5.631300000000000194e-01,5.810100000000000264e-01,5.762399999999999745e-01,5.766999999999999904e-01,5.722800000000000109e-01,6.149099999999999566e-01,5.764700000000000379e-01,5.802000000000000490e-01,5.804599999999999760e-01,5.751300000000000301e-01,5.779400000000000093e-01,5.776400000000000423e-01,5.789900000000000047e-01,5.754000000000000226e-01,5.689899999999999958e-01,5.750399999999999956e-01,6.108900000000000441e-01,6.227500000000000258e-01,5.852600000000000025e-01,5.977200000000000291e-01,6.117700000000000360e-01,6.218399999999999483e-01,5.836200000000000276e-01,6.052499999999999547e-01,6.065899999999999626e-01,5.992699999999999694e-01,6.203199999999999825e-01,5.739400000000000057e-01,5.867299999999999738e-01,5.999400000000000288e-01,5.979200000000000070e-01,5.794799999999999951e-01,5.793500000000000316e-01,6.111699999999999910e-01,6.024100000000000010e-01,5.733899999999999553e-01,5.975300000000000056e-01,6.028900000000000370e-01,5.801300000000000345e-01,6.062600000000000211e-01,5.765599999999999614e-01,5.780600000000000183e-01,5.892399999999999860e-01,5.725799999999999779e-01,5.720100000000000184e-01,5.855500000000000149e-01,5.815799999999999859e-01,5.783899999999999597e-01,5.609600000000000142e-01,5.597699999999999898e-01,5.999299999999999633e-01,5.677999999999999714e-01,5.696600000000000552e-01,5.656799999999999606e-01,5.886099999999999666e-01,5.725000000000000089e-01,5.702199999999999491e-01,5.798200000000000021e-01,5.701100000000000056e-01,5.547800000000000509e-01,5.797200000000000131e-01
5.913100000000000023e-01,5.671500000000000430e-01,5.722399999999999709e-01,6.211499999999999799e-01,5.877900000000000347e-01,5.804399999999999560e-01,5.915300000000000002e-01,6.091800000000000548e-01,5.858400000000000274e-01,5.890600000000000280e-01,5.784500000000000197e-01,5.740499999999999492e-01,5.966900000000000537e-01,5.917000000000000037e-01,5.701000000000000512e-01,5.604999999999999982e-01,5.717900000000000205e-01,5.766999999999999904e-01,5.717499999999999805e-01,5.682399999999999674e-01,6.073399999999999910e-01,5.738299999999999512e-01,5.753700000000000481e-01,5.745299999999999851e-01,5.715400000000000480e-01,5.749900000000000011e-01,5.758499999999999730e-01,5.779699999999999838e-01,5.751399999999999846e-01,5.720499999999999474e-01,5.721300000000000274e-01,6.065099999999999936e-01,6.164300000000000335e-01,5.827900000000000302e-01,5.933000000000000496e-01,6.168500000000000094e-01,6.228200000000000403e-01,5.767499999999999849e-01,5.998999999999999888e-01,6.074699999999999545e-01,5.925799999999999956e-01,6.118700000000000250e-01,5.767099999999999449e-01,5.850400000000000045e-01,5.983899999999999775e-01,5.972899999999999876e-01,5.715900000000000425e-01,5.746400000000000396e-01,6.132999999999999563e-01,6.076399999999999579e-01,5.711100000000000065e-01,5.975200000000000511e-01,5.949999999999999734e-01,5.803500000000000325e-01,6.075800000000000090e-01,5.699300000000000477e-01,5.745999999999999996e-01,5.853399999999999714e-01,5.776200000000000223e-01,5.639199999999999768e-01,5.857700000000000129e-01,5.841199999999999726e-01,5.738199999999999967e-01,5.571399999999999686e-01,5.570699999999999541e-01,5.955399999999999583e-01,5.658199999999999896e-01,5.679400000000000004e-01,5.620300000000000296e-01,5.841800000000000326e-01,5.681800000000000184e-01,5.672300000000000120e-01,5.805099999999999705e-01,5.699499999999999567e-01,5.570399999999999796e-01,5.747999999999999776e-01
5.831800000000000317e-01,5.700600000000000112e-01,5.763000000000000345e-01,6.097000000000000197e-01,5.809299999999999464e-01,5.798600000000000421e-01,5.871199999999999752e-01,6.065099999999999936e-01,5.823700000000000543e-01,5.821699999999999653e-01,5.727499999999999813e-01,5.681599999999999984e-01,5.902199999999999669e-01,5.833199999999999497e-01,5.724900000000000544e-01,5.512599999999999723e-01,5.713700000000000445e-01,5.722800000000000109e-01,5.682399999999999674e-01,5.653299999999999992e-01,6.016700000000000381e-01,5.732000000000000428e-01,5.738799999999999457e-01,5.725500000000000034e-01,5.694599999999999662e-01,5.746700000000000141e-01,5.715599999999999570e-01,5.713899999999999535e-01,5.704200000000000381e-01,5.656799999999999606e-01,5.676700000000000079e-01,6.031600000000000295e-01,6.111699999999999910e-01,5.754700000000000371e-01,5.929900000000000171e-01,6.024199999999999555e-01,6.129599999999999493e-01,5.754299999999999971e-01,5.977099999999999635e-01,6.072300000000000475e-01,5.900699999999999834e-01,6.117899999999999450e-01,5.626999999999999780e-01,5.738999999999999657e-01,5.944700000000000539e-01,5.866599999999999593e-01,5.692599999999999882e-01,5.729300000000000503e-01,6.025000000000000355e-01,5.965399999999999592e-01,5.674099999999999699e-01,5.900400000000000089e-01,5.921699999999999742e-01,5.750399999999999956e-01,5.984000000000000430e-01,5.681699999999999529e-01,5.680600000000000094e-01,5.805500000000000105e-01,5.687200000000000033e-01,5.667200000000000015e-01,5.794200000000000461e-01,5.771800000000000264e-01,5.716200000000000170e-01,5.559300000000000352e-01,5.573700000000000321e-01,5.882800000000000251e-01,5.644200000000000328e-01,5.652000000000000357e-01,5.612300000000000066e-01,5.809699999999999864e-01,5.675700000000000189e-01,5.656400000000000317e-01,5.749900000000000011e-01,5.670100000000000140e-01,5.492700000000000360e-01,5.706200000000000161e-01
6.474699999999999900e-01,6.020699999999999941e-01,6.111299999999999510e-01,6.777699999999999836e-01,6.391999999999999904e-01,6.132900000000000018e-01,6.393799999999999484e-01,6.756199999999999983e-01,6.169799999999999729e-01,6.311499999999999888e-01,6.193400000000000016e-01,6.203800000000000425e-01,6.392200000000000104e-01,6.308000000000000274e-01,6.193300000000000471e-01,5.932199999999999696e-01,6.136200000000000543e-01,6.149099999999999566e-01,6.073399999999999910e-01,6.016700000000000381e-01,6.635299999999999532e-01,6.083100000000000174e-01,6.161799999999999500e-01,6.205199999999999605e-01,6.079999999999999849e-01,6.143699999999999717e-01,6.041699999999999848e-01,6.159999999999999920e-01,6.071900000000000075e-01,5.991100000000000314e-01,6.138099999999999667e-01,6.689100000000000046e-01,6.739899999999999780e-01,6.282499999999999751e-01,6.490099999999999758e-01,6.608100000000000085e-01,6.819199999999999706e-01,6.238299999999999956e-01,6.648600000000000065e-01,6.650700000000000500e-01,6.471700000000000230e-01,6.847100000000000408e-01,5.968200000000000172e-01,6.238099999999999756e-01,6.479599999999999804e-01,6.453999999999999737e-01,6.092800000000000438e-01,6.068400000000000460e-01,6.595100000000000406e-01,6.493700000000000028e-01,6.008400000000000407e-01,6.391499999999999959e-01,6.449899999999999523e-01,6.112300000000000511e-01,6.538100000000000023e-01,6.132999999999999563e-01,6.229799999999999782e-01,6.280599999999999516e-01,6.061999999999999611e-01,6.093699999999999672e-01,6.221600000000000463e-01,6.172499999999999654e-01,6.098000000000000087e-01,5.856099999999999639e-01,5.837700000000000111e-01,6.473600000000000465e-01,5.937799999999999745e-01,6.005599999999999827e-01,6.043699999999999628e-01,6.235899999999999777e-01,6.059099999999999486e-01,5.992199999999999749e-01,6.123699999999999699e-01,6.000199999999999978e-01,5.759600000000000275e-01,6.135000000000000453e-01
