6.514900000000000135e-01,5.881800000000000361e-01,5.618999999999999551e-01,6.018200000000000216e-01,6.257399999999999629e-01,6.075800000000000090e-01,6.246800000000000130e-01,6.701399999999999579e-01,5.905599999999999739e-01,6.076399999999999579e-01,6.151299999999999546e-01,5.974399999999999711e-01,6.070200000000000040e-01,5.973100000000000076e-01,6.157700000000000395e-01,5.939299999999999580e-01,6.296300000000000230e-01,6.193800000000000416e-01,5.581599999999999895e-01,5.682599999999999874e-01,6.624200000000000088e-01,5.942800000000000304e-01,5.988499999999999934e-01,5.997200000000000308e-01,6.011600000000000277e-01,5.976599999999999691e-01,5.668499999999999650e-01,6.018099999999999561e-01,5.929499999999999771e-01,5.692300000000000137e-01,5.926000000000000156e-01,6.522700000000000164e-01,6.630500000000000282e-01,6.295100000000000140e-01,6.400500000000000078e-01,6.195000000000000506e-01,6.005399999999999627e-01,6.091299999999999493e-01,6.471099999999999630e-01,6.528300000000000214e-01,5.939799999999999525e-01,6.384699999999999820e-01,5.976200000000000401e-01,6.049999999999999822e-01,6.290400000000000436e-01,6.304300000000000459e-01,5.843300000000000161e-01,5.809199999999999919e-01,6.400400000000000533e-01,6.431700000000000195e-01,6.023899999999999810e-01,6.227800000000000002e-01,6.418399999999999661e-01,6.114899999999999780e-01,5.906400000000000539e-01,6.002600000000000158e-01,5.897099999999999564e-01,6.265300000000000313e-01,5.989600000000000479e-01,6.359900000000000553e-01,5.697400000000000242e-01,5.913899999999999713e-01,5.846400000000000485e-01,5.658600000000000296e-01,5.614900000000000446e-01,6.349599999999999689e-01,5.768999999999999684e-01,5.999999999999999778e-01,5.780300000000000438e-01,5.751199999999999646e-01,5.839699999999999891e-01,5.829100000000000392e-01,5.977000000000000091e-01,5.773599999999999843e-01,5.831399999999999917e-01,6.026200000000000445e-01
5.881800000000000361e-01,5.609800000000000342e-01,5.406100000000000350e-01,5.721399999999999819e-01,5.780499999999999527e-01,5.703200000000000491e-01,5.796299999999999786e-01,6.075099999999999945e-01,5.601899999999999658e-01,5.662800000000000056e-01,5.732899999999999663e-01,5.575999999999999845e-01,5.672700000000000520e-01,5.768299999999999539e-01,5.693899999999999517e-01,5.563299999999999912e-01,5.840999999999999526e-01,5.778200000000000003e-01,0.000000000000000000e+00,5.483200000000000296e-01,6.007500000000000062e-01,5.618800000000000461e-01,5.638499999999999623e-01,5.557299999999999462e-01,5.665400000000000436e-01,5.632800000000000029e-01,5.437300000000000466e-01,5.671800000000000175e-01,5.614700000000000246e-01,5.445400000000000240e-01,5.576299999999999590e-01,5.866200000000000303e-01,6.034000000000000474e-01,5.907000000000000028e-01,5.926700000000000301e-01,5.879799999999999471e-01,5.681500000000000439e-01,5.791500000000000536e-01,5.785000000000000142e-01,5.935700000000000420e-01,5.691000000000000503e-01,5.813399999999999679e-01,5.699699999999999767e-01,5.789600000000000302e-01,5.825799999999999867e-01,5.829299999999999482e-01,5.595900000000000318e-01,5.560000000000000497e-01,5.875899999999999457e-01,5.972399999999999931e-01,5.701600000000000001e-01,5.796599999999999531e-01,5.973899999999999766e-01,5.747499999999999831e-01,5.596400000000000263e-01,5.601699999999999458e-01,5.533500000000000085e-01,5.744399999999999507e-01,5.762800000000000145e-01,5.886700000000000266e-01,5.443299999999999805e-01,5.638300000000000534e-01,5.521800000000000042e-01,5.422400000000000553e-01,5.411399999999999544e-01,5.813000000000000389e-01,5.512700000000000378e-01,5.646700000000000053e-01,5.424900000000000277e-01,5.477800000000000447e-01,5.571500000000000341e-01,5.546799999999999509e-01,5.656600000000000517e-01,5.528499999999999526e-01,5.533900000000000485e-01,5.681599999999999984e-01
5.618999999999999551e-01,5.406100000000000350e-01,0.000000000000000000e+00,0.000000000000000000e+00,5.449000000000000510e-01,5.444799999999999640e-01,5.463000000000000078e-01,5.726999999999999869e-01,5.402299999999999880e-01,0.000000000000000000e+00,5.496600000000000374e-01,0.000000000000000000e+00,5.429699999999999527e-01,5.453200000000000269e-01,5.473500000000000032e-01,0.000000000000000000e+00,5.543200000000000349e-01,5.479100000000000081e-01,0.000000000000000000e+00,0.000000000000000000e+00,5.639600000000000168e-01,5.414499999999999869e-01,5.399800000000000155e-01,5.424700000000000077e-01,0.000000000000000000e+00,0.000000000000000000e+00,0.000000000000000000e+00,0.000000000000000000e+00,0.000000000000000000e+00,0.000000000000000000e+00,0.000000000000000000e+00,5.511300000000000088e-01,5.769199999999999884e-01,5.590699999999999559e-01,5.637900000000000134e-01,5.526600000000000401e-01,5.416600000000000303e-01,5.515099999999999447e-01,5.462399999999999478e-01,5.606799999999999562e-01,5.408100000000000129e-01,5.541000000000000369e-01,5.460899999999999643e-01,5.532500000000000195e-01,5.584799999999999764e-01,5.508800000000000363e-01,0.000000000000000000e+00,5.401500000000000190e-01,5.551800000000000068e-01,5.603099999999999747e-01,5.472799999999999887e-01,5.512899999999999467e-01,5.643899999999999473e-01,5.492000000000000215e-01,0.000000000000000000e+00,0.000000000000000000e+00,0.000000000000000000e+00,5.486199999999999966e-01,5.477600000000000247e-01,5.602899999999999547e-01,0.000000000000000000e+00,5.444799999999999640e-01,0.000000000000000000e+00,0.000000000000000000e+00,0.000000000000000000e+00,5.500399999999999734e-01,0.000000000000000000e+00,5.422099999999999698e-01,0.000000000000000000e+00,0.000000000000000000e+00,0.000000000000000000e+00,0.000000000000000000e+00,0.000000000000000000e+00,0.000000000000000000e+00,0.000000000000000000e+00,5.420099999999999918e-01
6.018200000000000216e-01,5.721399999999999819e-01,0.000000000000000000e+00,5.952499999999999458e-01,6.055000000000000382e-01,5.769499999999999629e-01,5.997500000000000053e-01,6.071900000000000075e-01,5.625000000000000000e-01,5.901300000000000434e-01,5.964399999999999702e-01,5.800199999999999800e-01,5.847299999999999720e-01,5.953199999999999603e-01,5.791600000000000081e-01,5.567999999999999616e-01,5.978799999999999670e-01,5.918700000000000072e-01,0.000000000000000000e+00,5.524400000000000421e-01,6.320900000000000407e-01,5.667499999999999760e-01,5.661500000000000421e-01,5.624400000000000510e-01,5.742399999999999727e-01,5.701699999999999546e-01,5.460500000000000353e-01,5.818799999999999528e-01,5.695099999999999607e-01,5.570800000000000196e-01,5.655299999999999772e-01,6.091999999999999638e-01,6.144600000000000062e-01,6.118500000000000050e-01,6.089799999999999658e-01,6.121100000000000430e-01,5.849100000000000410e-01,5.882500000000000506e-01,5.986599999999999699e-01,6.116800000000000015e-01,5.892399999999999860e-01,5.966399999999999482e-01,5.865599999999999703e-01,6.130400000000000293e-01,5.970400000000000151e-01,5.965700000000000447e-01,5.673200000000000465e-01,5.566699999999999982e-01,6.143199999999999772e-01,6.231700000000000017e-01,5.800899999999999945e-01,5.962399999999999922e-01,6.130900000000000238e-01,5.828799999999999537e-01,5.725400000000000489e-01,5.777499999999999858e-01,5.709400000000000031e-01,5.900900000000000034e-01,5.874800000000000022e-01,5.946000000000000174e-01,5.479800000000000226e-01,5.616200000000000081e-01,5.681000000000000494e-01,5.528699999999999726e-01,5.418699999999999628e-01,6.078999999999999959e-01,5.508800000000000363e-01,5.683399999999999563e-01,5.418399999999999883e-01,5.534499999999999975e-01,5.670800000000000285e-01,5.577600000000000335e-01,5.754700000000000371e-01,5.503799999999999804e-01,5.601300000000000168e-01,5.770800000000000374e-01
6.257399999999999629e-01,5.780499999999999527e-01,5.449000000000000510e-01,6.055000000000000382e-01,6.144199999999999662e-01,5.885000000000000231e-01,6.123199999999999754e-01,6.263800000000000479e-01,5.738199999999999967e-01,5.983000000000000540e-01,6.044399999999999773e-01,5.826599999999999557e-01,5.940699999999999870e-01,6.018499999999999961e-01,5.882600000000000051e-01,5.702099999999999946e-01,6.117099999999999760e-01,6.022199999999999775e-01,5.451099999999999834e-01,5.572599999999999776e-01,6.413699999999999957e-01,5.784899999999999487e-01,5.782599999999999962e-01,5.768799999999999484e-01,5.861499999999999488e-01,5.794399999999999551e-01,5.542099999999999804e-01,5.913100000000000023e-01,5.802300000000000235e-01,5.683200000000000474e-01,5.764299999999999979e-01,6.245800000000000241e-01,6.309700000000000308e-01,6.131699999999999928e-01,6.188299999999999912e-01,6.231999999999999762e-01,5.956500000000000128e-01,5.985800000000000010e-01,6.180999999999999828e-01,6.227000000000000313e-01,5.863599999999999923e-01,6.100900000000000212e-01,5.981499999999999595e-01,6.135000000000000453e-01,6.129900000000000349e-01,6.100799999999999557e-01,5.759699999999999820e-01,5.659399999999999986e-01,6.218000000000000194e-01,6.360500000000000043e-01,5.899400000000000199e-01,6.075000000000000400e-01,6.173499999999999543e-01,5.933100000000000041e-01,5.796999999999999931e-01,5.881399999999999961e-01,5.750600000000000156e-01,6.040499999999999758e-01,5.991100000000000314e-01,6.035300000000000109e-01,5.560599999999999987e-01,5.762300000000000200e-01,5.727200000000000069e-01,5.560699999999999532e-01,5.474200000000000177e-01,6.147200000000000442e-01,5.609199999999999742e-01,5.779600000000000293e-01,5.554400000000000448e-01,5.641800000000000148e-01,5.721300000000000274e-01,5.670399999999999885e-01,5.849800000000000555e-01,5.609399999999999942e-01,5.745900000000000452e-01,5.854899999999999549e-01
6.075800000000000090e-01,5.703200000000000491e-01,5.444799999999999640e-01,5.769499999999999629e-01,5.885000000000000231e-01,5.766499999999999959e-01,5.888400000000000301e-01,6.190200000000000147e-01,5.641800000000000148e-01,5.738799999999999457e-01,5.820800000000000418e-01,5.627900000000000125e-01,5.756299999999999750e-01,5.817299999999999693e-01,5.817200000000000149e-01,5.638900000000000023e-01,5.913300000000000223e-01,5.891600000000000170e-01,5.415799999999999503e-01,5.527100000000000346e-01,6.170299999999999674e-01,5.695400000000000462e-01,5.733200000000000518e-01,5.647600000000000398e-01,5.765700000000000269e-01,5.718800000000000550e-01,5.472099999999999742e-01,5.755299999999999860e-01,5.693700000000000427e-01,5.474999999999999867e-01,5.643399999999999528e-01,6.029200000000000115e-01,6.186000000000000387e-01,5.976200000000000401e-01,6.025700000000000500e-01,5.941800000000000415e-01,5.766099999999999559e-01,5.816599999999999548e-01,5.940699999999999870e-01,6.058999999999999941e-01,5.694799999999999862e-01,5.902399999999999869e-01,5.789600000000000302e-01,5.812699999999999534e-01,5.934399999999999675e-01,5.947200000000000264e-01,5.631199999999999539e-01,5.597800000000000553e-01,5.983399999999999830e-01,6.087900000000000533e-01,5.808499999999999774e-01,5.885200000000000431e-01,6.040499999999999758e-01,5.827400000000000357e-01,5.619300000000000406e-01,5.678600000000000314e-01,5.565499999999999892e-01,5.843599999999999905e-01,5.841399999999999926e-01,5.976099999999999746e-01,5.494599999999999485e-01,5.675000000000000044e-01,5.598699999999999788e-01,5.448300000000000365e-01,5.460199999999999498e-01,5.934399999999999675e-01,5.575499999999999901e-01,5.730100000000000193e-01,5.528300000000000436e-01,5.542300000000000004e-01,5.615900000000000336e-01,5.612399999999999611e-01,5.716700000000000115e-01,5.590699999999999559e-01,5.640899999999999803e-01,5.770800000000000374e-01
6.246800000000000130e-01,5.796299999999999786e-01,5.463000000000000078e-01,5.997500000000000053e-01,6.123199999999999754e-01,5.888400000000000301e-01,6.076300000000000034e-01,6.289799999999999836e-01,5.770600000000000174e-01,5.942300000000000360e-01,6.026399999999999535e-01,5.786099999999999577e-01,5.911999999999999478e-01,5.982199999999999740e-01,5.883899999999999686e-01,5.752699999999999481e-01,6.151100000000000456e-01,6.047299999999999898e-01,5.479500000000000481e-01,5.601899999999999658e-01,6.350299999999999834e-01,5.809600000000000319e-01,5.789800000000000502e-01,5.751399999999999846e-01,5.867299999999999738e-01,5.803899999999999615e-01,5.560599999999999987e-01,5.898999999999999799e-01,5.810199999999999809e-01,5.655799999999999716e-01,5.764899999999999469e-01,6.241499999999999826e-01,6.327599999999999891e-01,6.103100000000000191e-01,6.176300000000000123e-01,6.167399999999999549e-01,5.930699999999999861e-01,5.942499999999999449e-01,6.186899999999999622e-01,6.229799999999999782e-01,5.837999999999999856e-01,6.086599999999999788e-01,5.940699999999999870e-01,6.139999999999999902e-01,6.094199999999999617e-01,6.094600000000000017e-01,5.753000000000000336e-01,5.687299999999999578e-01,6.188500000000000112e-01,6.305300000000000349e-01,5.894200000000000550e-01,6.058999999999999941e-01,6.192299999999999471e-01,5.929499999999999771e-01,5.784099999999999797e-01,5.860800000000000454e-01,5.719499999999999584e-01,6.038499999999999979e-01,5.971999999999999531e-01,6.085199999999999498e-01,5.582000000000000295e-01,5.812000000000000499e-01,5.722300000000000164e-01,5.537100000000000355e-01,5.490300000000000180e-01,6.119200000000000195e-01,5.630800000000000249e-01,5.815000000000000169e-01,5.573500000000000121e-01,5.642800000000000038e-01,5.728699999999999903e-01,5.692399999999999682e-01,5.855099999999999749e-01,5.630600000000000049e-01,5.699899999999999967e-01,5.853800000000000114e-01
6.701399999999999579e-01,6.075099999999999945e-01,5.726999999999999869e-01,6.071900000000000075e-01,6.263800000000000479e-01,6.190200000000000147e-01,6.289799999999999836e-01,6.686900000000000066e-01,6.015500000000000291e-01,6.073600000000000110e-01,6.162800000000000500e-01,5.934700000000000530e-01,6.120400000000000285e-01,6.097900000000000542e-01,6.217000000000000304e-01,6.072400000000000020e-01,6.359099999999999753e-01,6.335199999999999720e-01,5.686200000000000143e-01,5.821600000000000108e-01,6.743900000000000450e-01,6.073499999999999455e-01,6.117500000000000160e-01,5.967700000000000227e-01,6.153800000000000381e-01,6.102199999999999847e-01,5.794300000000000006e-01,6.129999999999999893e-01,6.067099999999999715e-01,5.798999999999999710e-01,5.981899999999999995e-01,6.627499999999999503e-01,6.701899999999999524e-01,6.358800000000000008e-01,6.440500000000000114e-01,6.249700000000000255e-01,6.159900000000000375e-01,6.106899999999999551e-01,6.508500000000000396e-01,6.629199999999999537e-01,6.061100000000000376e-01,6.402600000000000513e-01,6.147799999999999931e-01,6.280900000000000372e-01,6.336100000000000065e-01,6.461799999999999766e-01,5.955899999999999528e-01,5.940800000000000525e-01,6.506699999999999706e-01,6.557199999999999696e-01,6.144899999999999807e-01,6.314999999999999503e-01,6.563099999999999490e-01,6.215600000000000014e-01,6.013300000000000312e-01,6.015500000000000291e-01,5.886599999999999611e-01,6.277399999999999647e-01,6.206399999999999695e-01,6.517600000000000060e-01,5.814300000000000024e-01,6.030299999999999550e-01,5.945799999999999974e-01,5.714299999999999935e-01,5.752000000000000446e-01,6.477199999999999624e-01,5.915899999999999492e-01,6.142800000000000482e-01,5.834399999999999586e-01,5.906500000000000083e-01,5.956200000000000383e-01,5.955099999999999838e-01,6.113499999999999490e-01,5.948499999999999899e-01,5.938700000000000090e-01,6.124399999999999844e-01
5.905599999999999739e-01,5.601899999999999658e-01,5.402200000000000335e-01,5.625000000000000000e-01,5.738199999999999967e-01,5.641800000000000148e-01,5.770600000000000174e-01,6.015500000000000291e-01,5.583500000000000130e-01,5.613799999999999901e-01,5.706700000000000106e-01,5.496900000000000119e-01,5.639699999999999713e-01,5.722899999999999654e-01,5.665799999999999725e-01,5.575099999999999500e-01,5.800199999999999800e-01,5.752699999999999481e-01,5.398399999999999865e-01,5.438600000000000101e-01,5.943399999999999794e-01,5.609800000000000342e-01,5.613700000000000356e-01,5.519100000000000117e-01,5.664599999999999635e-01,5.593000000000000194e-01,5.401099999999999790e-01,5.641100000000000003e-01,5.599899999999999878e-01,5.413099999999999579e-01,5.550199999999999578e-01,5.845099999999999740e-01,6.032699999999999729e-01,5.824599999999999778e-01,5.870699999999999807e-01,5.843800000000000106e-01,5.680800000000000294e-01,5.702199999999999491e-01,5.743099999999999872e-01,5.912899999999999823e-01,5.587199999999999944e-01,5.709899999999999975e-01,5.732399999999999718e-01,5.742099999999999982e-01,5.830300000000000482e-01,5.804700000000000415e-01,5.552099999999999813e-01,5.536699999999999955e-01,5.832800000000000207e-01,5.929499999999999771e-01,5.694599999999999662e-01,5.775200000000000333e-01,5.900199999999999889e-01,5.735099999999999643e-01,5.535499999999999865e-01,5.554099999999999593e-01,5.431700000000000417e-01,5.731899999999999773e-01,5.756999999999999895e-01,5.818200000000000038e-01,5.424400000000000333e-01,5.650300000000000322e-01,5.517400000000000082e-01,0.000000000000000000e+00,5.409199999999999564e-01,5.750399999999999956e-01,5.510399999999999743e-01,5.627699999999999925e-01,5.433700000000000196e-01,5.469600000000000017e-01,5.517800000000000482e-01,5.531800000000000050e-01,5.626400000000000290e-01,5.525099999999999456e-01,5.513900000000000468e-01,5.625400000000000400e-01
6.076399999999999579e-01,5.662800000000000056e-01,0.000000000000000000e+00,5.901300000000000434e-01,5.983000000000000540e-01,5.738799999999999457e-01,5.942300000000000360e-01,6.073600000000000110e-01,5.613799999999999901e-01,5.732599999999999918e-01,5.856999999999999984e-01,5.631899999999999684e-01,5.768199999999999994e-01,5.915700000000000403e-01,5.724500000000000144e-01,5.615299999999999736e-01,5.948200000000000154e-01,5.863000000000000433e-01,0.000000000000000000e+00,5.485600000000000476e-01,6.142400000000000082e-01,5.657799999999999496e-01,5.666400000000000325e-01,5.598300000000000498e-01,5.752199999999999536e-01,5.675499999999999989e-01,5.434200000000000141e-01,5.790899999999999936e-01,5.677600000000000424e-01,5.598899999999999988e-01,5.624900000000000455e-01,5.944199999999999484e-01,6.118999999999999995e-01,5.876099999999999657e-01,5.928600000000000536e-01,6.070600000000000440e-01,5.834599999999999786e-01,5.765599999999999614e-01,5.849900000000000100e-01,6.059200000000000141e-01,5.677299999999999569e-01,5.815900000000000514e-01,5.876299999999999857e-01,5.945599999999999774e-01,5.790100000000000247e-01,5.965799999999999992e-01,5.616600000000000481e-01,5.541500000000000314e-01,5.977099999999999635e-01,6.165699999999999514e-01,5.725900000000000434e-01,5.914099999999999913e-01,5.977999999999999980e-01,5.796000000000000041e-01,5.658800000000000496e-01,5.734599999999999698e-01,5.546600000000000419e-01,5.863599999999999923e-01,5.945599999999999774e-01,5.855900000000000549e-01,5.468199999999999728e-01,5.691300000000000248e-01,5.592000000000000304e-01,5.466199999999999948e-01,0.000000000000000000e+00,5.976900000000000546e-01,5.537100000000000355e-01,5.638499999999999623e-01,5.400700000000000500e-01,5.534499999999999975e-01,5.584599999999999564e-01,5.549399999999999888e-01,5.744599999999999707e-01,5.546600000000000419e-01,5.689999999999999503e-01,5.718900000000000095e-01
6.151299999999999546e-01,5.732899999999999663e-01,5.496600000000000374e-01,5.964399999999999702e-01,6.044399999999999773e-01,5.820800000000000418e-01,6.026399999999999535e-01,6.162800000000000500e-01,5.706700000000000106e-01,5.856999999999999984e-01,5.948400000000000354e-01,5.743099999999999872e-01,5.845000000000000195e-01,5.962499999999999467e-01,5.869999999999999662e-01,5.676200000000000134e-01,6.006599999999999717e-01,5.944899999999999629e-01,5.470699999999999452e-01,5.556600000000000428e-01,6.272600000000000398e-01,5.736700000000000133e-01,5.739699999999999802e-01,5.721300000000000274e-01,5.808999999999999719e-01,5.742699999999999472e-01,5.509300000000000308e-01,5.844700000000000450e-01,5.755599999999999605e-01,5.582000000000000295e-01,5.709300000000000486e-01,6.151499999999999746e-01,6.293999999999999595e-01,6.059799999999999631e-01,6.116700000000000470e-01,6.121400000000000174e-01,5.907499999999999973e-01,5.858299999999999619e-01,6.046099999999999808e-01,6.186300000000000132e-01,5.792599999999999971e-01,5.940499999999999670e-01,5.920499999999999652e-01,6.079700000000000104e-01,6.003800000000000248e-01,5.984899999999999665e-01,5.699300000000000477e-01,5.645700000000000163e-01,6.143899999999999917e-01,6.263400000000000079e-01,5.863099999999999978e-01,6.003199999999999648e-01,6.111100000000000421e-01,5.873199999999999532e-01,5.715799999999999770e-01,5.796400000000000441e-01,5.656600000000000517e-01,5.947500000000000009e-01,5.973899999999999766e-01,6.020600000000000396e-01,5.535900000000000265e-01,5.728499999999999703e-01,5.670699999999999630e-01,5.515600000000000502e-01,5.472000000000000197e-01,6.061499999999999666e-01,5.608199999999999852e-01,5.757499999999999840e-01,5.524599999999999511e-01,5.613799999999999901e-01,5.656700000000000061e-01,5.637799999999999478e-01,5.802000000000000490e-01,5.606400000000000272e-01,5.693300000000000027e-01,5.804599999999999760e-01
5.974399999999999711e-01,5.575999999999999845e-01,0.000000000000000000e+00,5.800199999999999800e-01,5.826599999999999557e-01,5.627900000000000125e-01,5.786099999999999577e-01,5.934700000000000530e-01,5.496900000000000119e-01,5.631899999999999684e-01,5.743099999999999872e-01,5.638999999999999568e-01,5.663700000000000401e-01,5.740600000000000147e-01,5.701300000000000257e-01,5.457800000000000429e-01,5.776400000000000423e-01,5.717299999999999605e-01,0.000000000000000000e+00,0.000000000000000000e+00,6.063600000000000101e-01,5.517800000000000482e-01,5.568800000000000416e-01,5.583500000000000130e-01,5.587600000000000344e-01,5.579399999999999915e-01,0.000000000000000000e+00,5.635299999999999754e-01,5.528300000000000436e-01,5.408399999999999874e-01,5.544299999999999784e-01,5.831300000000000372e-01,6.037299999999999889e-01,5.927099999999999591e-01,5.900699999999999834e-01,5.898900000000000254e-01,5.654200000000000337e-01,5.710899999999999865e-01,5.786000000000000032e-01,5.957500000000000018e-01,5.701300000000000257e-01,5.820199999999999818e-01,5.577299999999999480e-01,5.792100000000000026e-01,5.742899999999999672e-01,5.866700000000000248e-01,5.490800000000000125e-01,5.456499999999999684e-01,5.873000000000000442e-01,5.987099999999999644e-01,5.635900000000000354e-01,5.773899999999999588e-01,5.912399999999999878e-01,5.623000000000000220e-01,5.540800000000000169e-01,5.616700000000000026e-01,5.599699999999999678e-01,5.737900000000000222e-01,5.663099999999999801e-01,5.816999999999999948e-01,0.000000000000000000e+00,5.488300000000000400e-01,5.476999999999999647e-01,0.000000000000000000e+00,0.000000000000000000e+00,5.890499999999999625e-01,5.406199999999999894e-01,5.552000000000000268e-01,0.000000000000000000e+00,0.000000000000000000e+00,5.500699999999999479e-01,5.439500000000000446e-01,5.582399999999999585e-01,5.401500000000000190e-01,5.493200000000000305e-01,5.646999999999999797e-01
6.070200000000000040e-01,5.672700000000000520e-01,5.429800000000000182e-01,5.847299999999999720e-01,5.940699999999999870e-01,5.756299999999999750e-01,5.911999999999999478e-01,6.120400000000000285e-01,5.639699999999999713e-01,5.768199999999999994e-01,5.845000000000000195e-01,5.663700000000000401e-01,5.762300000000000200e-01,5.822500000000000453e-01,5.765900000000000469e-01,5.631099999999999994e-01,5.965099999999999847e-01,5.886400000000000521e-01,5.397600000000000176e-01,5.498100000000000209e-01,6.164699999999999624e-01,5.679800000000000404e-01,5.675400000000000444e-01,5.632599999999999829e-01,5.735299999999999843e-01,5.681199999999999584e-01,5.459500000000000464e-01,5.752099999999999991e-01,5.672500000000000320e-01,5.518600000000000172e-01,5.639699999999999713e-01,6.032699999999999729e-01,6.148299999999999876e-01,5.962800000000000322e-01,6.016299999999999981e-01,5.978700000000000125e-01,5.784599999999999742e-01,5.818299999999999583e-01,5.959400000000000253e-01,6.045500000000000318e-01,5.711800000000000210e-01,5.912100000000000133e-01,5.790699999999999736e-01,5.905799999999999939e-01,5.926200000000000356e-01,5.954399999999999693e-01,5.630300000000000304e-01,5.595400000000000373e-01,6.003100000000000103e-01,6.104300000000000281e-01,5.770600000000000174e-01,5.900400000000000089e-01,6.041499999999999648e-01,5.801399999999999890e-01,5.652500000000000302e-01,5.713099999999999845e-01,5.600199999999999623e-01,5.868400000000000283e-01,5.817299999999999693e-01,5.929799999999999516e-01,5.476999999999999647e-01,5.688699999999999868e-01,5.591599999999999904e-01,5.461200000000000498e-01,5.407100000000000239e-01,5.959100000000000508e-01,5.534200000000000230e-01,5.692399999999999682e-01,5.474499999999999922e-01,5.536100000000000465e-01,5.611599999999999921e-01,5.581899999999999640e-01,5.724500000000000144e-01,5.538899999999999935e-01,5.596299999999999608e-01,5.729999999999999538e-01
5.973100000000000076e-01,5.768299999999999539e-01,5.453200000000000269e-01,5.953199999999999603e-01,6.018499999999999961e-01,5.817299999999999693e-01,5.982199999999999740e-01,6.097900000000000542e-01,5.722899999999999654e-01,5.915700000000000403e-01,5.962499999999999467e-01,5.740600000000000147e-01,5.822500000000000453e-01,5.897799999999999709e-01,5.754599999999999715e-01,5.641399999999999748e-01,6.082699999999999774e-01,5.911999999999999478e-01,5.486900000000000110e-01,5.545900000000000274e-01,6.222100000000000408e-01,5.728900000000000103e-01,5.710100000000000176e-01,5.704900000000000526e-01,5.793199999999999461e-01,5.713500000000000245e-01,5.520699999999999497e-01,5.814399999999999569e-01,5.743200000000000527e-01,5.615099999999999536e-01,5.660199999999999676e-01,6.075300000000000145e-01,6.175899999999999723e-01,5.977700000000000236e-01,6.042199999999999793e-01,6.117099999999999760e-01,5.887000000000000011e-01,5.955599999999999783e-01,6.051199999999999912e-01,6.022899999999999920e-01,5.801600000000000090e-01,6.021100000000000341e-01,5.954700000000000548e-01,6.099900000000000322e-01,6.112400000000000055e-01,5.888600000000000501e-01,5.748100000000000431e-01,5.618800000000000461e-01,6.113499999999999490e-01,6.209099999999999620e-01,5.844000000000000306e-01,5.963600000000000012e-01,6.107299999999999951e-01,5.878400000000000292e-01,5.741399999999999837e-01,5.789100000000000357e-01,5.640699999999999603e-01,5.910900000000000043e-01,5.921300000000000452e-01,5.921499999999999542e-01,5.547100000000000364e-01,5.723300000000000054e-01,5.664500000000000091e-01,5.538899999999999935e-01,5.449600000000000000e-01,5.983500000000000485e-01,5.567999999999999616e-01,5.704799999999999871e-01,5.495900000000000230e-01,5.609100000000000197e-01,5.652300000000000102e-01,5.617999999999999661e-01,5.752899999999999681e-01,5.569899999999999851e-01,5.667900000000000160e-01,5.764700000000000379e-01
6.157700000000000395e-01,5.693899999999999517e-01,5.473500000000000032e-01,5.791600000000000081e-01,5.882500000000000506e-01,5.817200000000000149e-01,5.883899999999999686e-01,6.217000000000000304e-01,5.665799999999999725e-01,5.724500000000000144e-01,5.869999999999999662e-01,5.701300000000000257e-01,5.765900000000000469e-01,5.754500000000000171e-01,5.841899999999999871e-01,5.597100000000000408e-01,5.880600000000000271e-01,5.851100000000000190e-01,5.462000000000000188e-01,5.529100000000000126e-01,6.165000000000000480e-01,5.682899999999999618e-01,5.730699999999999683e-01,5.769999999999999574e-01,5.708400000000000141e-01,5.726999999999999869e-01,5.491599999999999815e-01,5.711899999999999755e-01,5.700800000000000312e-01,5.456199999999999939e-01,5.662800000000000056e-01,6.050400000000000222e-01,6.262799999999999478e-01,6.018599999999999506e-01,6.083300000000000374e-01,5.849199999999999955e-01,5.709800000000000431e-01,5.874200000000000532e-01,6.002699999999999703e-01,6.079499999999999904e-01,5.719100000000000295e-01,6.044699999999999518e-01,5.702899999999999636e-01,5.812199999999999589e-01,5.924500000000000322e-01,5.955500000000000238e-01,5.627299999999999525e-01,5.579399999999999915e-01,6.012699999999999712e-01,6.068400000000000460e-01,5.811699999999999644e-01,5.886299999999999866e-01,6.039299999999999669e-01,5.794300000000000006e-01,5.601300000000000168e-01,5.716499999999999915e-01,5.660899999999999821e-01,5.869900000000000118e-01,5.750499999999999501e-01,6.050799999999999512e-01,5.521000000000000352e-01,5.657299999999999551e-01,5.595900000000000318e-01,5.461099999999999843e-01,5.447300000000000475e-01,5.974000000000000421e-01,5.574099999999999611e-01,5.728699999999999903e-01,5.609100000000000197e-01,5.538100000000000245e-01,5.624000000000000110e-01,5.596700000000000008e-01,5.682500000000000329e-01,5.550899999999999723e-01,5.554499999999999993e-01,5.786900000000000377e-01
5.939299999999999580e-01,5.563299999999999912e-01,0.000000000000000000e+00,5.567999999999999616e-01,5.702099999999999946e-01,5.638900000000000023e-01,5.752699999999999481e-01,6.072400000000000020e-01,5.575099999999999500e-01,5.615299999999999736e-01,5.676200000000000134e-01,5.457800000000000429e-01,5.631099999999999994e-01,5.641399999999999748e-01,5.597100000000000408e-01,5.569399999999999906e-01,5.868400000000000283e-01,5.781500000000000528e-01,0.000000000000000000e+00,5.442500000000000115e-01,5.954000000000000403e-01,5.599800000000000333e-01,5.600600000000000023e-01,5.541000000000000369e-01,5.648600000000000287e-01,5.564299999999999802e-01,0.000000000000000000e+00,5.612599999999999811e-01,5.587699999999999889e-01,0.000000000000000000e+00,5.485400000000000276e-01,5.890400000000000080e-01,6.094800000000000217e-01,5.778200000000000003e-01,5.860400000000000054e-01,5.759199999999999875e-01,5.633599999999999719e-01,5.693300000000000027e-01,5.822500000000000453e-01,5.897599999999999509e-01,5.538399999999999990e-01,5.735799999999999788e-01,5.712199999999999500e-01,5.779400000000000093e-01,5.871899999999999897e-01,5.795400000000000551e-01,5.547100000000000364e-01,5.496400000000000174e-01,5.890300000000000535e-01,5.915200000000000458e-01,5.681100000000000039e-01,5.760899999999999910e-01,5.953199999999999603e-01,5.707699999999999996e-01,5.529100000000000126e-01,5.539899999999999824e-01,5.401500000000000190e-01,5.710199999999999720e-01,5.748799999999999466e-01,5.853399999999999714e-01,5.431500000000000217e-01,5.609699999999999687e-01,5.523599999999999621e-01,0.000000000000000000e+00,0.000000000000000000e+00,5.738199999999999967e-01,5.492799999999999905e-01,5.614200000000000301e-01,0.000000000000000000e+00,5.477600000000000247e-01,5.482599999999999696e-01,5.532700000000000395e-01,5.601899999999999658e-01,5.517300000000000537e-01,5.492399999999999505e-01,5.612500000000000266e-01
6.296300000000000230e-01,5.840999999999999526e-01,5.543200000000000349e-01,5.978799999999999670e-01,6.117099999999999760e-01,5.913300000000000223e-01,6.151100000000000456e-01,6.359099999999999753e-01,5.800199999999999800e-01,5.948200000000000154e-01,6.006599999999999717e-01,5.776400000000000423e-01,5.965099999999999847e-01,6.082699999999999774e-01,5.880600000000000271e-01,5.868400000000000283e-01,6.200499999999999901e-01,6.110100000000000531e-01,5.500199999999999534e-01,5.672399999999999665e-01,6.369700000000000362e-01,5.863599999999999923e-01,5.864599999999999813e-01,5.716599999999999460e-01,5.998099999999999543e-01,5.858200000000000074e-01,5.600300000000000278e-01,5.983600000000000030e-01,5.869699999999999918e-01,5.743200000000000527e-01,5.784899999999999487e-01,6.281400000000000317e-01,6.426500000000000545e-01,6.133300000000000418e-01,6.187899999999999512e-01,6.287399999999999656e-01,6.025700000000000500e-01,5.957700000000000218e-01,6.146300000000000097e-01,6.260900000000000354e-01,5.778999999999999693e-01,5.905500000000000194e-01,6.106899999999999551e-01,6.086099999999999843e-01,6.123499999999999499e-01,6.180799999999999628e-01,5.796499999999999986e-01,5.743200000000000527e-01,6.216399999999999704e-01,6.376699999999999591e-01,5.976299999999999946e-01,6.105000000000000426e-01,6.288099999999999801e-01,6.030200000000000005e-01,5.860800000000000454e-01,5.847999999999999865e-01,5.668600000000000305e-01,6.073600000000000110e-01,6.141199999999999992e-01,6.093100000000000183e-01,5.647699999999999942e-01,5.924700000000000522e-01,5.794200000000000461e-01,5.562700000000000422e-01,5.603599999999999692e-01,6.134300000000000308e-01,5.726999999999999869e-01,5.860400000000000054e-01,5.533200000000000340e-01,5.697600000000000442e-01,5.768900000000000139e-01,5.769499999999999629e-01,5.933199999999999585e-01,5.779499999999999638e-01,5.878999999999999782e-01,5.872600000000000042e-01
6.193800000000000416e-01,5.778200000000000003e-01,5.479100000000000081e-01,5.918700000000000072e-01,6.022199999999999775e-01,5.891600000000000170e-01,6.047299999999999898e-01,6.335199999999999720e-01,5.752699999999999481e-01,5.863000000000000433e-01,5.944899999999999629e-01,5.717299999999999605e-01,5.886400000000000521e-01,5.911999999999999478e-01,5.851100000000000190e-01,5.781500000000000528e-01,6.110100000000000531e-01,6.027500000000000080e-01,5.429100000000000037e-01,5.599800000000000333e-01,6.295100000000000140e-01,5.812300000000000244e-01,5.808100000000000485e-01,5.699499999999999567e-01,5.876700000000000257e-01,5.793000000000000371e-01,5.544900000000000384e-01,5.853599999999999914e-01,5.788299999999999557e-01,5.587299999999999489e-01,5.734399999999999498e-01,6.187099999999999822e-01,6.320799999999999752e-01,6.089700000000000113e-01,6.143999999999999462e-01,6.074600000000000000e-01,5.898299999999999654e-01,5.927599999999999536e-01,6.107599999999999696e-01,6.196300000000000141e-01,5.781100000000000128e-01,6.017700000000000271e-01,5.922399999999999887e-01,6.065300000000000136e-01,6.015099999999999891e-01,6.088000000000000078e-01,5.741699999999999582e-01,5.683799999999999963e-01,6.161200000000000010e-01,6.229500000000000037e-01,5.895700000000000385e-01,6.002199999999999758e-01,6.213699999999999779e-01,5.921800000000000397e-01,5.745999999999999996e-01,5.788400000000000212e-01,5.634099999999999664e-01,5.989900000000000224e-01,5.968999999999999861e-01,6.075399999999999689e-01,5.604500000000000037e-01,5.788299999999999557e-01,5.720300000000000384e-01,5.521899999999999586e-01,5.530800000000000161e-01,6.045899999999999608e-01,5.646499999999999853e-01,5.818999999999999728e-01,5.542799999999999949e-01,5.625499999999999945e-01,5.709699999999999775e-01,5.695900000000000407e-01,5.834799999999999986e-01,5.667400000000000215e-01,5.701899999999999746e-01,5.841800000000000326e-01
5.581599999999999895e-01,0.000000000000000000e+00,0.000000000000000000e+00,0.000000000000000000e+00,5.451099999999999834e-01,5.415799999999999503e-01,5.479500000000000481e-01,5.686200000000000143e-01,5.398399999999999865e-01,0.000000000000000000e+00,5.470699999999999452e-01,0.000000000000000000e+00,5.397499999999999520e-01,5.486900000000000110e-01,5.462000000000000188e-01,0.000000000000000000e+00,5.500199999999999534e-01,5.429100000000000037e-01,0.000000000000000000e+00,0.000000000000000000e+00,5.605799999999999672e-01,0.000000000000000000e+00,0.000000000000000000e+00,0.000000000000000000e+00,5.400800000000000045e-01,0.000000000000000000e+00,0.000000000000000000e+00,5.399599999999999955e-01,0.000000000000000000e+00,0.000000000000000000e+00,0.000000000000000000e+00,5.498399999999999954e-01,5.678600000000000314e-01,5.486699999999999910e-01,5.545200000000000129e-01,5.552099999999999813e-01,5.408600000000000074e-01,5.487199999999999855e-01,5.437199999999999811e-01,5.585499999999999909e-01,0.000000000000000000e+00,5.467899999999999983e-01,5.506499999999999728e-01,5.432599999999999651e-01,5.572200000000000486e-01,5.445799999999999530e-01,0.000000000000000000e+00,0.000000000000000000e+00,5.511399999999999633e-01,5.626600000000000490e-01,5.454299999999999704e-01,5.516699999999999937e-01,5.575999999999999845e-01,5.511000000000000343e-01,0.000000000000000000e+00,0.000000000000000000e+00,0.000000000000000000e+00,5.480199999999999516e-01,5.526400000000000201e-01,5.516699999999999937e-01,0.000000000000000000e+00,5.414900000000000269e-01,0.000000000000000000e+00,0.000000000000000000e+00,0.000000000000000000e+00,5.462500000000000133e-01,0.000000000000000000e+00,0.000000000000000000e+00,0.000000000000000000e+00,0.000000000000000000e+00,0.000000000000000000e+00,0.000000000000000000e+00,0.000000000000000000e+00,0.000000000000000000e+00,0.000000000000000000e+00,0.000000000000000000e+00
5.682599999999999874e-01,5.483200000000000296e-01,0.000000000000000000e+00,5.524400000000000421e-01,5.572599999999999776e-01,5.527100000000000346e-01,5.601899999999999658e-01,5.821600000000000108e-01,5.438600000000000101e-01,5.485600000000000476e-01,5.556600000000000428e-01,0.000000000000000000e+00,5.498100000000000209e-01,5.545900000000000274e-01,5.529100000000000126e-01,5.442500000000000115e-01,5.672399999999999665e-01,5.599800000000000333e-01,0.000000000000000000e+00,0.000000000000000000e+00,5.776499999999999968e-01,5.479399999999999826e-01,5.488499999999999490e-01,0.000000000000000000e+00,5.498499999999999499e-01,5.466600000000000348e-01,0.000000000000000000e+00,5.480599999999999916e-01,5.464999999999999858e-01,0.000000000000000000e+00,5.421700000000000408e-01,5.647999999999999687e-01,5.800699999999999745e-01,5.673500000000000210e-01,5.703899999999999526e-01,5.645200000000000218e-01,5.524099999999999566e-01,5.572300000000000031e-01,5.556400000000000228e-01,5.709400000000000031e-01,5.481000000000000316e-01,5.635599999999999499e-01,5.575799999999999645e-01,5.583900000000000530e-01,5.661000000000000476e-01,5.615099999999999536e-01,5.442099999999999715e-01,5.423799999999999732e-01,5.658600000000000296e-01,5.737900000000000222e-01,5.545799999999999619e-01,5.599800000000000333e-01,5.721000000000000529e-01,5.584599999999999564e-01,5.411899999999999489e-01,5.440199999999999481e-01,0.000000000000000000e+00,5.571300000000000141e-01,5.598199999999999843e-01,5.661800000000000166e-01,0.000000000000000000e+00,5.469600000000000017e-01,0.000000000000000000e+00,0.000000000000000000e+00,0.000000000000000000e+00,5.581899999999999640e-01,0.000000000000000000e+00,5.494900000000000340e-01,0.000000000000000000e+00,0.000000000000000000e+00,5.409399999999999764e-01,5.409599999999999964e-01,5.477999999999999536e-01,0.000000000000000000e+00,0.000000000000000000e+00,5.491099999999999870e-01
6.624200000000000088e-01,6.007500000000000062e-01,5.639600000000000168e-01,6.320799999999999752e-01,6.413699999999999957e-01,6.170200000000000129e-01,6.350299999999999834e-01,6.743900000000000450e-01,5.943399999999999794e-01,6.142400000000000082e-01,6.272600000000000398e-01,6.063600000000000101e-01,6.164699999999999624e-01,6.222100000000000408e-01,6.165000000000000480e-01,5.954000000000000403e-01,6.369700000000000362e-01,6.295100000000000140e-01,5.605799999999999672e-01,5.776499999999999968e-01,6.762799999999999923e-01,5.993899999999999784e-01,6.075199999999999489e-01,6.024399999999999755e-01,6.101299999999999502e-01,6.062899999999999956e-01,5.744799999999999907e-01,6.122400000000000064e-01,6.029900000000000260e-01,5.819100000000000383e-01,5.970800000000000551e-01,6.603299999999999725e-01,6.713900000000000423e-01,6.435600000000000209e-01,6.495499999999999607e-01,6.465499999999999581e-01,6.208099999999999730e-01,6.198500000000000121e-01,6.539000000000000368e-01,6.569399999999999684e-01,6.122400000000000064e-01,6.469899999999999540e-01,6.148299999999999876e-01,6.346699999999999564e-01,6.267500000000000293e-01,6.414299999999999446e-01,5.933899999999999730e-01,5.836999999999999966e-01,6.533600000000000518e-01,6.632400000000000517e-01,6.156899999999999595e-01,6.323199999999999932e-01,6.536499999999999533e-01,6.145399999999999752e-01,5.980100000000000415e-01,6.088999999999999968e-01,5.979400000000000270e-01,6.311400000000000343e-01,6.170600000000000529e-01,6.429200000000000470e-01,5.788299999999999557e-01,5.926700000000000301e-01,5.970299999999999496e-01,5.739400000000000057e-01,5.685200000000000253e-01,6.496399999999999952e-01,5.834700000000000442e-01,6.045700000000000518e-01,5.774500000000000188e-01,5.794300000000000006e-01,5.937099999999999600e-01,5.877900000000000347e-01,6.062400000000000011e-01,5.848700000000000010e-01,5.944300000000000139e-01,6.127399999999999514e-01
