5.903399999999999759e-01,0.000000000000000000e+00,5.457800000000000429e-01,5.786499999999999977e-01,5.920999999999999597e-01,5.735500000000000043e-01,5.934399999999999675e-01,5.948999999999999844e-01,5.595299999999999718e-01,5.734299999999999953e-01,5.786400000000000432e-01,5.838499999999999801e-01,5.796499999999999986e-01,5.710199999999999720e-01,5.415400000000000214e-01,5.427199999999999802e-01,5.679100000000000259e-01,0.000000000000000000e+00,0.000000000000000000e+00,0.000000000000000000e+00,5.880100000000000326e-01,5.397699999999999720e-01,5.624299999999999855e-01,5.875399999999999512e-01,5.427699999999999747e-01,5.589800000000000324e-01,5.543200000000000349e-01,5.620000000000000551e-01,5.447600000000000220e-01,5.509800000000000253e-01,5.671500000000000430e-01,5.926900000000000501e-01,5.954199999999999493e-01,5.929299999999999571e-01,5.995000000000000329e-01,5.860199999999999854e-01,5.782800000000000162e-01,5.848600000000000465e-01,5.974399999999999711e-01,5.962399999999999922e-01,5.993899999999999784e-01,6.153800000000000381e-01,5.900499999999999634e-01,5.692899999999999627e-01,6.012699999999999712e-01,5.750300000000000411e-01,0.000000000000000000e+00,5.494400000000000395e-01,5.489399999999999835e-01,5.793000000000000371e-01,5.631399999999999739e-01,5.731899999999999773e-01,5.965799999999999992e-01,5.642300000000000093e-01,5.782599999999999962e-01,5.609899999999999887e-01,5.880300000000000527e-01,5.805399999999999450e-01,5.902699999999999614e-01,5.720699999999999674e-01,5.412900000000000489e-01,5.778600000000000403e-01,5.609899999999999887e-01,5.478399999999999936e-01,0.000000000000000000e+00,5.791600000000000081e-01,0.000000000000000000e+00,5.586299999999999599e-01,5.838700000000000001e-01,5.490000000000000435e-01,5.599600000000000133e-01,0.000000000000000000e+00,5.541500000000000314e-01,5.467800000000000438e-01,0.000000000000000000e+00,5.681300000000000239e-01
0.000000000000000000e+00,0.000000000000000000e+00,0.000000000000000000e+00,0.000000000000000000e+00,5.420899999999999608e-01,0.000000000000000000e+00,5.414700000000000069e-01,5.502500000000000169e-01,0.000000000000000000e+00,0.000000000000000000e+00,0.000000000000000000e+00,0.000000000000000000e+00,0.000000000000000000e+00,0.000000000000000000e+00,0.000000000000000000e+00,0.000000000000000000e+00,0.000000000000000000e+00,0.000000000000000000e+00,0.000000000000000000e+00,0.000000000000000000e+00,0.000000000000000000e+00,0.000000000000000000e+00,0.000000000000000000e+00,0.000000000000000000e+00,0.000000000000000000e+00,0.000000000000000000e+00,0.000000000000000000e+00,0.000000000000000000e+00,0.000000000000000000e+00,0.000000000000000000e+00,0.000000000000000000e+00,5.413700000000000179e-01,5.486900000000000110e-01,5.416499999999999648e-01,5.464700000000000113e-01,5.406499999999999639e-01,0.000000000000000000e+00,0.000000000000000000e+00,5.487800000000000455e-01,5.516199999999999992e-01,5.465600000000000458e-01,5.590000000000000524e-01,5.455999999999999739e-01,0.000000000000000000e+00,5.431000000000000272e-01,0.000000000000000000e+00,0.000000000000000000e+00,0.000000000000000000e+00,0.000000000000000000e+00,0.000000000000000000e+00,0.000000000000000000e+00,0.000000000000000000e+00,5.467400000000000038e-01,0.000000000000000000e+00,0.000000000000000000e+00,0.000000000000000000e+00,0.000000000000000000e+00,0.000000000000000000e+00,5.459100000000000064e-01,0.000000000000000000e+00,0.000000000000000000e+00,0.000000000000000000e+00,0.000000000000000000e+00,0.000000000000000000e+00,0.000000000000000000e+00,0.000000000000000000e+00,0.000000000000000000e+00,0.000000000000000000e+00,0.000000000000000000e+00,0.000000000000000000e+00,0.000000000000000000e+00,0.000000000000000000e+00,0.000000000000000000e+00,0.000000000000000000e+00,0.000000000000000000e+00,0.000000000000000000e+00
5.457800000000000429e-01,0.000000000000000000e+00,0.000000000000000000e+00,5.418600000000000083e-01,5.421000000000000263e-01,5.403599999999999515e-01,5.415499999999999758e-01,5.474200000000000177e-01,0.000000000000000000e+00,0.000000000000000000e+00,0.000000000000000000e+00,0.000000000000000000e+00,0.000000000000000000e+00,0.000000000000000000e+00,0.000000000000000000e+00,0.000000000000000000e+00,0.000000000000000000e+00,0.000000000000000000e+00,0.000000000000000000e+00,0.000000000000000000e+00,0.000000000000000000e+00,0.000000000000000000e+00,0.000000000000000000e+00,5.436400000000000121e-01,0.000000000000000000e+00,0.000000000000000000e+00,0.000000000000000000e+00,0.000000000000000000e+00,0.000000000000000000e+00,0.000000000000000000e+00,0.000000000000000000e+00,0.000000000000000000e+00,5.564599999999999547e-01,5.493000000000000105e-01,5.498800000000000354e-01,5.469100000000000072e-01,0.000000000000000000e+00,5.512399999999999523e-01,5.406999999999999584e-01,5.586799999999999544e-01,5.594200000000000284e-01,5.642000000000000348e-01,5.471300000000000052e-01,0.000000000000000000e+00,5.617799999999999461e-01,0.000000000000000000e+00,0.000000000000000000e+00,0.000000000000000000e+00,0.000000000000000000e+00,0.000000000000000000e+00,0.000000000000000000e+00,0.000000000000000000e+00,5.452099999999999724e-01,0.000000000000000000e+00,0.000000000000000000e+00,0.000000000000000000e+00,0.000000000000000000e+00,0.000000000000000000e+00,5.486699999999999910e-01,5.479000000000000536e-01,0.000000000000000000e+00,5.419500000000000428e-01,0.000000000000000000e+00,0.000000000000000000e+00,0.000000000000000000e+00,0.000000000000000000e+00,0.000000000000000000e+00,0.000000000000000000e+00,0.000000000000000000e+00,0.000000000000000000e+00,0.000000000000000000e+00,0.000000000000000000e+00,0.000000000000000000e+00,0.000000000000000000e+00,0.000000000000000000e+00,0.000000000000000000e+00
5.786499999999999977e-01,0.000000000000000000e+00,5.418699999999999628e-01,5.757900000000000240e-01,5.861499999999999488e-01,5.713799999999999990e-01,5.808699999999999974e-01,5.831199999999999717e-01,5.599399999999999933e-01,5.653399999999999537e-01,5.673899999999999499e-01,5.755599999999999605e-01,5.744599999999999707e-01,5.657799999999999496e-01,5.460099999999999953e-01,0.000000000000000000e+00,5.611099999999999977e-01,0.000000000000000000e+00,0.000000000000000000e+00,0.000000000000000000e+00,5.749499999999999611e-01,0.000000000000000000e+00,5.590100000000000069e-01,5.736400000000000388e-01,5.429800000000000182e-01,5.564200000000000257e-01,5.552300000000000013e-01,5.584099999999999620e-01,5.502200000000000424e-01,5.541099999999999914e-01,5.578699999999999770e-01,5.883599999999999941e-01,5.985399999999999610e-01,5.892399999999999860e-01,5.893500000000000405e-01,5.801800000000000290e-01,5.815200000000000369e-01,5.713200000000000500e-01,5.960299999999999487e-01,5.997200000000000308e-01,5.950999999999999623e-01,6.045899999999999608e-01,5.908200000000000118e-01,5.753399999999999626e-01,5.954899999999999638e-01,5.433000000000000052e-01,0.000000000000000000e+00,5.533500000000000085e-01,5.428300000000000347e-01,5.753000000000000336e-01,5.566699999999999982e-01,5.664700000000000291e-01,5.895799999999999930e-01,5.555299999999999683e-01,5.630699999999999594e-01,5.628699999999999815e-01,5.729699999999999793e-01,5.736599999999999477e-01,5.913000000000000478e-01,5.738600000000000367e-01,5.545700000000000074e-01,5.715700000000000225e-01,5.589199999999999724e-01,5.481399999999999606e-01,0.000000000000000000e+00,5.757100000000000550e-01,0.000000000000000000e+00,5.606600000000000472e-01,5.688699999999999868e-01,5.525299999999999656e-01,5.590199999999999614e-01,0.000000000000000000e+00,5.508999999999999453e-01,5.452599999999999669e-01,0.000000000000000000e+00,5.664700000000000291e-01
5.920999999999999597e-01,5.420899999999999608e-01,5.421000000000000263e-01,5.861499999999999488e-01,5.968999999999999861e-01,5.815299999999999914e-01,5.946599999999999664e-01,6.010999999999999677e-01,5.670800000000000285e-01,5.810899999999999954e-01,5.778100000000000458e-01,5.858200000000000074e-01,5.871699999999999697e-01,5.747400000000000286e-01,5.556699999999999973e-01,5.482200000000000406e-01,5.724500000000000144e-01,5.432099999999999707e-01,0.000000000000000000e+00,5.415900000000000158e-01,5.922300000000000342e-01,5.456199999999999939e-01,5.680399999999999894e-01,5.882699999999999596e-01,5.503900000000000459e-01,5.656099999999999461e-01,5.616100000000000536e-01,5.688199999999999923e-01,5.578300000000000480e-01,5.637900000000000134e-01,5.668199999999999905e-01,6.033800000000000274e-01,6.095199999999999507e-01,5.999299999999999633e-01,6.060699999999999976e-01,5.971499999999999586e-01,5.947599999999999554e-01,5.825700000000000323e-01,6.121299999999999519e-01,6.063199999999999701e-01,6.004800000000000137e-01,6.192299999999999471e-01,5.999799999999999578e-01,5.836000000000000076e-01,5.994099999999999984e-01,5.488600000000000145e-01,5.432000000000000162e-01,5.608300000000000507e-01,5.502200000000000424e-01,5.870499999999999607e-01,5.681599999999999984e-01,5.786799999999999722e-01,6.016899999999999471e-01,5.644099999999999673e-01,5.792699999999999516e-01,5.691899999999999737e-01,5.862699999999999578e-01,5.867599999999999483e-01,5.985099999999999865e-01,5.814000000000000279e-01,5.579199999999999715e-01,5.883399999999999741e-01,5.662500000000000311e-01,5.528499999999999526e-01,0.000000000000000000e+00,5.876400000000000512e-01,0.000000000000000000e+00,5.674400000000000555e-01,5.786000000000000032e-01,5.578400000000000025e-01,5.656700000000000061e-01,0.000000000000000000e+00,5.607799999999999452e-01,5.532200000000000450e-01,0.000000000000000000e+00,5.728699999999999903e-01
5.735400000000000498e-01,0.000000000000000000e+00,5.403599999999999515e-01,5.713799999999999990e-01,5.815299999999999914e-01,5.678499999999999659e-01,5.793899999999999606e-01,5.849999999999999645e-01,5.574400000000000466e-01,5.601399999999999713e-01,5.630100000000000104e-01,5.658499999999999641e-01,5.711300000000000265e-01,5.640600000000000058e-01,5.481700000000000461e-01,0.000000000000000000e+00,5.536499999999999755e-01,0.000000000000000000e+00,0.000000000000000000e+00,0.000000000000000000e+00,5.704200000000000381e-01,0.000000000000000000e+00,5.609800000000000342e-01,5.718900000000000095e-01,5.431799999999999962e-01,5.542799999999999949e-01,5.531300000000000106e-01,5.558499999999999552e-01,5.510399999999999743e-01,5.509600000000000053e-01,5.551000000000000378e-01,5.832600000000000007e-01,5.924599999999999866e-01,5.806799999999999740e-01,5.892399999999999860e-01,5.837700000000000111e-01,5.813700000000000534e-01,5.684900000000000508e-01,5.899699999999999944e-01,5.939799999999999525e-01,5.820100000000000273e-01,6.000499999999999723e-01,5.828799999999999537e-01,5.662300000000000111e-01,5.857200000000000184e-01,0.000000000000000000e+00,0.000000000000000000e+00,5.542500000000000204e-01,5.448199999999999710e-01,5.746900000000000341e-01,5.611899999999999666e-01,5.640899999999999803e-01,5.805500000000000105e-01,5.565600000000000547e-01,5.584099999999999620e-01,5.558899999999999952e-01,5.644599999999999618e-01,5.694299999999999917e-01,5.858700000000000019e-01,5.687499999999999778e-01,5.473200000000000287e-01,5.688299999999999468e-01,5.536499999999999755e-01,5.432200000000000362e-01,0.000000000000000000e+00,5.673000000000000265e-01,0.000000000000000000e+00,5.581899999999999640e-01,5.627799999999999470e-01,5.496600000000000374e-01,5.548100000000000254e-01,0.000000000000000000e+00,5.485700000000000021e-01,5.450099999999999945e-01,0.000000000000000000e+00,5.620300000000000296e-01
5.934399999999999675e-01,5.414700000000000069e-01,5.415499999999999758e-01,5.808699999999999974e-01,5.946599999999999664e-01,5.793899999999999606e-01,5.916799999999999837e-01,6.005200000000000538e-01,5.665799999999999725e-01,5.768199999999999994e-01,5.773500000000000298e-01,5.797600000000000531e-01,5.836900000000000421e-01,5.742399999999999727e-01,5.501200000000000534e-01,5.464900000000000313e-01,5.683000000000000274e-01,0.000000000000000000e+00,0.000000000000000000e+00,5.412500000000000089e-01,5.862199999999999633e-01,5.450399999999999689e-01,5.680600000000000094e-01,5.826400000000000468e-01,5.497100000000000319e-01,5.623599999999999710e-01,5.622700000000000475e-01,5.675799999999999734e-01,5.569499999999999451e-01,5.616400000000000281e-01,5.651300000000000212e-01,6.021999999999999575e-01,6.059600000000000541e-01,5.940600000000000325e-01,6.029999999999999805e-01,5.962499999999999467e-01,5.928299999999999681e-01,5.784000000000000252e-01,6.112300000000000511e-01,6.022499999999999520e-01,5.961499999999999577e-01,6.172100000000000364e-01,6.023699999999999610e-01,5.848900000000000210e-01,5.999299999999999633e-01,5.473299999999999832e-01,5.429399999999999782e-01,5.586699999999999999e-01,5.491000000000000325e-01,5.845099999999999740e-01,5.665599999999999525e-01,5.751199999999999646e-01,5.991600000000000259e-01,5.628600000000000270e-01,5.772399999999999753e-01,5.667900000000000160e-01,5.795099999999999696e-01,5.835700000000000331e-01,5.982800000000000340e-01,5.756099999999999550e-01,5.581500000000000350e-01,5.873599999999999932e-01,5.634799999999999809e-01,5.517400000000000082e-01,0.000000000000000000e+00,5.837999999999999856e-01,0.000000000000000000e+00,5.667699999999999960e-01,5.739199999999999857e-01,5.574700000000000211e-01,5.625400000000000400e-01,0.000000000000000000e+00,5.580600000000000005e-01,5.522399999999999531e-01,0.000000000000000000e+00,5.711800000000000210e-01
5.948999999999999844e-01,5.502500000000000169e-01,5.474200000000000177e-01,5.831199999999999717e-01,6.010999999999999677e-01,5.849999999999999645e-01,6.005200000000000538e-01,6.212800000000000544e-01,5.771199999999999664e-01,5.869600000000000373e-01,5.854500000000000259e-01,5.963600000000000012e-01,5.889400000000000190e-01,5.707100000000000506e-01,5.595499999999999918e-01,5.476999999999999647e-01,5.718299999999999494e-01,5.409899999999999709e-01,5.402000000000000135e-01,5.491200000000000525e-01,5.954599999999999893e-01,5.507900000000000018e-01,5.780100000000000238e-01,6.033399999999999874e-01,5.535099999999999465e-01,5.722099999999999964e-01,5.715700000000000225e-01,5.743099999999999872e-01,5.636900000000000244e-01,5.643200000000000438e-01,5.687600000000000433e-01,6.106500000000000261e-01,6.260999999999999899e-01,5.969200000000000061e-01,6.066200000000000481e-01,5.973399999999999821e-01,5.959600000000000453e-01,5.756999999999999895e-01,6.182999999999999607e-01,6.042899999999999938e-01,6.026799999999999935e-01,6.342499999999999805e-01,6.068200000000000260e-01,6.034300000000000219e-01,5.966000000000000192e-01,5.422000000000000153e-01,5.478300000000000392e-01,5.638900000000000023e-01,5.596299999999999608e-01,5.919900000000000162e-01,5.713799999999999990e-01,5.843399999999999705e-01,6.197000000000000286e-01,5.721000000000000529e-01,5.814500000000000224e-01,5.784200000000000452e-01,5.911600000000000188e-01,5.919900000000000162e-01,6.040900000000000158e-01,5.799199999999999910e-01,5.579699999999999660e-01,5.983699999999999575e-01,5.703200000000000491e-01,5.612300000000000066e-01,0.000000000000000000e+00,5.946700000000000319e-01,5.423200000000000243e-01,5.725200000000000289e-01,5.706200000000000161e-01,5.648999999999999577e-01,5.702800000000000091e-01,5.418699999999999628e-01,5.629800000000000360e-01,5.607600000000000362e-01,0.000000000000000000e+00,5.775400000000000533e-01
5.595299999999999718e-01,0.000000000000000000e+00,0.000000000000000000e+00,5.599399999999999933e-01,5.670800000000000285e-01,5.574400000000000466e-01,5.665799999999999725e-01,5.771199999999999664e-01,5.507100000000000328e-01,5.537199999999999900e-01,5.559800000000000297e-01,5.524900000000000366e-01,5.597600000000000353e-01,5.579800000000000315e-01,0.000000000000000000e+00,0.000000000000000000e+00,5.457199999999999829e-01,0.000000000000000000e+00,0.000000000000000000e+00,0.000000000000000000e+00,5.562300000000000022e-01,0.000000000000000000e+00,5.533700000000000285e-01,5.577800000000000535e-01,0.000000000000000000e+00,5.441599999999999770e-01,5.482900000000000551e-01,5.486999999999999655e-01,5.447499999999999565e-01,5.466999999999999638e-01,5.442700000000000315e-01,5.663300000000000001e-01,5.714200000000000390e-01,5.654200000000000337e-01,5.724500000000000144e-01,5.806499999999999995e-01,5.710600000000000120e-01,5.622899999999999565e-01,5.735299999999999843e-01,5.811199999999999699e-01,5.679499999999999549e-01,5.822599999999999998e-01,5.779800000000000493e-01,5.579699999999999660e-01,5.784299999999999997e-01,0.000000000000000000e+00,0.000000000000000000e+00,5.461700000000000443e-01,0.000000000000000000e+00,5.617600000000000371e-01,5.526100000000000456e-01,5.523299999999999876e-01,5.699100000000000277e-01,5.492399999999999505e-01,5.531099999999999905e-01,5.474700000000000122e-01,5.520300000000000207e-01,5.581700000000000550e-01,5.752199999999999536e-01,5.593299999999999939e-01,5.445600000000000440e-01,5.663300000000000001e-01,5.499100000000000099e-01,0.000000000000000000e+00,0.000000000000000000e+00,5.519100000000000117e-01,0.000000000000000000e+00,5.516499999999999737e-01,5.495999999999999774e-01,5.439699999999999536e-01,5.441300000000000026e-01,0.000000000000000000e+00,5.424400000000000333e-01,5.425799999999999512e-01,0.000000000000000000e+00,5.514499999999999957e-01
5.734299999999999953e-01,0.000000000000000000e+00,0.000000000000000000e+00,5.653399999999999537e-01,5.810899999999999954e-01,5.601399999999999713e-01,5.768199999999999994e-01,5.869600000000000373e-01,5.537199999999999900e-01,5.637900000000000134e-01,5.651500000000000412e-01,5.644200000000000328e-01,5.675799999999999734e-01,5.657600000000000406e-01,0.000000000000000000e+00,0.000000000000000000e+00,5.563099999999999712e-01,0.000000000000000000e+00,0.000000000000000000e+00,0.000000000000000000e+00,5.689300000000000468e-01,0.000000000000000000e+00,5.528999999999999471e-01,5.633099999999999774e-01,5.406900000000000039e-01,5.473099999999999632e-01,5.500199999999999534e-01,5.564599999999999547e-01,5.425600000000000422e-01,5.538300000000000445e-01,5.497900000000000009e-01,5.751899999999999791e-01,5.777999999999999803e-01,5.708999999999999631e-01,5.756799999999999695e-01,5.883199999999999541e-01,5.769499999999999629e-01,5.586799999999999544e-01,5.808600000000000430e-01,5.846900000000000430e-01,5.736999999999999877e-01,5.858299999999999619e-01,5.884800000000000031e-01,5.658100000000000351e-01,5.806000000000000050e-01,0.000000000000000000e+00,0.000000000000000000e+00,5.418500000000000538e-01,0.000000000000000000e+00,5.730499999999999483e-01,5.486199999999999966e-01,5.614299999999999846e-01,5.813099999999999934e-01,5.491399999999999615e-01,5.667799999999999505e-01,5.525799999999999601e-01,5.636999999999999789e-01,5.691199999999999593e-01,5.863899999999999668e-01,5.544200000000000239e-01,5.446800000000000530e-01,5.733099999999999863e-01,5.534099999999999575e-01,0.000000000000000000e+00,0.000000000000000000e+00,5.681599999999999984e-01,0.000000000000000000e+00,5.516100000000000447e-01,5.544200000000000239e-01,5.457499999999999574e-01,5.465799999999999548e-01,0.000000000000000000e+00,5.496299999999999519e-01,5.418199999999999683e-01,0.000000000000000000e+00,5.547499999999999654e-01
5.786299999999999777e-01,0.000000000000000000e+00,0.000000000000000000e+00,5.673899999999999499e-01,5.778100000000000458e-01,5.630100000000000104e-01,5.773500000000000298e-01,5.854500000000000259e-01,5.559800000000000297e-01,5.651500000000000412e-01,5.644200000000000328e-01,5.668699999999999850e-01,5.674200000000000355e-01,5.638499999999999623e-01,5.403400000000000425e-01,0.000000000000000000e+00,5.576299999999999590e-01,0.000000000000000000e+00,0.000000000000000000e+00,0.000000000000000000e+00,5.707100000000000506e-01,0.000000000000000000e+00,5.558800000000000407e-01,5.703000000000000291e-01,5.426499999999999657e-01,5.507900000000000018e-01,5.510599999999999943e-01,5.552000000000000268e-01,5.464400000000000368e-01,5.528600000000000181e-01,5.528300000000000436e-01,5.780300000000000438e-01,5.815399999999999459e-01,5.774000000000000243e-01,5.809299999999999464e-01,5.883399999999999741e-01,5.760300000000000420e-01,5.681199999999999584e-01,5.836799999999999766e-01,5.862800000000000233e-01,5.819999999999999618e-01,5.927400000000000446e-01,5.901999999999999469e-01,5.684900000000000508e-01,5.838600000000000456e-01,0.000000000000000000e+00,0.000000000000000000e+00,5.462799999999999878e-01,0.000000000000000000e+00,5.699300000000000477e-01,5.564999999999999947e-01,5.596900000000000208e-01,5.825799999999999867e-01,5.524599999999999511e-01,5.651000000000000467e-01,5.529100000000000126e-01,5.683000000000000274e-01,5.671199999999999575e-01,5.858600000000000474e-01,5.637100000000000444e-01,5.499399999999999844e-01,5.762100000000000000e-01,5.562500000000000222e-01,5.412200000000000344e-01,0.000000000000000000e+00,5.639999999999999458e-01,0.000000000000000000e+00,5.567299999999999471e-01,5.649600000000000177e-01,5.485900000000000221e-01,5.508899999999999908e-01,0.000000000000000000e+00,5.473599999999999577e-01,5.447800000000000420e-01,0.000000000000000000e+00,5.584900000000000420e-01
5.838499999999999801e-01,0.000000000000000000e+00,0.000000000000000000e+00,5.755599999999999605e-01,5.858200000000000074e-01,5.658499999999999641e-01,5.797600000000000531e-01,5.963600000000000012e-01,5.524900000000000366e-01,5.644200000000000328e-01,5.668699999999999850e-01,5.784099999999999797e-01,5.715000000000000080e-01,5.685099999999999598e-01,5.409300000000000219e-01,0.000000000000000000e+00,5.592799999999999994e-01,0.000000000000000000e+00,0.000000000000000000e+00,0.000000000000000000e+00,5.803500000000000325e-01,0.000000000000000000e+00,5.569399999999999906e-01,5.751800000000000246e-01,5.421599999999999753e-01,5.545600000000000529e-01,5.489500000000000490e-01,5.558999999999999497e-01,5.421200000000000463e-01,5.434400000000000341e-01,5.554700000000000193e-01,5.806700000000000195e-01,5.898499999999999854e-01,5.882800000000000251e-01,5.844099999999999850e-01,5.853899999999999659e-01,5.723799999999999999e-01,5.696799999999999642e-01,5.851600000000000135e-01,5.980600000000000360e-01,5.976700000000000346e-01,5.994699999999999473e-01,5.891100000000000225e-01,5.735200000000000298e-01,5.934399999999999675e-01,5.488300000000000400e-01,0.000000000000000000e+00,5.455299999999999594e-01,0.000000000000000000e+00,5.749900000000000011e-01,5.496400000000000174e-01,5.649699999999999722e-01,5.887099999999999556e-01,5.513700000000000268e-01,5.650100000000000122e-01,5.553500000000000103e-01,5.812699999999999534e-01,5.699100000000000277e-01,5.875799999999999912e-01,5.724900000000000544e-01,5.450700000000000545e-01,5.708400000000000141e-01,5.544000000000000039e-01,5.415200000000000014e-01,0.000000000000000000e+00,5.757900000000000240e-01,0.000000000000000000e+00,5.558100000000000263e-01,5.716499999999999915e-01,5.445699999999999985e-01,5.565499999999999892e-01,0.000000000000000000e+00,5.466999999999999638e-01,5.398600000000000065e-01,0.000000000000000000e+00,5.622300000000000075e-01
5.796499999999999986e-01,0.000000000000000000e+00,0.000000000000000000e+00,5.744599999999999707e-01,5.871699999999999697e-01,5.711300000000000265e-01,5.836900000000000421e-01,5.889400000000000190e-01,5.597600000000000353e-01,5.675799999999999734e-01,5.674200000000000355e-01,5.715000000000000080e-01,5.769300000000000539e-01,5.655999999999999917e-01,5.458199999999999719e-01,5.402299999999999880e-01,5.628300000000000525e-01,0.000000000000000000e+00,0.000000000000000000e+00,0.000000000000000000e+00,5.744299999999999962e-01,5.409500000000000419e-01,5.624400000000000510e-01,5.748400000000000176e-01,5.449600000000000000e-01,5.555400000000000338e-01,5.564599999999999547e-01,5.609499999999999487e-01,5.523299999999999876e-01,5.563500000000000112e-01,5.573599999999999666e-01,5.898999999999999799e-01,5.982199999999999740e-01,5.836599999999999566e-01,5.909999999999999698e-01,5.876099999999999657e-01,5.851600000000000135e-01,5.699300000000000477e-01,5.986200000000000410e-01,5.919200000000000017e-01,5.841399999999999926e-01,6.051400000000000112e-01,5.924099999999999921e-01,5.767200000000000104e-01,5.899299999999999544e-01,0.000000000000000000e+00,0.000000000000000000e+00,5.552500000000000213e-01,5.450000000000000400e-01,5.766499999999999959e-01,5.600899999999999768e-01,5.670600000000000085e-01,5.899199999999999999e-01,5.560300000000000242e-01,5.659699999999999731e-01,5.603500000000000147e-01,5.693799999999999972e-01,5.755299999999999860e-01,5.907000000000000028e-01,5.702500000000000346e-01,5.537400000000000100e-01,5.804599999999999760e-01,5.599100000000000188e-01,5.461399999999999588e-01,0.000000000000000000e+00,5.749999999999999556e-01,0.000000000000000000e+00,5.609899999999999887e-01,5.634299999999999864e-01,5.538800000000000390e-01,5.561700000000000532e-01,0.000000000000000000e+00,5.529800000000000271e-01,5.468100000000000183e-01,0.000000000000000000e+00,5.649600000000000177e-01
5.710199999999999720e-01,0.000000000000000000e+00,0.000000000000000000e+00,5.657799999999999496e-01,5.747400000000000286e-01,5.640600000000000058e-01,5.742399999999999727e-01,5.707100000000000506e-01,5.579800000000000315e-01,5.657600000000000406e-01,5.638499999999999623e-01,5.685099999999999598e-01,5.655999999999999917e-01,5.605999999999999872e-01,0.000000000000000000e+00,0.000000000000000000e+00,5.599600000000000133e-01,0.000000000000000000e+00,0.000000000000000000e+00,0.000000000000000000e+00,5.687299999999999578e-01,0.000000000000000000e+00,5.530399999999999761e-01,5.632000000000000339e-01,5.409500000000000419e-01,5.485900000000000221e-01,5.495200000000000085e-01,5.538999999999999480e-01,5.439300000000000246e-01,5.520899999999999697e-01,5.522700000000000387e-01,5.710699999999999665e-01,5.772500000000000409e-01,5.771399999999999864e-01,5.816500000000000004e-01,5.796299999999999786e-01,5.682899999999999618e-01,5.744200000000000417e-01,5.776000000000000023e-01,5.763099999999999890e-01,5.795200000000000351e-01,5.856999999999999984e-01,5.882899999999999796e-01,5.613399999999999501e-01,5.874200000000000532e-01,0.000000000000000000e+00,0.000000000000000000e+00,5.466400000000000148e-01,0.000000000000000000e+00,5.678699999999999859e-01,5.595700000000000118e-01,5.609800000000000342e-01,5.822399999999999798e-01,5.543099999999999694e-01,5.650100000000000122e-01,5.528399999999999981e-01,5.646299999999999653e-01,5.664599999999999635e-01,5.857999999999999874e-01,5.603599999999999692e-01,5.484299999999999731e-01,5.723500000000000254e-01,5.579800000000000315e-01,5.486900000000000110e-01,0.000000000000000000e+00,5.587299999999999489e-01,0.000000000000000000e+00,5.529500000000000526e-01,5.678900000000000059e-01,5.481300000000000061e-01,5.490500000000000380e-01,0.000000000000000000e+00,5.459199999999999608e-01,5.408500000000000529e-01,0.000000000000000000e+00,5.572300000000000031e-01
5.415400000000000214e-01,0.000000000000000000e+00,0.000000000000000000e+00,5.460099999999999953e-01,5.556699999999999973e-01,5.481700000000000461e-01,5.501200000000000534e-01,5.595499999999999918e-01,0.000000000000000000e+00,0.000000000000000000e+00,5.403400000000000425e-01,5.409300000000000219e-01,5.458199999999999719e-01,0.000000000000000000e+00,0.000000000000000000e+00,0.000000000000000000e+00,0.000000000000000000e+00,0.000000000000000000e+00,0.000000000000000000e+00,0.000000000000000000e+00,5.459199999999999608e-01,0.000000000000000000e+00,5.411599999999999744e-01,5.525499999999999856e-01,0.000000000000000000e+00,0.000000000000000000e+00,0.000000000000000000e+00,0.000000000000000000e+00,0.000000000000000000e+00,0.000000000000000000e+00,0.000000000000000000e+00,5.539399999999999880e-01,5.668100000000000360e-01,5.532399999999999540e-01,5.623899999999999455e-01,5.472299999999999942e-01,5.503099999999999659e-01,5.424200000000000133e-01,5.617600000000000371e-01,5.600199999999999623e-01,5.568100000000000271e-01,5.731500000000000483e-01,5.481200000000000516e-01,5.468600000000000128e-01,5.555799999999999628e-01,0.000000000000000000e+00,0.000000000000000000e+00,0.000000000000000000e+00,0.000000000000000000e+00,5.474099999999999522e-01,5.411500000000000199e-01,5.423000000000000043e-01,5.578400000000000025e-01,0.000000000000000000e+00,0.000000000000000000e+00,0.000000000000000000e+00,5.410000000000000364e-01,5.448800000000000310e-01,5.532099999999999795e-01,5.463700000000000223e-01,0.000000000000000000e+00,5.495799999999999574e-01,0.000000000000000000e+00,0.000000000000000000e+00,0.000000000000000000e+00,5.438100000000000156e-01,0.000000000000000000e+00,0.000000000000000000e+00,0.000000000000000000e+00,0.000000000000000000e+00,0.000000000000000000e+00,0.000000000000000000e+00,0.000000000000000000e+00,0.000000000000000000e+00,0.000000000000000000e+00,5.416600000000000303e-01
5.427199999999999802e-01,0.000000000000000000e+00,0.000000000000000000e+00,0.000000000000000000e+00,5.482200000000000406e-01,0.000000000000000000e+00,5.464900000000000313e-01,5.476999999999999647e-01,0.000000000000000000e+00,0.000000000000000000e+00,0.000000000000000000e+00,0.000000000000000000e+00,5.402299999999999880e-01,0.000000000000000000e+00,0.000000000000000000e+00,0.000000000000000000e+00,0.000000000000000000e+00,0.000000000000000000e+00,0.000000000000000000e+00,0.000000000000000000e+00,0.000000000000000000e+00,0.000000000000000000e+00,0.000000000000000000e+00,0.000000000000000000e+00,0.000000000000000000e+00,0.000000000000000000e+00,0.000000000000000000e+00,0.000000000000000000e+00,0.000000000000000000e+00,0.000000000000000000e+00,0.000000000000000000e+00,5.457400000000000029e-01,5.457999999999999519e-01,5.435499999999999776e-01,5.517100000000000337e-01,5.562000000000000277e-01,5.433299999999999796e-01,5.470000000000000417e-01,5.513900000000000468e-01,5.506699999999999928e-01,5.498300000000000409e-01,5.577400000000000135e-01,5.597199999999999953e-01,5.412400000000000544e-01,5.504400000000000404e-01,0.000000000000000000e+00,0.000000000000000000e+00,0.000000000000000000e+00,0.000000000000000000e+00,0.000000000000000000e+00,0.000000000000000000e+00,0.000000000000000000e+00,5.489399999999999835e-01,0.000000000000000000e+00,0.000000000000000000e+00,0.000000000000000000e+00,0.000000000000000000e+00,0.000000000000000000e+00,5.532799999999999940e-01,0.000000000000000000e+00,0.000000000000000000e+00,5.501899999999999569e-01,0.000000000000000000e+00,0.000000000000000000e+00,0.000000000000000000e+00,0.000000000000000000e+00,0.000000000000000000e+00,0.000000000000000000e+00,0.000000000000000000e+00,0.000000000000000000e+00,0.000000000000000000e+00,0.000000000000000000e+00,0.000000000000000000e+00,0.000000000000000000e+00,0.000000000000000000e+00,0.000000000000000000e+00
5.679100000000000259e-01,0.000000000000000000e+00,0.000000000000000000e+00,5.611099999999999977e-01,5.724500000000000144e-01,5.536499999999999755e-01,5.683000000000000274e-01,5.718299999999999494e-01,5.457199999999999829e-01,5.563099999999999712e-01,5.576299999999999590e-01,5.592799999999999994e-01,5.628300000000000525e-01,5.599600000000000133e-01,0.000000000000000000e+00,0.000000000000000000e+00,5.447999999999999510e-01,0.000000000000000000e+00,0.000000000000000000e+00,0.000000000000000000e+00,5.555600000000000538e-01,0.000000000000000000e+00,5.473500000000000032e-01,5.564999999999999947e-01,0.000000000000000000e+00,5.409399999999999764e-01,5.453000000000000069e-01,5.509800000000000253e-01,5.410700000000000509e-01,5.478300000000000392e-01,5.440899999999999626e-01,5.631699999999999484e-01,5.752699999999999481e-01,5.656099999999999461e-01,5.672899999999999610e-01,5.828699999999999992e-01,5.672700000000000520e-01,5.601599999999999913e-01,5.744399999999999507e-01,5.760600000000000165e-01,5.725900000000000434e-01,5.803800000000000070e-01,5.845200000000000395e-01,5.558800000000000407e-01,5.752199999999999536e-01,0.000000000000000000e+00,0.000000000000000000e+00,0.000000000000000000e+00,0.000000000000000000e+00,5.634200000000000319e-01,5.449899999999999745e-01,5.532299999999999995e-01,5.761699999999999600e-01,5.399899999999999700e-01,5.588300000000000489e-01,5.458300000000000374e-01,5.583900000000000530e-01,5.612300000000000066e-01,5.818100000000000493e-01,5.584200000000000275e-01,5.446199999999999930e-01,5.722699999999999454e-01,5.495999999999999774e-01,0.000000000000000000e+00,0.000000000000000000e+00,5.588800000000000434e-01,0.000000000000000000e+00,5.493599999999999595e-01,5.509899999999999798e-01,5.426800000000000512e-01,5.435799999999999521e-01,0.000000000000000000e+00,5.429699999999999527e-01,0.000000000000000000e+00,0.000000000000000000e+00,5.502899999999999459e-01
0.000000000000000000e+00,0.000000000000000000e+00,0.000000000000000000e+00,0.000000000000000000e+00,5.432099999999999707e-01,0.000000000000000000e+00,0.000000000000000000e+00,5.409899999999999709e-01,0.000000000000000000e+00,0.000000000000000000e+00,0.000000000000000000e+00,0.000000000000000000e+00,0.000000000000000000e+00,0.000000000000000000e+00,0.000000000000000000e+00,0.000000000000000000e+00,0.000000000000000000e+00,0.000000000000000000e+00,0.000000000000000000e+00,0.000000000000000000e+00,0.000000000000000000e+00,0.000000000000000000e+00,0.000000000000000000e+00,0.000000000000000000e+00,0.000000000000000000e+00,0.000000000000000000e+00,0.000000000000000000e+00,0.000000000000000000e+00,0.000000000000000000e+00,0.000000000000000000e+00,0.000000000000000000e+00,5.413200000000000234e-01,5.473799999999999777e-01,0.000000000000000000e+00,5.443799999999999750e-01,5.508399999999999963e-01,5.447100000000000275e-01,0.000000000000000000e+00,5.494599999999999485e-01,5.438100000000000156e-01,0.000000000000000000e+00,5.511200000000000543e-01,5.566100000000000492e-01,0.000000000000000000e+00,5.435200000000000031e-01,0.000000000000000000e+00,0.000000000000000000e+00,0.000000000000000000e+00,0.000000000000000000e+00,0.000000000000000000e+00,0.000000000000000000e+00,0.000000000000000000e+00,5.462799999999999878e-01,0.000000000000000000e+00,0.000000000000000000e+00,0.000000000000000000e+00,0.000000000000000000e+00,0.000000000000000000e+00,5.496199999999999974e-01,0.000000000000000000e+00,0.000000000000000000e+00,5.431500000000000217e-01,0.000000000000000000e+00,0.000000000000000000e+00,0.000000000000000000e+00,0.000000000000000000e+00,0.000000000000000000e+00,0.000000000000000000e+00,0.000000000000000000e+00,0.000000000000000000e+00,0.000000000000000000e+00,0.000000000000000000e+00,0.000000000000000000e+00,0.000000000000000000e+00,0.000000000000000000e+00,0.000000000000000000e+00
0.000000000000000000e+00,0.000000000000000000e+00,0.000000000000000000e+00,0.000000000000000000e+00,0.000000000000000000e+00,0.000000000000000000e+00,0.000000000000000000e+00,5.402000000000000135e-01,0.000000000000000000e+00,0.000000000000000000e+00,0.000000000000000000e+00,0.000000000000000000e+00,0.000000000000000000e+00,0.000000000000000000e+00,0.000000000000000000e+00,0.000000000000000000e+00,0.000000000000000000e+00,0.000000000000000000e+00,0.000000000000000000e+00,0.000000000000000000e+00,0.000000000000000000e+00,0.000000000000000000e+00,0.000000000000000000e+00,0.000000000000000000e+00,0.000000000000000000e+00,0.000000000000000000e+00,0.000000000000000000e+00,0.000000000000000000e+00,0.000000000000000000e+00,0.000000000000000000e+00,0.000000000000000000e+00,0.000000000000000000e+00,5.398199999999999665e-01,0.000000000000000000e+00,5.401099999999999790e-01,5.520000000000000462e-01,0.000000000000000000e+00,0.000000000000000000e+00,0.000000000000000000e+00,5.414900000000000269e-01,5.442900000000000515e-01,5.503299999999999859e-01,5.510899999999999688e-01,0.000000000000000000e+00,5.455600000000000449e-01,0.000000000000000000e+00,0.000000000000000000e+00,0.000000000000000000e+00,0.000000000000000000e+00,0.000000000000000000e+00,0.000000000000000000e+00,0.000000000000000000e+00,0.000000000000000000e+00,0.000000000000000000e+00,0.000000000000000000e+00,0.000000000000000000e+00,0.000000000000000000e+00,0.000000000000000000e+00,5.483599999999999586e-01,0.000000000000000000e+00,0.000000000000000000e+00,5.437400000000000011e-01,0.000000000000000000e+00,0.000000000000000000e+00,0.000000000000000000e+00,0.000000000000000000e+00,0.000000000000000000e+00,0.000000000000000000e+00,0.000000000000000000e+00,0.000000000000000000e+00,0.000000000000000000e+00,0.000000000000000000e+00,0.000000000000000000e+00,0.000000000000000000e+00,0.000000000000000000e+00,0.000000000000000000e+00
0.000000000000000000e+00,0.000000000000000000e+00,0.000000000000000000e+00,0.000000000000000000e+00,5.415900000000000158e-01,0.000000000000000000e+00,5.412500000000000089e-01,5.491200000000000525e-01,0.000000000000000000e+00,0.000000000000000000e+00,0.000000000000000000e+00,0.000000000000000000e+00,0.000000000000000000e+00,0.000000000000000000e+00,0.000000000000000000e+00,0.000000000000000000e+00,0.000000000000000000e+00,0.000000000000000000e+00,0.000000000000000000e+00,0.000000000000000000e+00,0.000000000000000000e+00,0.000000000000000000e+00,0.000000000000000000e+00,0.000000000000000000e+00,0.000000000000000000e+00,0.000000000000000000e+00,0.000000000000000000e+00,0.000000000000000000e+00,0.000000000000000000e+00,0.000000000000000000e+00,0.000000000000000000e+00,0.000000000000000000e+00,5.478199999999999736e-01,5.429599999999999982e-01,5.479899999999999771e-01,5.484999999999999876e-01,5.410000000000000364e-01,5.424600000000000533e-01,5.405900000000000150e-01,5.494900000000000340e-01,5.466299999999999493e-01,5.544599999999999529e-01,5.511300000000000088e-01,0.000000000000000000e+00,5.498100000000000209e-01,0.000000000000000000e+00,0.000000000000000000e+00,0.000000000000000000e+00,0.000000000000000000e+00,0.000000000000000000e+00,0.000000000000000000e+00,0.000000000000000000e+00,5.483599999999999586e-01,0.000000000000000000e+00,0.000000000000000000e+00,0.000000000000000000e+00,0.000000000000000000e+00,0.000000000000000000e+00,5.477800000000000447e-01,0.000000000000000000e+00,0.000000000000000000e+00,5.425400000000000222e-01,0.000000000000000000e+00,0.000000000000000000e+00,0.000000000000000000e+00,0.000000000000000000e+00,0.000000000000000000e+00,0.000000000000000000e+00,0.000000000000000000e+00,0.000000000000000000e+00,0.000000000000000000e+00,0.000000000000000000e+00,0.000000000000000000e+00,0.000000000000000000e+00,0.000000000000000000e+00,0.000000000000000000e+00
5.880100000000000326e-01,0.000000000000000000e+00,0.000000000000000000e+00,5.749499999999999611e-01,5.922300000000000342e-01,5.704200000000000381e-01,5.862199999999999633e-01,5.954599999999999893e-01,5.562300000000000022e-01,5.689300000000000468e-01,5.707100000000000506e-01,5.803500000000000325e-01,5.744299999999999962e-01,5.687299999999999578e-01,5.459199999999999608e-01,0.000000000000000000e+00,5.555600000000000538e-01,0.000000000000000000e+00,0.000000000000000000e+00,0.000000000000000000e+00,5.890100000000000335e-01,0.000000000000000000e+00,5.615599999999999481e-01,5.847999999999999865e-01,5.423400000000000443e-01,5.593000000000000194e-01,5.512799999999999923e-01,5.589899999999999869e-01,5.441799999999999971e-01,5.478600000000000136e-01,5.588499999999999579e-01,5.875299999999999967e-01,5.991400000000000059e-01,5.866400000000000503e-01,5.910100000000000353e-01,5.821699999999999653e-01,5.808499999999999774e-01,5.647600000000000398e-01,5.971100000000000296e-01,5.958900000000000308e-01,5.919900000000000162e-01,6.080900000000000194e-01,5.850699999999999790e-01,5.724700000000000344e-01,5.902300000000000324e-01,5.409199999999999564e-01,0.000000000000000000e+00,5.497499999999999609e-01,5.559399999999999897e-01,5.807700000000000085e-01,5.568499999999999561e-01,5.749499999999999611e-01,5.948400000000000354e-01,5.586999999999999744e-01,5.674900000000000500e-01,5.587299999999999489e-01,5.806099999999999595e-01,5.786799999999999722e-01,5.895799999999999930e-01,5.648100000000000342e-01,0.000000000000000000e+00,5.724900000000000544e-01,5.567400000000000126e-01,5.459199999999999608e-01,0.000000000000000000e+00,5.813199999999999479e-01,0.000000000000000000e+00,5.557699999999999863e-01,5.669800000000000395e-01,5.477199999999999847e-01,5.571500000000000341e-01,0.000000000000000000e+00,5.521300000000000097e-01,5.419399999999999773e-01,0.000000000000000000e+00,5.650699999999999612e-01
