6.066300000000000026e-01,5.489399999999999835e-01,5.982100000000000195e-01,5.964599999999999902e-01,5.952899999999999858e-01,5.797799999999999621e-01,5.755000000000000115e-01,5.939299999999999580e-01,5.907299999999999773e-01,5.961699999999999777e-01,6.026500000000000190e-01,6.039600000000000524e-01,5.869900000000000118e-01,5.768400000000000194e-01,5.675499999999999989e-01,5.559800000000000297e-01,5.885399999999999521e-01,5.859900000000000109e-01,5.591300000000000159e-01,5.671399999999999775e-01,5.882899999999999796e-01,5.559699999999999642e-01,5.616700000000000026e-01,6.189999999999999947e-01,5.643399999999999528e-01,5.862300000000000288e-01,5.584900000000000420e-01,5.724900000000000544e-01,5.641899999999999693e-01,5.440800000000000081e-01,5.645999999999999908e-01,5.978799999999999670e-01,5.988700000000000134e-01,6.184199999999999697e-01,6.281900000000000261e-01,5.912300000000000333e-01,6.206399999999999695e-01,6.139099999999999557e-01,5.997599999999999598e-01,6.115500000000000380e-01,6.247300000000000075e-01,6.157799999999999940e-01,5.996099999999999763e-01,5.960100000000000398e-01,6.242799999999999461e-01,5.811300000000000354e-01,5.697400000000000242e-01,6.017799999999999816e-01,5.883300000000000196e-01,5.871899999999999897e-01,5.814599999999999769e-01,5.776900000000000368e-01,6.028400000000000425e-01,5.871100000000000207e-01,6.166000000000000369e-01,5.925500000000000211e-01,5.866400000000000503e-01,5.836400000000000476e-01,5.820499999999999563e-01,5.694900000000000517e-01,5.594999999999999973e-01,6.177599999999999758e-01,5.775500000000000078e-01,6.021900000000000031e-01,5.458300000000000374e-01,6.041499999999999648e-01,5.549100000000000144e-01,5.829999999999999627e-01,6.100400000000000267e-01,5.673599999999999755e-01,5.746799999999999686e-01,5.699800000000000422e-01,5.661000000000000476e-01,5.640100000000000113e-01,0.000000000000000000e+00,5.835599999999999676e-01
5.489399999999999835e-01,0.000000000000000000e+00,5.626600000000000490e-01,5.747100000000000541e-01,5.670100000000000140e-01,5.534499999999999975e-01,5.560300000000000242e-01,5.494099999999999540e-01,5.658800000000000496e-01,5.734299999999999953e-01,5.677100000000000479e-01,5.480899999999999661e-01,5.618699999999999806e-01,5.488199999999999745e-01,0.000000000000000000e+00,5.442599999999999660e-01,5.635000000000000009e-01,5.665200000000000236e-01,0.000000000000000000e+00,5.436499999999999666e-01,5.507199999999999873e-01,5.435400000000000231e-01,0.000000000000000000e+00,5.600500000000000478e-01,5.494099999999999540e-01,5.552099999999999813e-01,5.419100000000000028e-01,5.539399999999999880e-01,5.474499999999999922e-01,5.395299999999999541e-01,5.428899999999999837e-01,5.786700000000000177e-01,5.806700000000000195e-01,5.659100000000000241e-01,5.859100000000000419e-01,5.528100000000000236e-01,5.797999999999999821e-01,5.614400000000000501e-01,5.823899999999999633e-01,5.795700000000000296e-01,5.636799999999999589e-01,5.851899999999999880e-01,5.798299999999999566e-01,5.797900000000000276e-01,5.672099999999999920e-01,0.000000000000000000e+00,5.444799999999999640e-01,5.547900000000000054e-01,5.753700000000000481e-01,5.677499999999999769e-01,5.595700000000000118e-01,5.597499999999999698e-01,5.501899999999999569e-01,5.663700000000000401e-01,5.746999999999999886e-01,5.690100000000000158e-01,0.000000000000000000e+00,5.590199999999999614e-01,5.680699999999999639e-01,0.000000000000000000e+00,5.446600000000000330e-01,5.747600000000000486e-01,5.604700000000000237e-01,5.601199999999999513e-01,0.000000000000000000e+00,5.488699999999999690e-01,0.000000000000000000e+00,5.400000000000000355e-01,5.474200000000000177e-01,5.508499999999999508e-01,5.486299999999999510e-01,5.489500000000000490e-01,5.483900000000000441e-01,5.480500000000000371e-01,0.000000000000000000e+00,5.540599999999999969e-01
5.982100000000000195e-01,5.626600000000000490e-01,5.942899999999999849e-01,6.067000000000000171e-01,5.924099999999999921e-01,5.817099999999999493e-01,5.776700000000000168e-01,5.792699999999999516e-01,5.949900000000000189e-01,5.968599999999999461e-01,5.946000000000000174e-01,5.732000000000000428e-01,5.894700000000000495e-01,5.703200000000000491e-01,5.533000000000000140e-01,5.674200000000000355e-01,5.823300000000000143e-01,5.953000000000000513e-01,5.593399999999999483e-01,5.745700000000000252e-01,5.811500000000000554e-01,5.667900000000000160e-01,5.614099999999999646e-01,6.030999999999999694e-01,5.728699999999999903e-01,5.852199999999999624e-01,5.635400000000000409e-01,5.777900000000000258e-01,5.724299999999999944e-01,5.576600000000000446e-01,5.641399999999999748e-01,5.961800000000000432e-01,6.197799999999999976e-01,6.102800000000000447e-01,6.197000000000000286e-01,5.854700000000000459e-01,6.136700000000000488e-01,5.987900000000000444e-01,5.968599999999999461e-01,6.120999999999999774e-01,6.128799999999999804e-01,6.142199999999999882e-01,6.107399999999999496e-01,6.062699999999999756e-01,6.054000000000000492e-01,5.718199999999999950e-01,5.699699999999999767e-01,5.902199999999999669e-01,6.020400000000000196e-01,5.883000000000000451e-01,5.889999999999999680e-01,5.837999999999999856e-01,5.764700000000000379e-01,5.926799999999999846e-01,6.039299999999999669e-01,5.894500000000000295e-01,5.605099999999999527e-01,5.852399999999999824e-01,5.923599999999999977e-01,5.574999999999999956e-01,5.664500000000000091e-01,6.072300000000000475e-01,5.805399999999999450e-01,5.926099999999999701e-01,5.548600000000000199e-01,5.790300000000000447e-01,5.645599999999999508e-01,5.701300000000000257e-01,5.927799999999999736e-01,5.742000000000000437e-01,5.742099999999999982e-01,5.760800000000000365e-01,5.705400000000000471e-01,5.713700000000000445e-01,0.000000000000000000e+00,5.863899999999999668e-01
5.964599999999999902e-01,5.747100000000000541e-01,6.067000000000000171e-01,6.358399999999999608e-01,6.203899999999999970e-01,5.920199999999999907e-01,6.016899999999999471e-01,5.812199999999999589e-01,6.167599999999999749e-01,6.260599999999999499e-01,6.179599999999999538e-01,5.831100000000000172e-01,6.109299999999999731e-01,5.951600000000000223e-01,5.429500000000000437e-01,5.843500000000000361e-01,6.125099999999999989e-01,6.138000000000000123e-01,5.714700000000000335e-01,5.807200000000000140e-01,5.893500000000000405e-01,5.758999999999999675e-01,5.638699999999999823e-01,6.003199999999999648e-01,5.854200000000000514e-01,5.930100000000000371e-01,5.777200000000000113e-01,5.970499999999999696e-01,5.844500000000000250e-01,5.755500000000000060e-01,5.811399999999999899e-01,6.330200000000000271e-01,6.372600000000000486e-01,6.310999999999999943e-01,6.583099999999999508e-01,6.006799999999999917e-01,6.400400000000000533e-01,6.148599999999999621e-01,6.319799999999999862e-01,6.393299999999999539e-01,6.216500000000000359e-01,6.462900000000000311e-01,6.358899999999999553e-01,6.315399999999999903e-01,6.201699999999999990e-01,5.827400000000000357e-01,5.893199999999999550e-01,5.959999999999999742e-01,6.247599999999999820e-01,6.169700000000000184e-01,6.062300000000000466e-01,6.111299999999999510e-01,5.954700000000000548e-01,6.139299999999999757e-01,6.322100000000000497e-01,6.162100000000000355e-01,5.674799999999999844e-01,6.065099999999999936e-01,6.177000000000000268e-01,5.604700000000000237e-01,5.818600000000000438e-01,6.331499999999999906e-01,5.996000000000000218e-01,6.135399999999999743e-01,5.647999999999999687e-01,5.989299999999999624e-01,5.736599999999999477e-01,5.800699999999999745e-01,5.922500000000000542e-01,5.902600000000000069e-01,5.874899999999999567e-01,5.918400000000000327e-01,5.906000000000000139e-01,5.863500000000000378e-01,5.459300000000000264e-01,6.005200000000000538e-01
5.952899999999999858e-01,5.670100000000000140e-01,5.924099999999999921e-01,6.203899999999999970e-01,6.057900000000000507e-01,5.816799999999999748e-01,5.935099999999999820e-01,5.783099999999999907e-01,6.017400000000000526e-01,6.183999999999999497e-01,6.111199999999999966e-01,5.868200000000000083e-01,6.022199999999999775e-01,5.862600000000000033e-01,5.407100000000000239e-01,5.685999999999999943e-01,6.033300000000000329e-01,5.995099999999999874e-01,5.636600000000000499e-01,5.696700000000000097e-01,5.867400000000000393e-01,5.674099999999999699e-01,5.613299999999999956e-01,6.008499999999999952e-01,5.746200000000000196e-01,5.853000000000000425e-01,5.678900000000000059e-01,5.886400000000000521e-01,5.762199999999999545e-01,5.723099999999999854e-01,5.722399999999999709e-01,6.225199999999999623e-01,6.241700000000000026e-01,6.166899999999999604e-01,6.456899999999999862e-01,5.938700000000000090e-01,6.197500000000000231e-01,6.090200000000000058e-01,6.255600000000000049e-01,6.205800000000000205e-01,6.117899999999999450e-01,6.331499999999999906e-01,6.253300000000000525e-01,6.206099999999999950e-01,6.053899999999999837e-01,5.779199999999999893e-01,5.781199999999999672e-01,5.890800000000000480e-01,6.095399999999999707e-01,6.091900000000000093e-01,5.905899999999999483e-01,5.974699999999999456e-01,5.929699999999999971e-01,5.986000000000000210e-01,6.224699999999999678e-01,6.090900000000000203e-01,5.695099999999999607e-01,5.970800000000000551e-01,6.054199999999999582e-01,5.538300000000000445e-01,5.718900000000000095e-01,6.218500000000000139e-01,5.917599999999999527e-01,6.014699999999999491e-01,5.534599999999999520e-01,5.945700000000000429e-01,5.633099999999999774e-01,5.735299999999999843e-01,5.835000000000000187e-01,5.808600000000000430e-01,5.799900000000000055e-01,5.801699999999999635e-01,5.826599999999999557e-01,5.754399999999999515e-01,5.448100000000000165e-01,5.903699999999999504e-01
5.797799999999999621e-01,5.534499999999999975e-01,5.817099999999999493e-01,5.920199999999999907e-01,5.816799999999999748e-01,5.665200000000000236e-01,5.686900000000000288e-01,5.640100000000000113e-01,5.796999999999999931e-01,5.893100000000000005e-01,5.840300000000000491e-01,5.614000000000000101e-01,5.758199999999999985e-01,5.644000000000000128e-01,0.000000000000000000e+00,5.559100000000000152e-01,5.780300000000000438e-01,5.835700000000000331e-01,5.465400000000000258e-01,5.603900000000000547e-01,5.632800000000000029e-01,5.559800000000000297e-01,5.466999999999999638e-01,5.846500000000000030e-01,5.638999999999999568e-01,5.724799999999999889e-01,5.539500000000000535e-01,5.676299999999999679e-01,5.612500000000000266e-01,5.490899999999999670e-01,5.560500000000000442e-01,5.901800000000000379e-01,6.107799999999999896e-01,5.943699999999999539e-01,6.109799999999999676e-01,5.724900000000000544e-01,6.019299999999999651e-01,5.818799999999999528e-01,5.881100000000000216e-01,5.998799999999999688e-01,5.911199999999999788e-01,6.029200000000000115e-01,5.985399999999999610e-01,6.003600000000000048e-01,5.878299999999999637e-01,5.612500000000000266e-01,5.578400000000000025e-01,5.762300000000000200e-01,5.948700000000000099e-01,5.807400000000000340e-01,5.797400000000000331e-01,5.759699999999999820e-01,5.634500000000000064e-01,5.804500000000000215e-01,5.896700000000000275e-01,5.817299999999999693e-01,5.458499999999999464e-01,5.746700000000000141e-01,5.871300000000000407e-01,5.396400000000000086e-01,5.566600000000000437e-01,5.917200000000000237e-01,5.715299999999999825e-01,5.750399999999999956e-01,5.433299999999999796e-01,5.642000000000000348e-01,5.511899999999999578e-01,5.545400000000000329e-01,5.709800000000000431e-01,5.628499999999999615e-01,5.661100000000000021e-01,5.645200000000000218e-01,5.609699999999999687e-01,5.619199999999999751e-01,0.000000000000000000e+00,5.743300000000000072e-01
5.755000000000000115e-01,5.560300000000000242e-01,5.776700000000000168e-01,6.016899999999999471e-01,5.935099999999999820e-01,5.686900000000000288e-01,5.789999999999999591e-01,5.657999999999999696e-01,5.857200000000000184e-01,6.005899999999999572e-01,5.951999999999999513e-01,5.723899999999999544e-01,5.865000000000000213e-01,5.714599999999999680e-01,0.000000000000000000e+00,5.582300000000000040e-01,5.917400000000000437e-01,5.864500000000000268e-01,5.500099999999999989e-01,5.562899999999999512e-01,5.732099999999999973e-01,5.564000000000000057e-01,5.483700000000000241e-01,5.826000000000000068e-01,5.632599999999999829e-01,5.710499999999999465e-01,5.541399999999999659e-01,5.742300000000000182e-01,5.631399999999999739e-01,5.600300000000000278e-01,5.596200000000000063e-01,6.074800000000000200e-01,6.072199999999999820e-01,5.957799999999999763e-01,6.227599999999999802e-01,5.765599999999999614e-01,6.012699999999999712e-01,5.873000000000000442e-01,6.119299999999999740e-01,6.071699999999999875e-01,5.934399999999999675e-01,6.169099999999999584e-01,6.052300000000000457e-01,6.041699999999999848e-01,5.945300000000000029e-01,5.633000000000000229e-01,5.635099999999999554e-01,5.738199999999999967e-01,5.969200000000000061e-01,5.956000000000000183e-01,5.761199999999999655e-01,5.844899999999999540e-01,5.770699999999999719e-01,5.838299999999999601e-01,6.049200000000000133e-01,5.921899999999999942e-01,5.548499999999999543e-01,5.826999999999999957e-01,5.891100000000000225e-01,0.000000000000000000e+00,5.582000000000000295e-01,6.038499999999999979e-01,5.782500000000000417e-01,5.833700000000000552e-01,5.410099999999999909e-01,5.787600000000000522e-01,5.502000000000000224e-01,5.593399999999999483e-01,5.687299999999999578e-01,5.682000000000000384e-01,5.679100000000000259e-01,5.661000000000000476e-01,5.691500000000000448e-01,5.618699999999999806e-01,0.000000000000000000e+00,5.757299999999999640e-01
5.939299999999999580e-01,5.494099999999999540e-01,5.792699999999999516e-01,5.812199999999999589e-01,5.783099999999999907e-01,5.640100000000000113e-01,5.657999999999999696e-01,5.799199999999999910e-01,5.718499999999999694e-01,5.837999999999999856e-01,5.842000000000000526e-01,5.850800000000000445e-01,5.733500000000000263e-01,5.570500000000000451e-01,5.558499999999999552e-01,5.482700000000000351e-01,5.709999999999999520e-01,5.737900000000000222e-01,5.470199999999999507e-01,5.615299999999999736e-01,5.778400000000000203e-01,5.522700000000000387e-01,5.542200000000000459e-01,5.986900000000000555e-01,5.534999999999999920e-01,5.740800000000000347e-01,5.514499999999999957e-01,5.626200000000000090e-01,5.546699999999999964e-01,0.000000000000000000e+00,5.520399999999999752e-01,5.876900000000000457e-01,6.004099999999999993e-01,5.934800000000000075e-01,6.012499999999999512e-01,5.681899999999999729e-01,5.931699999999999751e-01,5.903300000000000214e-01,5.915899999999999492e-01,5.887000000000000011e-01,6.007099999999999662e-01,5.990999999999999659e-01,5.847400000000000375e-01,5.928700000000000081e-01,5.973399999999999821e-01,5.657799999999999496e-01,5.564799999999999747e-01,5.827900000000000302e-01,5.844599999999999795e-01,5.755200000000000315e-01,5.728299999999999503e-01,5.699400000000000022e-01,5.866400000000000503e-01,5.707600000000000451e-01,5.899600000000000399e-01,5.793599999999999861e-01,5.723599999999999799e-01,5.745599999999999596e-01,5.731800000000000228e-01,5.609300000000000397e-01,5.545700000000000074e-01,5.965300000000000047e-01,5.697400000000000242e-01,5.752599999999999936e-01,5.393200000000000216e-01,5.856900000000000439e-01,5.494999999999999885e-01,5.653599999999999737e-01,5.872500000000000497e-01,5.599600000000000133e-01,5.639199999999999768e-01,5.587499999999999689e-01,5.597999999999999643e-01,5.565400000000000347e-01,0.000000000000000000e+00,5.762000000000000455e-01
5.907299999999999773e-01,5.658800000000000496e-01,5.949900000000000189e-01,6.167599999999999749e-01,6.017400000000000526e-01,5.796999999999999931e-01,5.857200000000000184e-01,5.718499999999999694e-01,6.019600000000000506e-01,6.028400000000000425e-01,5.997900000000000453e-01,5.676499999999999879e-01,5.930400000000000116e-01,5.780399999999999983e-01,0.000000000000000000e+00,5.713899999999999535e-01,5.900300000000000544e-01,6.030799999999999494e-01,5.592300000000000049e-01,5.723300000000000054e-01,5.806700000000000195e-01,5.704900000000000526e-01,5.581099999999999950e-01,5.921499999999999542e-01,5.762000000000000455e-01,5.832800000000000207e-01,5.651699999999999502e-01,5.818299999999999583e-01,5.738999999999999657e-01,5.667499999999999760e-01,5.645400000000000418e-01,6.075300000000000145e-01,6.177300000000000013e-01,6.082999999999999519e-01,6.296500000000000430e-01,5.865500000000000158e-01,6.161999999999999700e-01,5.922500000000000542e-01,6.057500000000000107e-01,6.183100000000000263e-01,6.020100000000000451e-01,6.204100000000000170e-01,6.150400000000000311e-01,6.073199999999999710e-01,5.991800000000000459e-01,5.716200000000000170e-01,5.724500000000000144e-01,5.836700000000000221e-01,6.055300000000000127e-01,5.967400000000000482e-01,5.929600000000000426e-01,5.914199999999999458e-01,5.796400000000000441e-01,5.993600000000000039e-01,6.091199999999999948e-01,5.972800000000000331e-01,5.531199999999999450e-01,5.905200000000000449e-01,5.967799999999999772e-01,5.464799999999999658e-01,5.695099999999999607e-01,6.090400000000000258e-01,5.875899999999999457e-01,5.956399999999999473e-01,5.583700000000000330e-01,5.789600000000000302e-01,5.659999999999999476e-01,5.678800000000000514e-01,5.835399999999999476e-01,5.781300000000000328e-01,5.747400000000000286e-01,5.791399999999999881e-01,5.773399999999999643e-01,5.770399999999999974e-01,0.000000000000000000e+00,5.860300000000000509e-01
5.961699999999999777e-01,5.734399999999999498e-01,5.968599999999999461e-01,6.260599999999999499e-01,6.183999999999999497e-01,5.893100000000000005e-01,6.005899999999999572e-01,5.837999999999999856e-01,6.028400000000000425e-01,6.135300000000000198e-01,6.145000000000000462e-01,5.833399999999999697e-01,6.048599999999999532e-01,5.974500000000000366e-01,5.415999999999999703e-01,5.760699999999999710e-01,6.037200000000000344e-01,6.051100000000000367e-01,5.671599999999999975e-01,5.748999999999999666e-01,5.916599999999999637e-01,5.736900000000000333e-01,5.641100000000000003e-01,5.966500000000000137e-01,5.827299999999999702e-01,5.911199999999999788e-01,5.687499999999999778e-01,5.921899999999999942e-01,5.798100000000000476e-01,5.752399999999999736e-01,5.742899999999999672e-01,6.250900000000000345e-01,6.284199999999999786e-01,6.153699999999999726e-01,6.398700000000000498e-01,6.042999999999999483e-01,6.305500000000000549e-01,6.048499999999999988e-01,6.277800000000000047e-01,6.337899999999999645e-01,6.132699999999999818e-01,6.369399999999999507e-01,6.289700000000000291e-01,6.313800000000000523e-01,6.108799999999999786e-01,5.796099999999999586e-01,5.806299999999999795e-01,5.860100000000000309e-01,6.168400000000000549e-01,6.132999999999999563e-01,5.913100000000000023e-01,6.047700000000000298e-01,5.917000000000000037e-01,5.996500000000000163e-01,6.240499999999999936e-01,6.079599999999999449e-01,5.622200000000000530e-01,5.996799999999999908e-01,6.133499999999999508e-01,5.464700000000000113e-01,5.710899999999999865e-01,6.193199999999999816e-01,5.933199999999999585e-01,5.973000000000000531e-01,5.564700000000000202e-01,5.929600000000000426e-01,5.645499999999999963e-01,5.748100000000000431e-01,5.794099999999999806e-01,5.863800000000000123e-01,5.826400000000000468e-01,5.802599999999999980e-01,5.871899999999999897e-01,5.790999999999999481e-01,5.485200000000000076e-01,5.916200000000000347e-01
6.026500000000000190e-01,5.677100000000000479e-01,5.946000000000000174e-01,6.179599999999999538e-01,6.111199999999999966e-01,5.840300000000000491e-01,5.951999999999999513e-01,5.842000000000000526e-01,5.997900000000000453e-01,6.145000000000000462e-01,6.103699999999999681e-01,5.878600000000000492e-01,6.018099999999999561e-01,5.899299999999999544e-01,5.443000000000000060e-01,5.705400000000000471e-01,6.002999999999999448e-01,6.027000000000000135e-01,5.628699999999999815e-01,5.728900000000000103e-01,5.908600000000000518e-01,5.685799999999999743e-01,5.644400000000000528e-01,6.040499999999999758e-01,5.809800000000000519e-01,5.909799999999999498e-01,5.685099999999999598e-01,5.894399999999999640e-01,5.769900000000000029e-01,5.706200000000000161e-01,5.732199999999999518e-01,6.227599999999999802e-01,6.270900000000000363e-01,6.179099999999999593e-01,6.430000000000000160e-01,5.995800000000000018e-01,6.250599999999999490e-01,6.079499999999999904e-01,6.192299999999999471e-01,6.244600000000000151e-01,6.142600000000000282e-01,6.293800000000000505e-01,6.219999999999999973e-01,6.207200000000000495e-01,6.127000000000000224e-01,5.827599999999999447e-01,5.796099999999999586e-01,5.907599999999999518e-01,6.117700000000000360e-01,6.064699999999999536e-01,5.934399999999999675e-01,5.985399999999999610e-01,5.955000000000000293e-01,5.993399999999999839e-01,6.203800000000000425e-01,6.088999999999999968e-01,5.702800000000000091e-01,5.963800000000000212e-01,6.062100000000000266e-01,5.552899999999999503e-01,5.747999999999999776e-01,6.208000000000000185e-01,5.941699999999999759e-01,5.985599999999999810e-01,5.561599999999999877e-01,5.966000000000000192e-01,5.664099999999999691e-01,5.757299999999999640e-01,5.874399999999999622e-01,5.825299999999999923e-01,5.836000000000000076e-01,5.809199999999999919e-01,5.824899999999999523e-01,5.775599999999999623e-01,5.459100000000000064e-01,5.932899999999999840e-01
6.039600000000000524e-01,5.480899999999999661e-01,5.732000000000000428e-01,5.831100000000000172e-01,5.868200000000000083e-01,5.614000000000000101e-01,5.723899999999999544e-01,5.850800000000000445e-01,5.676499999999999879e-01,5.833399999999999697e-01,5.878600000000000492e-01,5.894200000000000550e-01,5.806299999999999795e-01,5.679999999999999494e-01,5.549199999999999688e-01,5.443400000000000460e-01,5.676099999999999479e-01,5.685999999999999943e-01,5.460399999999999698e-01,5.537600000000000300e-01,5.840699999999999781e-01,5.469399999999999817e-01,5.561199999999999477e-01,6.007000000000000117e-01,5.560699999999999532e-01,5.742099999999999982e-01,5.456699999999999884e-01,5.673099999999999810e-01,5.538100000000000245e-01,5.414099999999999469e-01,5.569800000000000306e-01,5.928900000000000281e-01,6.044399999999999773e-01,5.996399999999999508e-01,6.049099999999999477e-01,5.803800000000000070e-01,5.952600000000000113e-01,6.004800000000000137e-01,5.936900000000000510e-01,5.985000000000000320e-01,6.055599999999999872e-01,6.025199999999999445e-01,5.936200000000000365e-01,5.947999999999999954e-01,6.117700000000000360e-01,5.815299999999999914e-01,5.560899999999999732e-01,5.771899999999999809e-01,5.831100000000000172e-01,5.810400000000000009e-01,5.620199999999999640e-01,5.721000000000000529e-01,5.948400000000000354e-01,5.646600000000000508e-01,5.971699999999999786e-01,5.798699999999999966e-01,5.774299999999999988e-01,5.724099999999999744e-01,5.813000000000000389e-01,5.602500000000000258e-01,5.460700000000000554e-01,5.923199999999999577e-01,5.683099999999999818e-01,5.754000000000000226e-01,0.000000000000000000e+00,5.941100000000000270e-01,5.427800000000000402e-01,5.689100000000000268e-01,5.867499999999999938e-01,5.594200000000000284e-01,5.657499999999999751e-01,5.522200000000000442e-01,5.611300000000000177e-01,5.512399999999999523e-01,0.000000000000000000e+00,5.726999999999999869e-01
5.869900000000000118e-01,5.618699999999999806e-01,5.894700000000000495e-01,6.109299999999999731e-01,6.022199999999999775e-01,5.758199999999999985e-01,5.865000000000000213e-01,5.733500000000000263e-01,5.930400000000000116e-01,6.048599999999999532e-01,6.018099999999999561e-01,5.806299999999999795e-01,5.940400000000000125e-01,5.776799999999999713e-01,0.000000000000000000e+00,5.659999999999999476e-01,5.957700000000000218e-01,5.952300000000000368e-01,5.577900000000000080e-01,5.659399999999999986e-01,5.827999999999999847e-01,5.634400000000000519e-01,5.549800000000000288e-01,5.930600000000000316e-01,5.713899999999999535e-01,5.793700000000000516e-01,5.599699999999999678e-01,5.806499999999999995e-01,5.703700000000000436e-01,5.625099999999999545e-01,5.653799999999999937e-01,6.096599999999999797e-01,6.169799999999999729e-01,6.073399999999999910e-01,6.310599999999999543e-01,5.854599999999999804e-01,6.113300000000000400e-01,5.978599999999999470e-01,6.156099999999999905e-01,6.137200000000000433e-01,6.040299999999999558e-01,6.231700000000000017e-01,6.127299999999999969e-01,6.135899999999999688e-01,6.038799999999999724e-01,5.714900000000000535e-01,5.712599999999999900e-01,5.828200000000000047e-01,6.048099999999999588e-01,5.997099999999999653e-01,5.831899999999999862e-01,5.904300000000000104e-01,5.843500000000000361e-01,5.889100000000000446e-01,6.129700000000000149e-01,5.963699999999999557e-01,5.619300000000000406e-01,5.888099999999999445e-01,5.961400000000000032e-01,5.478899999999999881e-01,5.639800000000000368e-01,6.133600000000000163e-01,5.834500000000000242e-01,5.918099999999999472e-01,5.474900000000000322e-01,5.871899999999999897e-01,5.584299999999999820e-01,5.676600000000000534e-01,5.788699999999999957e-01,5.743200000000000527e-01,5.753500000000000281e-01,5.711699999999999555e-01,5.763099999999999890e-01,5.695999999999999952e-01,5.414600000000000524e-01,5.847400000000000375e-01
5.768400000000000194e-01,5.488199999999999745e-01,5.703200000000000491e-01,5.951600000000000223e-01,5.862600000000000033e-01,5.644000000000000128e-01,5.714599999999999680e-01,5.570500000000000451e-01,5.780399999999999983e-01,5.974500000000000366e-01,5.899299999999999544e-01,5.679999999999999494e-01,5.776799999999999713e-01,5.674299999999999899e-01,0.000000000000000000e+00,5.542200000000000459e-01,5.856200000000000294e-01,5.763300000000000090e-01,5.485200000000000076e-01,5.539100000000000135e-01,5.634599999999999609e-01,5.496799999999999464e-01,5.458199999999999719e-01,5.814700000000000424e-01,5.566999999999999726e-01,5.653799999999999937e-01,5.542599999999999749e-01,5.694000000000000172e-01,5.577900000000000080e-01,5.586999999999999744e-01,5.551199999999999468e-01,5.823599999999999888e-01,5.983100000000000085e-01,5.868900000000000228e-01,6.116399999999999615e-01,5.719999999999999529e-01,5.965399999999999592e-01,5.933300000000000241e-01,5.867599999999999483e-01,5.824099999999999833e-01,5.813099999999999934e-01,6.015700000000000491e-01,6.077299999999999924e-01,5.975000000000000311e-01,5.767900000000000249e-01,5.552799999999999958e-01,5.639899999999999913e-01,5.666999999999999815e-01,5.794300000000000006e-01,5.877499999999999947e-01,5.692500000000000338e-01,5.766200000000000214e-01,5.699100000000000277e-01,5.760999999999999455e-01,5.989700000000000024e-01,5.856900000000000439e-01,5.496900000000000119e-01,5.761399999999999855e-01,5.938799999999999635e-01,5.394999999999999796e-01,5.582899999999999530e-01,5.954300000000000148e-01,5.722099999999999964e-01,5.785799999999999832e-01,0.000000000000000000e+00,5.745500000000000052e-01,5.459699999999999553e-01,5.549800000000000288e-01,5.600600000000000023e-01,5.628100000000000325e-01,5.602300000000000058e-01,5.619899999999999896e-01,5.630399999999999849e-01,5.562500000000000222e-01,0.000000000000000000e+00,5.692199999999999482e-01
5.675499999999999989e-01,0.000000000000000000e+00,5.533000000000000140e-01,5.429500000000000437e-01,5.407100000000000239e-01,0.000000000000000000e+00,0.000000000000000000e+00,5.558499999999999552e-01,0.000000000000000000e+00,5.415999999999999703e-01,5.443000000000000060e-01,5.549199999999999688e-01,0.000000000000000000e+00,0.000000000000000000e+00,5.435799999999999521e-01,0.000000000000000000e+00,0.000000000000000000e+00,0.000000000000000000e+00,0.000000000000000000e+00,0.000000000000000000e+00,5.493400000000000505e-01,0.000000000000000000e+00,0.000000000000000000e+00,5.691800000000000193e-01,0.000000000000000000e+00,5.422099999999999698e-01,0.000000000000000000e+00,0.000000000000000000e+00,0.000000000000000000e+00,0.000000000000000000e+00,0.000000000000000000e+00,5.395900000000000141e-01,5.524700000000000166e-01,5.582000000000000295e-01,5.555400000000000338e-01,5.399000000000000465e-01,5.508100000000000218e-01,5.550199999999999578e-01,0.000000000000000000e+00,5.407699999999999729e-01,5.640699999999999603e-01,5.476900000000000102e-01,5.474700000000000122e-01,5.522000000000000242e-01,5.592399999999999594e-01,5.394600000000000506e-01,0.000000000000000000e+00,5.520800000000000152e-01,0.000000000000000000e+00,0.000000000000000000e+00,0.000000000000000000e+00,0.000000000000000000e+00,5.565200000000000147e-01,0.000000000000000000e+00,5.483900000000000441e-01,5.425600000000000422e-01,5.467999999999999527e-01,0.000000000000000000e+00,0.000000000000000000e+00,5.421300000000000008e-01,0.000000000000000000e+00,5.544900000000000384e-01,0.000000000000000000e+00,5.472099999999999742e-01,0.000000000000000000e+00,5.547299999999999454e-01,0.000000000000000000e+00,5.426499999999999657e-01,5.663000000000000256e-01,0.000000000000000000e+00,0.000000000000000000e+00,0.000000000000000000e+00,0.000000000000000000e+00,0.000000000000000000e+00,0.000000000000000000e+00,0.000000000000000000e+00
5.559800000000000297e-01,5.442599999999999660e-01,5.674200000000000355e-01,5.843500000000000361e-01,5.685999999999999943e-01,5.559100000000000152e-01,5.582300000000000040e-01,5.482700000000000351e-01,5.713899999999999535e-01,5.760699999999999710e-01,5.705400000000000471e-01,5.443400000000000460e-01,5.659999999999999476e-01,5.542200000000000459e-01,0.000000000000000000e+00,5.452200000000000379e-01,5.629999999999999449e-01,5.698199999999999932e-01,5.399300000000000210e-01,5.521300000000000097e-01,5.497499999999999609e-01,5.471000000000000307e-01,0.000000000000000000e+00,5.605499999999999927e-01,5.552200000000000468e-01,5.569199999999999706e-01,5.455499999999999794e-01,5.578100000000000280e-01,5.502000000000000224e-01,5.463299999999999823e-01,5.433900000000000396e-01,5.676299999999999679e-01,5.861800000000000344e-01,5.735000000000000098e-01,5.908400000000000318e-01,5.626799999999999580e-01,5.881899999999999906e-01,5.637100000000000444e-01,5.666999999999999815e-01,5.771800000000000264e-01,5.674400000000000555e-01,5.825900000000000523e-01,5.877200000000000202e-01,5.834599999999999786e-01,5.705900000000000416e-01,5.393400000000000416e-01,5.495200000000000085e-01,5.544299999999999784e-01,5.784399999999999542e-01,5.653799999999999937e-01,5.642899999999999583e-01,5.631000000000000449e-01,5.535299999999999665e-01,5.699400000000000022e-01,5.782300000000000217e-01,5.677400000000000224e-01,0.000000000000000000e+00,5.632000000000000339e-01,5.754700000000000371e-01,0.000000000000000000e+00,5.474999999999999867e-01,5.798200000000000021e-01,5.645400000000000418e-01,5.672500000000000320e-01,5.398300000000000320e-01,5.520399999999999752e-01,5.458499999999999464e-01,5.432500000000000107e-01,5.502000000000000224e-01,5.529899999999999816e-01,5.495700000000000029e-01,5.526400000000000201e-01,5.516299999999999537e-01,5.536999999999999700e-01,0.000000000000000000e+00,5.582700000000000440e-01
5.885399999999999521e-01,5.635000000000000009e-01,5.823300000000000143e-01,6.125099999999999989e-01,6.033300000000000329e-01,5.780300000000000438e-01,5.917400000000000437e-01,5.709999999999999520e-01,5.900300000000000544e-01,6.037200000000000344e-01,6.002999999999999448e-01,5.676099999999999479e-01,5.957700000000000218e-01,5.856200000000000294e-01,0.000000000000000000e+00,5.629999999999999449e-01,5.834599999999999786e-01,5.919600000000000417e-01,5.549100000000000144e-01,5.696099999999999497e-01,5.788400000000000212e-01,5.666299999999999670e-01,5.567600000000000326e-01,5.850800000000000445e-01,5.757400000000000295e-01,5.818799999999999528e-01,5.593500000000000139e-01,5.827299999999999702e-01,5.732000000000000428e-01,5.672700000000000520e-01,5.633899999999999464e-01,6.140799999999999592e-01,6.226500000000000368e-01,5.999200000000000088e-01,6.245100000000000096e-01,5.932600000000000096e-01,6.146500000000000297e-01,5.816599999999999548e-01,6.071800000000000530e-01,6.191799999999999526e-01,5.967299999999999827e-01,6.132400000000000073e-01,6.206500000000000350e-01,6.238500000000000156e-01,5.962100000000000177e-01,5.700699999999999656e-01,5.736099999999999532e-01,5.728999999999999648e-01,6.097900000000000542e-01,5.941999999999999504e-01,5.871399999999999952e-01,5.929299999999999571e-01,5.762199999999999545e-01,5.919299999999999562e-01,6.044500000000000428e-01,5.935300000000000020e-01,5.488499999999999490e-01,5.897000000000000020e-01,6.060100000000000486e-01,5.427300000000000457e-01,5.668100000000000360e-01,6.054300000000000237e-01,5.827900000000000302e-01,5.849100000000000410e-01,5.498600000000000154e-01,5.780399999999999983e-01,5.615599999999999481e-01,5.662599999999999856e-01,5.662800000000000056e-01,5.725500000000000034e-01,5.719300000000000495e-01,5.700800000000000312e-01,5.786799999999999722e-01,5.698800000000000532e-01,0.000000000000000000e+00,5.821100000000000163e-01
5.859900000000000109e-01,5.665200000000000236e-01,5.953000000000000513e-01,6.138000000000000123e-01,5.995200000000000529e-01,5.835700000000000331e-01,5.864500000000000268e-01,5.737900000000000222e-01,6.030900000000000150e-01,6.051100000000000367e-01,6.026899999999999480e-01,5.685999999999999943e-01,5.952300000000000368e-01,5.763300000000000090e-01,0.000000000000000000e+00,5.698199999999999932e-01,5.919600000000000417e-01,5.966000000000000192e-01,5.602700000000000458e-01,5.747299999999999631e-01,5.762699999999999489e-01,5.719400000000000039e-01,5.572500000000000231e-01,5.924300000000000122e-01,5.762699999999999489e-01,5.843899999999999650e-01,5.661300000000000221e-01,5.837599999999999456e-01,5.762300000000000200e-01,5.628400000000000070e-01,5.648400000000000087e-01,6.058099999999999596e-01,6.228700000000000347e-01,6.070499999999999785e-01,6.282200000000000006e-01,5.871199999999999752e-01,6.190999999999999837e-01,5.912100000000000133e-01,6.068900000000000405e-01,6.159000000000000030e-01,6.016700000000000381e-01,6.227800000000000002e-01,6.181100000000000483e-01,6.187899999999999512e-01,6.053899999999999837e-01,5.674599999999999644e-01,5.747700000000000031e-01,5.862100000000000088e-01,6.129299999999999748e-01,5.961699999999999777e-01,5.942800000000000304e-01,5.922899999999999832e-01,5.786999999999999922e-01,5.978900000000000325e-01,6.098299999999999832e-01,5.976399999999999491e-01,5.539800000000000280e-01,5.927299999999999791e-01,6.018900000000000361e-01,5.473700000000000232e-01,5.699600000000000222e-01,6.110100000000000531e-01,5.898700000000000054e-01,5.982699999999999685e-01,5.580399999999999805e-01,5.786400000000000432e-01,5.660600000000000076e-01,5.690899999999999848e-01,5.836400000000000476e-01,5.788600000000000412e-01,5.752300000000000191e-01,5.780499999999999527e-01,5.781600000000000072e-01,5.790100000000000247e-01,0.000000000000000000e+00,5.869799999999999462e-01
5.591300000000000159e-01,0.000000000000000000e+00,5.593399999999999483e-01,5.714700000000000335e-01,5.636600000000000499e-01,5.465400000000000258e-01,5.500099999999999989e-01,5.470199999999999507e-01,5.592300000000000049e-01,5.671599999999999975e-01,5.628699999999999815e-01,5.460399999999999698e-01,5.577900000000000080e-01,5.485200000000000076e-01,0.000000000000000000e+00,5.399300000000000210e-01,5.549100000000000144e-01,5.602700000000000458e-01,0.000000000000000000e+00,5.406199999999999894e-01,5.504999999999999893e-01,0.000000000000000000e+00,0.000000000000000000e+00,5.623500000000000165e-01,5.442500000000000115e-01,5.513799999999999812e-01,0.000000000000000000e+00,5.489100000000000090e-01,5.409000000000000474e-01,0.000000000000000000e+00,0.000000000000000000e+00,5.619199999999999751e-01,5.740600000000000147e-01,5.692700000000000538e-01,5.850800000000000445e-01,5.572799999999999976e-01,5.757200000000000095e-01,5.664799999999999836e-01,5.553500000000000103e-01,5.725099999999999634e-01,5.684500000000000108e-01,5.757299999999999640e-01,5.721800000000000219e-01,5.693500000000000227e-01,5.622000000000000330e-01,0.000000000000000000e+00,5.413700000000000179e-01,5.510800000000000143e-01,5.652800000000000047e-01,5.597999999999999643e-01,5.528800000000000381e-01,5.530300000000000216e-01,5.472900000000000542e-01,5.593599999999999683e-01,5.713500000000000245e-01,5.602200000000000513e-01,0.000000000000000000e+00,5.527199999999999891e-01,5.585700000000000109e-01,0.000000000000000000e+00,0.000000000000000000e+00,5.709699999999999775e-01,5.506499999999999728e-01,5.558499999999999552e-01,0.000000000000000000e+00,5.496999999999999664e-01,0.000000000000000000e+00,0.000000000000000000e+00,5.503299999999999859e-01,5.451799999999999979e-01,5.428100000000000147e-01,5.437899999999999956e-01,5.423200000000000243e-01,5.418699999999999628e-01,0.000000000000000000e+00,5.504999999999999893e-01
5.671399999999999775e-01,5.436499999999999666e-01,5.745700000000000252e-01,5.807200000000000140e-01,5.696700000000000097e-01,5.603900000000000547e-01,5.562899999999999512e-01,5.615299999999999736e-01,5.723300000000000054e-01,5.748999999999999666e-01,5.728900000000000103e-01,5.537600000000000300e-01,5.659399999999999986e-01,5.539100000000000135e-01,0.000000000000000000e+00,5.521300000000000097e-01,5.696200000000000152e-01,5.747299999999999631e-01,5.406199999999999894e-01,5.523099999999999676e-01,5.541899999999999604e-01,5.474200000000000177e-01,5.405499999999999750e-01,5.759999999999999565e-01,5.513799999999999812e-01,5.609699999999999687e-01,5.461099999999999843e-01,5.546999999999999709e-01,5.521800000000000042e-01,5.408800000000000274e-01,5.427699999999999747e-01,5.719400000000000039e-01,5.870800000000000463e-01,5.777900000000000258e-01,5.942300000000000360e-01,5.647499999999999742e-01,5.854800000000000004e-01,5.685499999999999998e-01,5.729499999999999593e-01,5.805299999999999905e-01,5.802000000000000490e-01,5.900400000000000089e-01,5.826500000000000012e-01,5.789800000000000502e-01,5.707100000000000506e-01,5.438399999999999901e-01,5.519300000000000317e-01,5.657100000000000461e-01,5.776000000000000023e-01,5.661300000000000221e-01,5.656999999999999806e-01,5.606799999999999562e-01,5.567699999999999871e-01,5.712599999999999900e-01,5.770899999999999919e-01,5.684399999999999453e-01,0.000000000000000000e+00,5.643000000000000238e-01,5.689699999999999758e-01,0.000000000000000000e+00,5.491000000000000325e-01,5.812500000000000444e-01,5.596100000000000518e-01,5.688699999999999868e-01,5.393999999999999906e-01,5.551700000000000523e-01,5.457199999999999829e-01,5.468699999999999672e-01,5.630899999999999794e-01,5.533799999999999830e-01,5.517999999999999572e-01,5.543700000000000294e-01,5.517800000000000482e-01,5.534900000000000375e-01,0.000000000000000000e+00,5.618400000000000061e-01
5.882899999999999796e-01,5.507199999999999873e-01,5.811500000000000554e-01,5.893500000000000405e-01,5.867400000000000393e-01,5.632800000000000029e-01,5.732099999999999973e-01,5.778400000000000203e-01,5.806700000000000195e-01,5.916599999999999637e-01,5.908600000000000518e-01,5.840699999999999781e-01,5.827999999999999847e-01,5.634599999999999609e-01,5.493400000000000505e-01,5.497499999999999609e-01,5.788400000000000212e-01,5.762699999999999489e-01,5.504999999999999893e-01,5.541899999999999604e-01,5.801600000000000090e-01,5.487400000000000055e-01,5.537800000000000500e-01,5.958400000000000363e-01,5.561700000000000532e-01,5.735700000000000243e-01,5.505799999999999583e-01,5.683500000000000218e-01,5.556699999999999973e-01,5.429599999999999982e-01,5.555999999999999828e-01,5.986599999999999699e-01,6.072699999999999765e-01,6.007400000000000517e-01,6.183699999999999752e-01,5.708199999999999941e-01,5.962199999999999722e-01,5.976399999999999491e-01,6.049799999999999622e-01,5.980999999999999650e-01,6.032100000000000239e-01,6.139000000000000012e-01,5.928799999999999626e-01,5.928799999999999626e-01,6.015599999999999836e-01,5.674700000000000299e-01,5.603500000000000147e-01,5.795700000000000296e-01,5.873899999999999677e-01,5.861800000000000344e-01,5.704299999999999926e-01,5.727499999999999813e-01,5.910999999999999588e-01,5.755000000000000115e-01,5.998599999999999488e-01,5.907599999999999518e-01,5.742300000000000182e-01,5.741800000000000237e-01,5.783500000000000307e-01,5.595599999999999463e-01,5.552399999999999558e-01,6.014800000000000146e-01,5.724299999999999944e-01,5.859699999999999909e-01,0.000000000000000000e+00,5.911300000000000443e-01,5.468199999999999728e-01,5.681300000000000239e-01,5.853699999999999459e-01,5.617600000000000371e-01,5.657499999999999751e-01,5.594599999999999573e-01,5.613200000000000411e-01,5.573299999999999921e-01,0.000000000000000000e+00,5.738600000000000367e-01
