5.429699999999999527e-01,0.000000000000000000e+00,5.406600000000000295e-01,5.746299999999999741e-01,5.776299999999999768e-01,0.000000000000000000e+00,5.649800000000000377e-01,5.661300000000000221e-01,5.416800000000000503e-01,5.554900000000000393e-01,5.434299999999999686e-01,5.722199999999999509e-01,5.520100000000000007e-01,5.669399999999999995e-01,0.000000000000000000e+00,0.000000000000000000e+00,0.000000000000000000e+00,0.000000000000000000e+00,0.000000000000000000e+00,0.000000000000000000e+00,5.441799999999999971e-01,0.000000000000000000e+00,0.000000000000000000e+00,5.546900000000000164e-01,0.000000000000000000e+00,5.450899999999999634e-01,0.000000000000000000e+00,5.431300000000000017e-01,5.398800000000000265e-01,5.558400000000000007e-01,5.641899999999999693e-01,5.637999999999999678e-01,5.789499999999999647e-01,5.591800000000000104e-01,5.582000000000000295e-01,5.755900000000000460e-01,5.697200000000000042e-01,5.689899999999999958e-01,5.752399999999999736e-01,5.888099999999999445e-01,5.832699999999999552e-01,5.851399999999999935e-01,5.433400000000000452e-01,5.611699999999999466e-01,5.750399999999999956e-01,5.639499999999999513e-01,0.000000000000000000e+00,0.000000000000000000e+00,5.662399999999999656e-01,5.622099999999999875e-01,0.000000000000000000e+00,5.708600000000000341e-01,5.606600000000000472e-01,5.618699999999999806e-01,5.572300000000000031e-01,5.472599999999999687e-01,5.731199999999999628e-01,5.567999999999999616e-01,5.462000000000000188e-01,5.482200000000000406e-01,0.000000000000000000e+00,0.000000000000000000e+00,0.000000000000000000e+00,5.413400000000000434e-01,0.000000000000000000e+00,5.508499999999999508e-01,0.000000000000000000e+00,0.000000000000000000e+00,5.539899999999999824e-01,0.000000000000000000e+00,5.456400000000000139e-01,0.000000000000000000e+00,0.000000000000000000e+00,0.000000000000000000e+00,0.000000000000000000e+00,5.473999999999999977e-01
0.000000000000000000e+00,0.000000000000000000e+00,0.000000000000000000e+00,5.754599999999999715e-01,5.787299999999999667e-01,0.000000000000000000e+00,5.720699999999999674e-01,5.616100000000000536e-01,5.459600000000000009e-01,5.562300000000000022e-01,5.472700000000000342e-01,5.629499999999999504e-01,5.576799999999999535e-01,5.748999999999999666e-01,5.400300000000000100e-01,5.437100000000000266e-01,5.436400000000000121e-01,0.000000000000000000e+00,0.000000000000000000e+00,5.426600000000000312e-01,5.416499999999999648e-01,5.455100000000000504e-01,5.414999999999999813e-01,5.458300000000000374e-01,0.000000000000000000e+00,5.474900000000000322e-01,0.000000000000000000e+00,5.547600000000000309e-01,5.532599999999999740e-01,5.650500000000000522e-01,5.607100000000000417e-01,5.655999999999999917e-01,5.796299999999999786e-01,5.477699999999999791e-01,5.480099999999999971e-01,5.784299999999999997e-01,5.710800000000000320e-01,5.643899999999999473e-01,5.742399999999999727e-01,5.836599999999999566e-01,5.675900000000000389e-01,5.755400000000000515e-01,5.545400000000000329e-01,5.763300000000000090e-01,5.763099999999999890e-01,0.000000000000000000e+00,0.000000000000000000e+00,5.473799999999999777e-01,5.673500000000000210e-01,5.663399999999999546e-01,5.441200000000000481e-01,5.703899999999999526e-01,5.635499999999999954e-01,5.683799999999999963e-01,5.610000000000000542e-01,5.584099999999999620e-01,5.612399999999999611e-01,5.608499999999999597e-01,5.619600000000000151e-01,5.476900000000000102e-01,0.000000000000000000e+00,0.000000000000000000e+00,0.000000000000000000e+00,5.442900000000000515e-01,0.000000000000000000e+00,0.000000000000000000e+00,0.000000000000000000e+00,5.457600000000000229e-01,5.416499999999999648e-01,5.439800000000000191e-01,5.473200000000000287e-01,5.410399999999999654e-01,5.428899999999999837e-01,0.000000000000000000e+00,0.000000000000000000e+00,5.466999999999999638e-01
5.406600000000000295e-01,0.000000000000000000e+00,0.000000000000000000e+00,5.755500000000000060e-01,5.764899999999999469e-01,0.000000000000000000e+00,5.715000000000000080e-01,5.573200000000000376e-01,5.474900000000000322e-01,5.530899999999999705e-01,5.453400000000000469e-01,5.612200000000000522e-01,5.535499999999999865e-01,5.718999999999999639e-01,0.000000000000000000e+00,0.000000000000000000e+00,0.000000000000000000e+00,0.000000000000000000e+00,0.000000000000000000e+00,5.484599999999999476e-01,0.000000000000000000e+00,5.494900000000000340e-01,5.411200000000000454e-01,5.418399999999999883e-01,0.000000000000000000e+00,5.460199999999999498e-01,0.000000000000000000e+00,5.509699999999999598e-01,5.507800000000000473e-01,5.652300000000000102e-01,5.641100000000000003e-01,5.696099999999999497e-01,5.895899999999999475e-01,5.549800000000000288e-01,5.493700000000000250e-01,5.819100000000000383e-01,5.767099999999999449e-01,5.661199999999999566e-01,5.773099999999999898e-01,5.852000000000000535e-01,5.804500000000000215e-01,5.859400000000000164e-01,5.594700000000000228e-01,5.750300000000000411e-01,5.938700000000000090e-01,5.487699999999999800e-01,0.000000000000000000e+00,5.499199999999999644e-01,5.674700000000000299e-01,5.627400000000000180e-01,5.481800000000000006e-01,5.714500000000000135e-01,5.630500000000000504e-01,5.713300000000000045e-01,5.620100000000000096e-01,5.510399999999999743e-01,5.617999999999999661e-01,5.567900000000000071e-01,5.576799999999999535e-01,5.554999999999999938e-01,0.000000000000000000e+00,0.000000000000000000e+00,0.000000000000000000e+00,5.474799999999999667e-01,0.000000000000000000e+00,0.000000000000000000e+00,0.000000000000000000e+00,5.484700000000000131e-01,0.000000000000000000e+00,5.439199999999999591e-01,5.483200000000000296e-01,5.407999999999999474e-01,0.000000000000000000e+00,0.000000000000000000e+00,0.000000000000000000e+00,5.488499999999999490e-01
5.746299999999999741e-01,5.754599999999999715e-01,5.755500000000000060e-01,6.302499999999999769e-01,6.357500000000000373e-01,5.577900000000000080e-01,6.233300000000000507e-01,6.108500000000000041e-01,5.838600000000000456e-01,6.017700000000000271e-01,5.877000000000000002e-01,6.198200000000000376e-01,6.032800000000000384e-01,6.257599999999999829e-01,5.746200000000000196e-01,5.700899999999999856e-01,5.825900000000000523e-01,5.607799999999999452e-01,5.624500000000000055e-01,5.775900000000000478e-01,5.805299999999999905e-01,5.802300000000000235e-01,5.722099999999999964e-01,5.851899999999999880e-01,5.750399999999999956e-01,5.902199999999999669e-01,5.568999999999999506e-01,5.909799999999999498e-01,5.967700000000000227e-01,6.050799999999999512e-01,6.048999999999999932e-01,6.412799999999999612e-01,6.445600000000000218e-01,5.967099999999999627e-01,6.005899999999999572e-01,6.456499999999999462e-01,6.353699999999999903e-01,6.131900000000000128e-01,6.448599999999999888e-01,6.497500000000000497e-01,6.364300000000000512e-01,6.396300000000000319e-01,6.126800000000000024e-01,6.361900000000000333e-01,6.335399999999999920e-01,5.849100000000000410e-01,5.600500000000000478e-01,5.881199999999999761e-01,6.190099999999999492e-01,6.125599999999999934e-01,5.817400000000000349e-01,6.262699999999999934e-01,6.056899999999999507e-01,6.205199999999999605e-01,6.120700000000000029e-01,5.950999999999999623e-01,6.156300000000000106e-01,6.058299999999999796e-01,6.036200000000000454e-01,5.926500000000000101e-01,5.608600000000000252e-01,5.647199999999999998e-01,5.674200000000000355e-01,5.902399999999999869e-01,5.557299999999999462e-01,5.786400000000000432e-01,5.597600000000000353e-01,5.848200000000000065e-01,5.831199999999999717e-01,5.838799999999999546e-01,5.889900000000000135e-01,5.734900000000000553e-01,5.747200000000000086e-01,5.647699999999999942e-01,0.000000000000000000e+00,5.874000000000000332e-01
5.776299999999999768e-01,5.787299999999999667e-01,5.764899999999999469e-01,6.357500000000000373e-01,6.446199999999999708e-01,5.596999999999999753e-01,6.308000000000000274e-01,6.155399999999999761e-01,5.872800000000000242e-01,6.075300000000000145e-01,5.953800000000000203e-01,6.259500000000000064e-01,6.078299999999999814e-01,6.311600000000000543e-01,5.760899999999999910e-01,5.843399999999999705e-01,5.834599999999999786e-01,5.670100000000000140e-01,5.650100000000000122e-01,5.771600000000000064e-01,5.892800000000000260e-01,5.803199999999999470e-01,5.733000000000000318e-01,5.881300000000000416e-01,5.816700000000000204e-01,5.924599999999999866e-01,5.564400000000000457e-01,5.993899999999999784e-01,6.008799999999999697e-01,6.080299999999999594e-01,6.085199999999999498e-01,6.420099999999999696e-01,6.417399999999999771e-01,5.991600000000000259e-01,6.050299999999999567e-01,6.489300000000000068e-01,6.359099999999999753e-01,6.101400000000000157e-01,6.481099999999999639e-01,6.496499999999999497e-01,6.328300000000000036e-01,6.379899999999999460e-01,6.073699999999999655e-01,6.338300000000000045e-01,6.388300000000000090e-01,5.792500000000000426e-01,5.562899999999999512e-01,5.888600000000000501e-01,6.242600000000000371e-01,6.265699999999999603e-01,5.808299999999999574e-01,6.335800000000000320e-01,6.109599999999999476e-01,6.231600000000000472e-01,6.193499999999999561e-01,6.077900000000000524e-01,6.261900000000000244e-01,6.118999999999999995e-01,6.119299999999999740e-01,5.879600000000000382e-01,5.656099999999999461e-01,5.691300000000000248e-01,5.718499999999999694e-01,5.894200000000000550e-01,5.544799999999999729e-01,5.843899999999999650e-01,5.590000000000000524e-01,5.859100000000000419e-01,5.868200000000000083e-01,5.857200000000000184e-01,5.919999999999999707e-01,5.759499999999999620e-01,5.811300000000000354e-01,5.704200000000000381e-01,0.000000000000000000e+00,5.905200000000000449e-01
0.000000000000000000e+00,0.000000000000000000e+00,0.000000000000000000e+00,5.577900000000000080e-01,5.596999999999999753e-01,0.000000000000000000e+00,5.550399999999999778e-01,5.504999999999999893e-01,0.000000000000000000e+00,5.461000000000000298e-01,0.000000000000000000e+00,5.456800000000000539e-01,5.414400000000000324e-01,5.548800000000000399e-01,0.000000000000000000e+00,0.000000000000000000e+00,0.000000000000000000e+00,0.000000000000000000e+00,0.000000000000000000e+00,0.000000000000000000e+00,0.000000000000000000e+00,0.000000000000000000e+00,0.000000000000000000e+00,0.000000000000000000e+00,0.000000000000000000e+00,0.000000000000000000e+00,0.000000000000000000e+00,0.000000000000000000e+00,5.398699999999999610e-01,5.518899999999999917e-01,5.482099999999999751e-01,5.592000000000000304e-01,5.661899999999999711e-01,0.000000000000000000e+00,5.403700000000000170e-01,5.667699999999999960e-01,5.605299999999999727e-01,5.502799999999999914e-01,5.602500000000000258e-01,5.656900000000000261e-01,5.590500000000000469e-01,5.644400000000000528e-01,5.440000000000000391e-01,5.588999999999999524e-01,5.717999999999999750e-01,0.000000000000000000e+00,0.000000000000000000e+00,0.000000000000000000e+00,5.519300000000000317e-01,5.488800000000000345e-01,0.000000000000000000e+00,5.556699999999999973e-01,5.497900000000000009e-01,5.590899999999999759e-01,5.513900000000000468e-01,5.422799999999999843e-01,5.470599999999999907e-01,5.456400000000000139e-01,5.454700000000000104e-01,5.420599999999999863e-01,0.000000000000000000e+00,0.000000000000000000e+00,0.000000000000000000e+00,0.000000000000000000e+00,0.000000000000000000e+00,0.000000000000000000e+00,0.000000000000000000e+00,0.000000000000000000e+00,0.000000000000000000e+00,0.000000000000000000e+00,0.000000000000000000e+00,0.000000000000000000e+00,0.000000000000000000e+00,0.000000000000000000e+00,0.000000000000000000e+00,0.000000000000000000e+00
5.649800000000000377e-01,5.720699999999999674e-01,5.715000000000000080e-01,6.233300000000000507e-01,6.308000000000000274e-01,5.550399999999999778e-01,6.179299999999999793e-01,6.072999999999999510e-01,5.819800000000000528e-01,6.001499999999999613e-01,5.897700000000000164e-01,6.113699999999999690e-01,6.001600000000000268e-01,6.186399999999999677e-01,5.707400000000000251e-01,5.785299999999999887e-01,5.809299999999999464e-01,5.613700000000000356e-01,5.607699999999999907e-01,5.745700000000000252e-01,5.780600000000000183e-01,5.783599999999999852e-01,5.694299999999999917e-01,5.797299999999999676e-01,5.746599999999999486e-01,5.835099999999999731e-01,5.541399999999999659e-01,5.907499999999999973e-01,5.925000000000000266e-01,6.020699999999999941e-01,5.979400000000000270e-01,6.308200000000000474e-01,6.283199999999999896e-01,5.890999999999999570e-01,5.958999999999999853e-01,6.357899999999999663e-01,6.261799999999999589e-01,6.018400000000000416e-01,6.369399999999999507e-01,6.391900000000000359e-01,6.220999999999999863e-01,6.285100000000000131e-01,6.018299999999999761e-01,6.242999999999999661e-01,6.357699999999999463e-01,5.667299999999999560e-01,5.555200000000000138e-01,5.847799999999999665e-01,6.123199999999999754e-01,6.123800000000000354e-01,5.773200000000000554e-01,6.209999999999999964e-01,6.045599999999999863e-01,6.168799999999999839e-01,6.118799999999999795e-01,5.992399999999999949e-01,6.108200000000000296e-01,6.021900000000000031e-01,6.022699999999999720e-01,5.824200000000000488e-01,5.610100000000000087e-01,5.648199999999999887e-01,5.668100000000000360e-01,5.831899999999999862e-01,5.514599999999999502e-01,5.740100000000000202e-01,5.570800000000000196e-01,5.799100000000000366e-01,5.786499999999999977e-01,5.812300000000000244e-01,5.835500000000000131e-01,5.725400000000000489e-01,5.735400000000000498e-01,5.650800000000000267e-01,0.000000000000000000e+00,5.811699999999999644e-01
5.661300000000000221e-01,5.616100000000000536e-01,5.573200000000000376e-01,6.108500000000000041e-01,6.155399999999999761e-01,5.504999999999999893e-01,6.072999999999999510e-01,6.095599999999999907e-01,5.684399999999999453e-01,5.811899999999999844e-01,5.761699999999999600e-01,6.061199999999999921e-01,5.897799999999999709e-01,6.093300000000000383e-01,5.657100000000000461e-01,5.600000000000000533e-01,5.649199999999999777e-01,5.467899999999999983e-01,5.527800000000000491e-01,5.713399999999999590e-01,5.754099999999999770e-01,5.740300000000000402e-01,5.648999999999999577e-01,5.790999999999999481e-01,5.621099999999999985e-01,5.782000000000000473e-01,5.488499999999999490e-01,5.805399999999999450e-01,5.805500000000000105e-01,5.948600000000000554e-01,5.917099999999999582e-01,6.107599999999999696e-01,6.290299999999999780e-01,5.787999999999999812e-01,5.820199999999999818e-01,6.121499999999999719e-01,6.077900000000000524e-01,5.870300000000000518e-01,6.221200000000000063e-01,6.272199999999999998e-01,6.058200000000000252e-01,6.168500000000000094e-01,5.805099999999999705e-01,6.072999999999999510e-01,6.050999999999999712e-01,5.670199999999999685e-01,5.538199999999999790e-01,5.725999999999999979e-01,6.047099999999999698e-01,6.055899999999999617e-01,5.735799999999999788e-01,6.078299999999999814e-01,5.982600000000000140e-01,6.010799999999999477e-01,5.887900000000000356e-01,5.879299999999999526e-01,5.986900000000000555e-01,5.909999999999999698e-01,5.873699999999999477e-01,5.736200000000000188e-01,5.492099999999999760e-01,5.445799999999999530e-01,5.566100000000000492e-01,5.665400000000000436e-01,5.462500000000000133e-01,5.690600000000000103e-01,5.541500000000000314e-01,5.718199999999999950e-01,5.760600000000000165e-01,5.685700000000000198e-01,5.767099999999999449e-01,5.616600000000000481e-01,5.605900000000000327e-01,5.580199999999999605e-01,0.000000000000000000e+00,5.719199999999999839e-01
5.416800000000000503e-01,5.459500000000000464e-01,5.474900000000000322e-01,5.838600000000000456e-01,5.872800000000000242e-01,0.000000000000000000e+00,5.819800000000000528e-01,5.684399999999999453e-01,5.522099999999999786e-01,5.666600000000000525e-01,5.530899999999999705e-01,5.684299999999999908e-01,5.629600000000000160e-01,5.822000000000000508e-01,5.438800000000000301e-01,5.433000000000000052e-01,5.508499999999999508e-01,0.000000000000000000e+00,0.000000000000000000e+00,5.538300000000000445e-01,5.448199999999999710e-01,5.533400000000000540e-01,5.452200000000000379e-01,5.480000000000000426e-01,5.444700000000000095e-01,5.526499999999999746e-01,0.000000000000000000e+00,5.612200000000000522e-01,5.618300000000000516e-01,5.750499999999999501e-01,5.689100000000000268e-01,5.850400000000000045e-01,5.909900000000000153e-01,5.580399999999999805e-01,5.613000000000000211e-01,5.964899999999999647e-01,5.879600000000000382e-01,5.697999999999999732e-01,5.840800000000000436e-01,5.939900000000000180e-01,5.837200000000000166e-01,5.886400000000000521e-01,5.715200000000000280e-01,5.855700000000000349e-01,5.982199999999999740e-01,5.459600000000000009e-01,0.000000000000000000e+00,5.567199999999999926e-01,5.779999999999999583e-01,5.742699999999999472e-01,5.551000000000000378e-01,5.809999999999999609e-01,5.701100000000000056e-01,5.827599999999999447e-01,5.750999999999999446e-01,5.649899999999999922e-01,5.687699999999999978e-01,5.676499999999999879e-01,5.699499999999999567e-01,5.590199999999999614e-01,5.411799999999999944e-01,0.000000000000000000e+00,5.447100000000000275e-01,5.562000000000000277e-01,0.000000000000000000e+00,5.434900000000000286e-01,0.000000000000000000e+00,5.553599999999999648e-01,5.471200000000000507e-01,5.541399999999999659e-01,5.541899999999999604e-01,5.494099999999999540e-01,5.490300000000000180e-01,5.423599999999999532e-01,0.000000000000000000e+00,5.552300000000000013e-01
5.554900000000000393e-01,5.562300000000000022e-01,5.530899999999999705e-01,6.017700000000000271e-01,6.075300000000000145e-01,5.461000000000000298e-01,6.001499999999999613e-01,5.811899999999999844e-01,5.666600000000000525e-01,5.749800000000000466e-01,5.703000000000000291e-01,5.823199999999999488e-01,5.803199999999999470e-01,6.025300000000000100e-01,5.528899999999999926e-01,5.652700000000000502e-01,5.614099999999999646e-01,5.508800000000000363e-01,5.462000000000000188e-01,5.615700000000000136e-01,5.614500000000000046e-01,5.635000000000000009e-01,5.545099999999999474e-01,5.599199999999999733e-01,5.561700000000000532e-01,5.636299999999999644e-01,0.000000000000000000e+00,5.761699999999999600e-01,5.756400000000000405e-01,5.892199999999999660e-01,5.796400000000000441e-01,5.964399999999999702e-01,6.064100000000000046e-01,5.651199999999999557e-01,5.675499999999999989e-01,6.163600000000000190e-01,6.043800000000000283e-01,5.774799999999999933e-01,6.057599999999999651e-01,6.117899999999999450e-01,5.993000000000000549e-01,6.021300000000000541e-01,5.923599999999999977e-01,6.054000000000000492e-01,6.062100000000000266e-01,5.566400000000000237e-01,0.000000000000000000e+00,5.629499999999999504e-01,5.972199999999999731e-01,5.937200000000000255e-01,5.627799999999999470e-01,5.982699999999999685e-01,5.825799999999999867e-01,5.908099999999999463e-01,5.900600000000000289e-01,5.776599999999999513e-01,5.827700000000000102e-01,5.827999999999999847e-01,5.922100000000000142e-01,5.671699999999999520e-01,5.508100000000000218e-01,5.479600000000000026e-01,5.548199999999999799e-01,5.633599999999999719e-01,0.000000000000000000e+00,5.603599999999999692e-01,5.418300000000000338e-01,5.642599999999999838e-01,5.565299999999999692e-01,5.649499999999999522e-01,5.650199999999999667e-01,5.574000000000000066e-01,5.639499999999999513e-01,5.520800000000000152e-01,0.000000000000000000e+00,5.679600000000000204e-01
5.434299999999999686e-01,5.472700000000000342e-01,5.453400000000000469e-01,5.877000000000000002e-01,5.953800000000000203e-01,0.000000000000000000e+00,5.897700000000000164e-01,5.761699999999999600e-01,5.530899999999999705e-01,5.703000000000000291e-01,5.587400000000000144e-01,5.753800000000000026e-01,5.707400000000000251e-01,5.898700000000000054e-01,5.482299999999999951e-01,5.486100000000000421e-01,5.553299999999999903e-01,5.416999999999999593e-01,5.401299999999999990e-01,5.487999999999999545e-01,5.561700000000000532e-01,5.510699999999999488e-01,5.483500000000000041e-01,5.568800000000000416e-01,5.494499999999999940e-01,5.570800000000000196e-01,0.000000000000000000e+00,5.669899999999999940e-01,5.650800000000000267e-01,5.777900000000000258e-01,5.711899999999999755e-01,5.898099999999999454e-01,5.941699999999999759e-01,5.608600000000000252e-01,5.679199999999999804e-01,5.984800000000000120e-01,5.906700000000000284e-01,5.753399999999999626e-01,5.907299999999999773e-01,5.982800000000000340e-01,5.801500000000000545e-01,5.855599999999999694e-01,5.700199999999999712e-01,5.933000000000000496e-01,5.927400000000000446e-01,0.000000000000000000e+00,0.000000000000000000e+00,5.559899999999999842e-01,5.859600000000000364e-01,5.851100000000000190e-01,5.546799999999999509e-01,5.872300000000000297e-01,5.727900000000000214e-01,5.825500000000000123e-01,5.770899999999999919e-01,5.735000000000000098e-01,5.771800000000000264e-01,5.736299999999999732e-01,5.770399999999999974e-01,5.585999999999999854e-01,5.419399999999999773e-01,5.412500000000000089e-01,5.495200000000000085e-01,5.553900000000000503e-01,0.000000000000000000e+00,5.508999999999999453e-01,0.000000000000000000e+00,5.558699999999999752e-01,5.553099999999999703e-01,5.542799999999999949e-01,5.572399999999999576e-01,5.491599999999999815e-01,5.554599999999999538e-01,5.449600000000000000e-01,0.000000000000000000e+00,5.572200000000000486e-01
5.722300000000000164e-01,5.629499999999999504e-01,5.612200000000000522e-01,6.198200000000000376e-01,6.259500000000000064e-01,5.456800000000000539e-01,6.113699999999999690e-01,6.061199999999999921e-01,5.684299999999999908e-01,5.823199999999999488e-01,5.753800000000000026e-01,6.189700000000000202e-01,5.923000000000000487e-01,6.167500000000000204e-01,5.691199999999999593e-01,5.608199999999999852e-01,5.606400000000000272e-01,5.481000000000000316e-01,5.506400000000000183e-01,5.641199999999999548e-01,5.813199999999999479e-01,5.646600000000000508e-01,5.602099999999999858e-01,5.844000000000000306e-01,5.626799999999999580e-01,5.847099999999999520e-01,5.451500000000000234e-01,5.807299999999999685e-01,5.814899999999999514e-01,5.936200000000000365e-01,5.971300000000000496e-01,6.134800000000000253e-01,6.353699999999999903e-01,5.933100000000000041e-01,5.929900000000000171e-01,6.280299999999999772e-01,6.134600000000000053e-01,5.950800000000000534e-01,6.231999999999999762e-01,6.403699999999999948e-01,6.231999999999999762e-01,6.275899999999999812e-01,5.862399999999999833e-01,6.106599999999999806e-01,6.033399999999999874e-01,5.733899999999999553e-01,5.424200000000000133e-01,5.723599999999999799e-01,6.075300000000000145e-01,6.062699999999999756e-01,5.604599999999999582e-01,6.150200000000000111e-01,5.938400000000000345e-01,5.989999999999999769e-01,5.929699999999999971e-01,5.854800000000000004e-01,6.136800000000000033e-01,5.951699999999999768e-01,5.905700000000000394e-01,5.747499999999999831e-01,5.446400000000000130e-01,5.475400000000000267e-01,5.551599999999999868e-01,5.770399999999999974e-01,5.421599999999999753e-01,5.737600000000000477e-01,5.461000000000000298e-01,5.702099999999999946e-01,5.804200000000000470e-01,5.666799999999999615e-01,5.785200000000000342e-01,5.582799999999999985e-01,5.633200000000000429e-01,5.556499999999999773e-01,0.000000000000000000e+00,5.772100000000000009e-01
5.520100000000000007e-01,5.576799999999999535e-01,5.535499999999999865e-01,6.032800000000000384e-01,6.078299999999999814e-01,5.414499999999999869e-01,6.001600000000000268e-01,5.897799999999999709e-01,5.629600000000000160e-01,5.803199999999999470e-01,5.707499999999999796e-01,5.923000000000000487e-01,5.814399999999999569e-01,5.994300000000000184e-01,5.586900000000000199e-01,5.572500000000000231e-01,5.664599999999999635e-01,5.511700000000000488e-01,5.470399999999999707e-01,5.579600000000000115e-01,5.645200000000000218e-01,5.611199999999999521e-01,5.563299999999999912e-01,5.666600000000000525e-01,5.586299999999999599e-01,5.684099999999999708e-01,5.401299999999999990e-01,5.743300000000000072e-01,5.749199999999999866e-01,5.857299999999999729e-01,5.799800000000000511e-01,6.018700000000000161e-01,6.080200000000000049e-01,5.734700000000000353e-01,5.781399999999999872e-01,6.119599999999999485e-01,6.014300000000000201e-01,5.840800000000000436e-01,6.071800000000000530e-01,6.153800000000000381e-01,5.999600000000000488e-01,6.071199999999999930e-01,5.856999999999999984e-01,6.083199999999999719e-01,6.078700000000000214e-01,5.523200000000000331e-01,5.433799999999999741e-01,5.667900000000000160e-01,5.955200000000000493e-01,5.918299999999999672e-01,5.628800000000000470e-01,5.983300000000000285e-01,5.857900000000000329e-01,5.943199999999999594e-01,5.886599999999999611e-01,5.816599999999999548e-01,5.902899999999999814e-01,5.840199999999999836e-01,5.862199999999999633e-01,5.662199999999999456e-01,5.489699999999999580e-01,5.502000000000000224e-01,5.557199999999999918e-01,5.669699999999999740e-01,0.000000000000000000e+00,5.600800000000000223e-01,5.434099999999999486e-01,5.652199999999999447e-01,5.653000000000000247e-01,5.663899999999999491e-01,5.675400000000000444e-01,5.576299999999999590e-01,5.607999999999999652e-01,5.525099999999999456e-01,0.000000000000000000e+00,5.671800000000000175e-01
5.669399999999999995e-01,5.748999999999999666e-01,5.718999999999999639e-01,6.257599999999999829e-01,6.311600000000000543e-01,5.548800000000000399e-01,6.186399999999999677e-01,6.093300000000000383e-01,5.822000000000000508e-01,6.025300000000000100e-01,5.898700000000000054e-01,6.167500000000000204e-01,5.994300000000000184e-01,6.152800000000000491e-01,5.713200000000000500e-01,5.748799999999999466e-01,5.856000000000000094e-01,5.621599999999999930e-01,5.625200000000000200e-01,5.720199999999999729e-01,5.808699999999999974e-01,5.751199999999999646e-01,5.695200000000000262e-01,5.811800000000000299e-01,5.756700000000000150e-01,5.861699999999999688e-01,5.537300000000000555e-01,5.892600000000000060e-01,5.914500000000000313e-01,6.012800000000000367e-01,6.014800000000000146e-01,6.274899999999999922e-01,6.327000000000000401e-01,5.920800000000000507e-01,5.969499999999999806e-01,6.329500000000000126e-01,6.252799999999999470e-01,6.078400000000000469e-01,6.350900000000000434e-01,6.345899999999999874e-01,6.231999999999999762e-01,6.297800000000000065e-01,6.042800000000000393e-01,6.246000000000000441e-01,6.279599999999999627e-01,5.742199999999999527e-01,5.553000000000000158e-01,5.824000000000000288e-01,6.140700000000000047e-01,6.097700000000000342e-01,5.779499999999999638e-01,6.200700000000000101e-01,6.045199999999999463e-01,6.140900000000000247e-01,6.077799999999999869e-01,5.952100000000000168e-01,6.158599999999999630e-01,6.044500000000000428e-01,6.028799999999999715e-01,5.897200000000000220e-01,5.622300000000000075e-01,5.670899999999999830e-01,5.651300000000000212e-01,5.851300000000000390e-01,5.523799999999999821e-01,5.796900000000000386e-01,5.572099999999999831e-01,5.799999999999999600e-01,5.817600000000000549e-01,5.800499999999999545e-01,5.856900000000000439e-01,5.688600000000000323e-01,5.737100000000000533e-01,5.648999999999999577e-01,0.000000000000000000e+00,5.839199999999999946e-01
0.000000000000000000e+00,5.400300000000000100e-01,0.000000000000000000e+00,5.746200000000000196e-01,5.760899999999999910e-01,0.000000000000000000e+00,5.707400000000000251e-01,5.657100000000000461e-01,5.438800000000000301e-01,5.528899999999999926e-01,5.482299999999999951e-01,5.691199999999999593e-01,5.586900000000000199e-01,5.713200000000000500e-01,0.000000000000000000e+00,0.000000000000000000e+00,0.000000000000000000e+00,0.000000000000000000e+00,0.000000000000000000e+00,5.423700000000000188e-01,5.427100000000000257e-01,5.428399999999999892e-01,5.402500000000000080e-01,5.489899999999999780e-01,0.000000000000000000e+00,5.526100000000000456e-01,0.000000000000000000e+00,5.537100000000000355e-01,5.539899999999999824e-01,5.653200000000000447e-01,5.615900000000000336e-01,5.653299999999999992e-01,5.866500000000000048e-01,5.547900000000000054e-01,5.524799999999999711e-01,5.750399999999999956e-01,5.696700000000000097e-01,5.692000000000000393e-01,5.745299999999999851e-01,5.800800000000000400e-01,5.726200000000000179e-01,5.799199999999999910e-01,5.559300000000000352e-01,5.733599999999999808e-01,5.806999999999999940e-01,0.000000000000000000e+00,0.000000000000000000e+00,5.492200000000000415e-01,5.654799999999999827e-01,5.636499999999999844e-01,5.426400000000000112e-01,5.728400000000000158e-01,5.606400000000000272e-01,5.697400000000000242e-01,5.564099999999999602e-01,5.541500000000000314e-01,5.646099999999999453e-01,5.597400000000000153e-01,5.562200000000000477e-01,5.504599999999999493e-01,0.000000000000000000e+00,0.000000000000000000e+00,0.000000000000000000e+00,5.465200000000000058e-01,0.000000000000000000e+00,5.407999999999999474e-01,0.000000000000000000e+00,5.454900000000000304e-01,5.425600000000000422e-01,5.407800000000000384e-01,5.486199999999999966e-01,0.000000000000000000e+00,0.000000000000000000e+00,0.000000000000000000e+00,0.000000000000000000e+00,5.471500000000000252e-01
0.000000000000000000e+00,5.437100000000000266e-01,0.000000000000000000e+00,5.700899999999999856e-01,5.843399999999999705e-01,0.000000000000000000e+00,5.785299999999999887e-01,5.600000000000000533e-01,5.433000000000000052e-01,5.652800000000000047e-01,5.486100000000000421e-01,5.608199999999999852e-01,5.572500000000000231e-01,5.748799999999999466e-01,0.000000000000000000e+00,0.000000000000000000e+00,5.465499999999999803e-01,0.000000000000000000e+00,0.000000000000000000e+00,5.440899999999999626e-01,5.476400000000000157e-01,5.441399999999999570e-01,0.000000000000000000e+00,5.406900000000000039e-01,5.421700000000000408e-01,5.446699999999999875e-01,0.000000000000000000e+00,5.589800000000000324e-01,5.558699999999999752e-01,5.713700000000000445e-01,5.580800000000000205e-01,5.747200000000000086e-01,5.777099999999999458e-01,5.492899999999999450e-01,5.577100000000000390e-01,5.814799999999999969e-01,5.770399999999999974e-01,5.554499999999999993e-01,5.735900000000000443e-01,5.746599999999999486e-01,5.617699999999999916e-01,5.662000000000000366e-01,5.652399999999999647e-01,5.785599999999999632e-01,5.828400000000000247e-01,0.000000000000000000e+00,0.000000000000000000e+00,5.415699999999999958e-01,5.727200000000000069e-01,5.735500000000000043e-01,5.458399999999999919e-01,5.735099999999999643e-01,5.615599999999999481e-01,5.693000000000000282e-01,5.681000000000000494e-01,5.647799999999999487e-01,5.623599999999999710e-01,5.611800000000000122e-01,5.698199999999999932e-01,5.518600000000000172e-01,0.000000000000000000e+00,0.000000000000000000e+00,0.000000000000000000e+00,5.432000000000000162e-01,0.000000000000000000e+00,5.431700000000000417e-01,0.000000000000000000e+00,5.434499999999999886e-01,0.000000000000000000e+00,5.472200000000000397e-01,5.453999999999999959e-01,5.417899999999999938e-01,5.442000000000000171e-01,0.000000000000000000e+00,0.000000000000000000e+00,5.499500000000000499e-01
0.000000000000000000e+00,5.436400000000000121e-01,0.000000000000000000e+00,5.825900000000000523e-01,5.834599999999999786e-01,0.000000000000000000e+00,5.809299999999999464e-01,5.649199999999999777e-01,5.508499999999999508e-01,5.614099999999999646e-01,5.553299999999999903e-01,5.606400000000000272e-01,5.664599999999999635e-01,5.856000000000000094e-01,0.000000000000000000e+00,5.465499999999999803e-01,5.474900000000000322e-01,0.000000000000000000e+00,0.000000000000000000e+00,5.469899999999999762e-01,5.434700000000000086e-01,5.474700000000000122e-01,5.421799999999999953e-01,5.433400000000000452e-01,5.436900000000000066e-01,5.490699999999999470e-01,0.000000000000000000e+00,5.657699999999999951e-01,5.597900000000000098e-01,5.741699999999999582e-01,5.614900000000000446e-01,5.759800000000000475e-01,5.831899999999999862e-01,5.474299999999999722e-01,5.484200000000000186e-01,5.999900000000000233e-01,5.930299999999999461e-01,5.575200000000000156e-01,5.828200000000000047e-01,5.972800000000000331e-01,5.746999999999999886e-01,5.796499999999999986e-01,5.745799999999999796e-01,5.894899999999999585e-01,5.917099999999999582e-01,0.000000000000000000e+00,0.000000000000000000e+00,5.502799999999999914e-01,5.815000000000000169e-01,5.730699999999999683e-01,5.519899999999999807e-01,5.796799999999999731e-01,5.648600000000000287e-01,5.765400000000000524e-01,5.720499999999999474e-01,5.630699999999999594e-01,5.629999999999999449e-01,5.678299999999999459e-01,5.775099999999999678e-01,5.521599999999999842e-01,5.400099999999999900e-01,0.000000000000000000e+00,5.475999999999999757e-01,5.468199999999999728e-01,0.000000000000000000e+00,5.417600000000000193e-01,0.000000000000000000e+00,5.513799999999999812e-01,5.407300000000000439e-01,5.499800000000000244e-01,5.487900000000000000e-01,5.472099999999999742e-01,5.526600000000000401e-01,5.402599999999999625e-01,0.000000000000000000e+00,5.513099999999999667e-01
0.000000000000000000e+00,0.000000000000000000e+00,0.000000000000000000e+00,5.607799999999999452e-01,5.670100000000000140e-01,0.000000000000000000e+00,5.613700000000000356e-01,5.467899999999999983e-01,0.000000000000000000e+00,5.508800000000000363e-01,5.416999999999999593e-01,5.481000000000000316e-01,5.511700000000000488e-01,5.621599999999999930e-01,0.000000000000000000e+00,0.000000000000000000e+00,0.000000000000000000e+00,0.000000000000000000e+00,0.000000000000000000e+00,0.000000000000000000e+00,0.000000000000000000e+00,0.000000000000000000e+00,0.000000000000000000e+00,0.000000000000000000e+00,0.000000000000000000e+00,0.000000000000000000e+00,0.000000000000000000e+00,5.480399999999999716e-01,5.467999999999999527e-01,5.561899999999999622e-01,5.451500000000000234e-01,5.601399999999999713e-01,5.610399999999999832e-01,0.000000000000000000e+00,0.000000000000000000e+00,5.703700000000000436e-01,5.640199999999999658e-01,5.487499999999999600e-01,5.661500000000000421e-01,5.663300000000000001e-01,5.542300000000000004e-01,5.640600000000000058e-01,5.539199999999999680e-01,5.658199999999999896e-01,5.718900000000000095e-01,0.000000000000000000e+00,0.000000000000000000e+00,0.000000000000000000e+00,5.586499999999999799e-01,5.591399999999999704e-01,0.000000000000000000e+00,5.615200000000000191e-01,5.539300000000000335e-01,5.628999999999999559e-01,5.557800000000000518e-01,5.513000000000000123e-01,5.503299999999999859e-01,5.532399999999999540e-01,5.571000000000000396e-01,5.401500000000000190e-01,0.000000000000000000e+00,0.000000000000000000e+00,0.000000000000000000e+00,0.000000000000000000e+00,0.000000000000000000e+00,0.000000000000000000e+00,0.000000000000000000e+00,0.000000000000000000e+00,0.000000000000000000e+00,0.000000000000000000e+00,0.000000000000000000e+00,0.000000000000000000e+00,0.000000000000000000e+00,0.000000000000000000e+00,0.000000000000000000e+00,0.000000000000000000e+00
0.000000000000000000e+00,0.000000000000000000e+00,0.000000000000000000e+00,5.624500000000000055e-01,5.650199999999999667e-01,0.000000000000000000e+00,5.607699999999999907e-01,5.527800000000000491e-01,0.000000000000000000e+00,5.462000000000000188e-01,5.401299999999999990e-01,5.506400000000000183e-01,5.470399999999999707e-01,5.625200000000000200e-01,0.000000000000000000e+00,0.000000000000000000e+00,0.000000000000000000e+00,0.000000000000000000e+00,0.000000000000000000e+00,0.000000000000000000e+00,0.000000000000000000e+00,0.000000000000000000e+00,0.000000000000000000e+00,0.000000000000000000e+00,0.000000000000000000e+00,0.000000000000000000e+00,0.000000000000000000e+00,5.444200000000000150e-01,5.430099999999999927e-01,5.586999999999999744e-01,5.497199999999999864e-01,5.543099999999999694e-01,5.753800000000000026e-01,5.413299999999999779e-01,5.409100000000000019e-01,5.704000000000000181e-01,5.639600000000000168e-01,5.560199999999999587e-01,5.620000000000000551e-01,5.727499999999999813e-01,5.642399999999999638e-01,5.668499999999999650e-01,5.543400000000000549e-01,5.612700000000000466e-01,5.743399999999999617e-01,0.000000000000000000e+00,0.000000000000000000e+00,5.402500000000000080e-01,5.580800000000000205e-01,5.538800000000000390e-01,0.000000000000000000e+00,5.595900000000000318e-01,5.529600000000000071e-01,5.593099999999999739e-01,5.534400000000000430e-01,5.449300000000000255e-01,5.516199999999999992e-01,5.484999999999999876e-01,5.529600000000000071e-01,5.412700000000000289e-01,0.000000000000000000e+00,0.000000000000000000e+00,0.000000000000000000e+00,0.000000000000000000e+00,0.000000000000000000e+00,0.000000000000000000e+00,0.000000000000000000e+00,0.000000000000000000e+00,0.000000000000000000e+00,0.000000000000000000e+00,0.000000000000000000e+00,0.000000000000000000e+00,0.000000000000000000e+00,0.000000000000000000e+00,0.000000000000000000e+00,0.000000000000000000e+00
0.000000000000000000e+00,5.426600000000000312e-01,5.484599999999999476e-01,5.775900000000000478e-01,5.771600000000000064e-01,0.000000000000000000e+00,5.745599999999999596e-01,5.713399999999999590e-01,5.538300000000000445e-01,5.615700000000000136e-01,5.487999999999999545e-01,5.641199999999999548e-01,5.579600000000000115e-01,5.720199999999999729e-01,5.423700000000000188e-01,5.440899999999999626e-01,5.469899999999999762e-01,0.000000000000000000e+00,0.000000000000000000e+00,5.524400000000000421e-01,0.000000000000000000e+00,5.546999999999999709e-01,5.450099999999999945e-01,5.449300000000000255e-01,0.000000000000000000e+00,5.489399999999999835e-01,0.000000000000000000e+00,5.532899999999999485e-01,5.580500000000000460e-01,5.696799999999999642e-01,5.651399999999999757e-01,5.794700000000000406e-01,5.866599999999999593e-01,5.530399999999999761e-01,5.536600000000000410e-01,5.868299999999999628e-01,5.820199999999999818e-01,5.642399999999999638e-01,5.826799999999999757e-01,5.870400000000000063e-01,5.804000000000000270e-01,5.877499999999999947e-01,5.663500000000000201e-01,5.801100000000000145e-01,5.962300000000000377e-01,5.408899999999999819e-01,0.000000000000000000e+00,5.549199999999999688e-01,5.739100000000000312e-01,5.658999999999999586e-01,5.518100000000000227e-01,5.729300000000000503e-01,5.701500000000000457e-01,5.798100000000000476e-01,5.711399999999999810e-01,5.573200000000000376e-01,5.626400000000000290e-01,5.614599999999999591e-01,5.616700000000000026e-01,5.565499999999999892e-01,0.000000000000000000e+00,0.000000000000000000e+00,5.408199999999999674e-01,5.506199999999999983e-01,0.000000000000000000e+00,0.000000000000000000e+00,0.000000000000000000e+00,5.514599999999999502e-01,5.432399999999999451e-01,5.521300000000000097e-01,5.504000000000000004e-01,5.474999999999999867e-01,5.427899999999999947e-01,5.403700000000000170e-01,0.000000000000000000e+00,5.498199999999999754e-01
5.441799999999999971e-01,5.416499999999999648e-01,0.000000000000000000e+00,5.805299999999999905e-01,5.892800000000000260e-01,0.000000000000000000e+00,5.780600000000000183e-01,5.754099999999999770e-01,5.448199999999999710e-01,5.614500000000000046e-01,5.561700000000000532e-01,5.813199999999999479e-01,5.645200000000000218e-01,5.808699999999999974e-01,5.427100000000000257e-01,5.476400000000000157e-01,5.434700000000000086e-01,0.000000000000000000e+00,0.000000000000000000e+00,0.000000000000000000e+00,5.507100000000000328e-01,5.427600000000000202e-01,0.000000000000000000e+00,5.566499999999999782e-01,5.441300000000000026e-01,5.557400000000000118e-01,0.000000000000000000e+00,5.584900000000000420e-01,5.544000000000000039e-01,5.669300000000000450e-01,5.661500000000000421e-01,5.786299999999999777e-01,5.923899999999999721e-01,5.595099999999999518e-01,5.624500000000000055e-01,5.834700000000000442e-01,5.713000000000000300e-01,5.692700000000000538e-01,5.880300000000000527e-01,5.917599999999999527e-01,5.794200000000000461e-01,5.860199999999999854e-01,5.581099999999999950e-01,5.796200000000000241e-01,5.823399999999999688e-01,5.467499999999999583e-01,0.000000000000000000e+00,5.443400000000000460e-01,5.743300000000000072e-01,5.751899999999999791e-01,5.435900000000000176e-01,5.813899999999999624e-01,5.642500000000000293e-01,5.702199999999999491e-01,5.663899999999999491e-01,5.615200000000000191e-01,5.807999999999999829e-01,5.675400000000000444e-01,5.629800000000000360e-01,5.519500000000000517e-01,0.000000000000000000e+00,0.000000000000000000e+00,0.000000000000000000e+00,5.449399999999999800e-01,0.000000000000000000e+00,5.520399999999999752e-01,0.000000000000000000e+00,5.441500000000000226e-01,5.532599999999999740e-01,5.440199999999999481e-01,5.536999999999999700e-01,0.000000000000000000e+00,5.407800000000000384e-01,0.000000000000000000e+00,0.000000000000000000e+00,5.523200000000000331e-01
