6.039299999999999669e-01,5.809699999999999864e-01,6.119499999999999940e-01,5.852500000000000480e-01,6.199400000000000466e-01,5.800199999999999800e-01,6.012600000000000167e-01,6.239000000000000101e-01,5.793399999999999661e-01,5.947999999999999954e-01,5.928200000000000136e-01,5.975399999999999601e-01,5.882300000000000306e-01,5.906000000000000139e-01,5.667600000000000415e-01,5.734700000000000353e-01,5.888400000000000301e-01,5.701399999999999801e-01,5.840800000000000436e-01,5.677600000000000424e-01,6.030699999999999950e-01,5.624400000000000510e-01,5.846200000000000285e-01,5.913699999999999513e-01,5.823899999999999633e-01,5.827200000000000157e-01,5.726999999999999869e-01,5.687799999999999523e-01,5.636200000000000099e-01,5.608600000000000252e-01,5.792100000000000026e-01,6.151499999999999746e-01,6.199000000000000066e-01,6.096500000000000252e-01,6.234300000000000397e-01,5.913000000000000478e-01,5.945200000000000484e-01,6.013100000000000112e-01,6.163399999999999990e-01,6.234699999999999687e-01,6.317399999999999682e-01,6.286500000000000421e-01,5.782300000000000217e-01,6.199999999999999956e-01,6.349099999999999744e-01,6.040900000000000158e-01,5.882199999999999651e-01,6.138400000000000523e-01,6.205399999999999805e-01,6.091900000000000093e-01,6.015500000000000291e-01,6.121400000000000174e-01,6.174399999999999888e-01,5.925099999999999811e-01,6.075800000000000090e-01,6.060999999999999721e-01,6.042899999999999938e-01,6.063199999999999701e-01,5.883899999999999686e-01,5.925300000000000011e-01,5.738299999999999512e-01,5.780300000000000438e-01,5.878600000000000492e-01,5.917599999999999527e-01,5.658199999999999896e-01,6.278899999999999482e-01,5.692700000000000538e-01,5.957500000000000018e-01,6.194199999999999706e-01,5.886500000000000066e-01,5.942300000000000360e-01,5.784500000000000197e-01,5.824899999999999523e-01,5.828999999999999737e-01,0.000000000000000000e+00,5.769499999999999629e-01
5.809699999999999864e-01,5.850899999999999990e-01,5.975000000000000311e-01,6.007200000000000317e-01,6.243800000000000461e-01,5.764399999999999524e-01,6.085000000000000409e-01,6.237700000000000466e-01,5.789299999999999446e-01,6.020100000000000451e-01,5.933100000000000041e-01,5.668400000000000105e-01,5.912500000000000533e-01,5.983699999999999575e-01,5.636700000000000044e-01,5.765299999999999869e-01,5.969499999999999806e-01,5.749100000000000321e-01,5.796799999999999731e-01,5.637100000000000444e-01,5.939100000000000490e-01,5.648999999999999577e-01,5.780100000000000238e-01,5.656200000000000117e-01,5.833199999999999497e-01,5.787999999999999812e-01,5.705200000000000271e-01,5.715000000000000080e-01,5.664500000000000091e-01,5.718600000000000350e-01,5.759900000000000020e-01,6.140600000000000502e-01,6.075899999999999634e-01,5.706999999999999851e-01,6.076000000000000290e-01,6.002499999999999503e-01,6.018499999999999961e-01,5.620800000000000241e-01,6.168299999999999894e-01,6.161299999999999555e-01,5.955300000000000038e-01,6.067900000000000515e-01,5.839299999999999491e-01,6.294800000000000395e-01,5.933699999999999530e-01,5.992100000000000204e-01,5.845900000000000540e-01,5.928600000000000536e-01,6.162499999999999645e-01,6.124899999999999789e-01,5.974000000000000421e-01,6.201499999999999790e-01,6.060299999999999576e-01,5.897499999999999964e-01,6.089299999999999713e-01,5.998700000000000143e-01,5.782100000000000017e-01,6.062600000000000211e-01,5.879199999999999982e-01,5.756700000000000150e-01,5.707900000000000196e-01,5.800999999999999490e-01,5.913800000000000168e-01,5.862300000000000288e-01,5.650500000000000522e-01,6.138200000000000323e-01,5.648100000000000342e-01,5.895099999999999785e-01,6.003500000000000503e-01,5.909999999999999698e-01,5.926000000000000156e-01,5.753700000000000481e-01,5.824799999999999978e-01,5.793000000000000371e-01,0.000000000000000000e+00,5.653899999999999482e-01
6.119499999999999940e-01,5.975000000000000311e-01,6.278299999999999992e-01,6.085500000000000353e-01,6.361400000000000388e-01,5.947900000000000409e-01,6.203600000000000225e-01,6.480799999999999894e-01,5.974099999999999966e-01,6.067099999999999715e-01,6.053100000000000147e-01,5.849900000000000100e-01,6.045899999999999608e-01,5.946200000000000374e-01,5.771500000000000519e-01,5.878400000000000292e-01,6.132800000000000473e-01,5.875899999999999457e-01,6.019299999999999651e-01,5.830999999999999517e-01,6.068500000000000005e-01,5.805900000000000505e-01,6.016599999999999726e-01,5.889400000000000190e-01,6.008999999999999897e-01,5.923699999999999521e-01,5.833500000000000352e-01,5.833899999999999642e-01,5.777700000000000058e-01,5.676200000000000134e-01,5.838999999999999746e-01,6.303900000000000059e-01,6.389099999999999779e-01,5.997999999999999998e-01,6.384699999999999820e-01,6.122400000000000064e-01,6.193499999999999561e-01,5.803899999999999615e-01,6.328000000000000291e-01,6.302999999999999714e-01,6.158099999999999685e-01,6.271200000000000108e-01,6.039799999999999613e-01,6.402999999999999803e-01,6.082999999999999519e-01,6.165399999999999769e-01,6.045800000000000063e-01,6.305100000000000149e-01,6.484900000000000109e-01,6.293400000000000105e-01,6.186899999999999622e-01,6.363199999999999967e-01,6.210799999999999654e-01,6.101600000000000357e-01,6.180499999999999883e-01,6.162800000000000500e-01,5.939999999999999725e-01,6.209900000000000420e-01,6.078200000000000269e-01,5.859600000000000364e-01,5.815099999999999714e-01,5.865399999999999503e-01,6.143699999999999717e-01,5.999700000000000033e-01,5.831300000000000372e-01,6.216699999999999449e-01,5.836799999999999766e-01,6.124500000000000499e-01,6.249700000000000255e-01,6.086399999999999588e-01,6.098200000000000287e-01,5.903000000000000469e-01,5.962300000000000377e-01,5.997000000000000108e-01,0.000000000000000000e+00,5.813099999999999934e-01
5.852500000000000480e-01,6.007200000000000317e-01,6.085500000000000353e-01,6.065199999999999481e-01,6.369399999999999507e-01,5.853599999999999914e-01,6.201699999999999990e-01,6.367599999999999927e-01,5.856000000000000094e-01,6.122499999999999609e-01,6.035099999999999909e-01,5.765900000000000469e-01,6.044300000000000228e-01,6.028099999999999570e-01,5.710899999999999865e-01,5.864399999999999613e-01,6.095599999999999907e-01,5.852699999999999569e-01,5.895599999999999730e-01,5.689699999999999758e-01,6.028200000000000225e-01,5.721199999999999619e-01,5.885000000000000231e-01,5.818600000000000438e-01,5.923199999999999577e-01,5.854800000000000004e-01,5.766200000000000214e-01,5.792599999999999971e-01,5.725400000000000489e-01,5.770899999999999919e-01,5.843000000000000416e-01,6.311400000000000343e-01,6.180200000000000138e-01,5.779999999999999583e-01,6.190799999999999637e-01,5.993500000000000494e-01,6.041800000000000503e-01,5.765599999999999614e-01,6.379000000000000226e-01,6.179400000000000448e-01,5.996200000000000419e-01,6.191999999999999726e-01,5.953899999999999748e-01,6.373999999999999666e-01,6.008900000000000352e-01,5.937599999999999545e-01,5.921899999999999942e-01,6.026099999999999790e-01,6.350900000000000434e-01,6.303299999999999459e-01,6.097500000000000142e-01,6.349900000000000544e-01,6.205899999999999750e-01,6.007900000000000462e-01,6.223300000000000498e-01,6.127399999999999514e-01,5.893500000000000405e-01,6.190099999999999492e-01,5.998599999999999488e-01,5.876299999999999857e-01,5.829400000000000137e-01,5.968799999999999661e-01,6.037099999999999689e-01,5.934599999999999875e-01,5.738900000000000112e-01,6.321099999999999497e-01,5.721399999999999819e-01,5.973000000000000531e-01,6.087299999999999933e-01,5.999200000000000088e-01,6.053899999999999837e-01,5.836299999999999821e-01,5.904099999999999904e-01,5.862300000000000288e-01,0.000000000000000000e+00,5.787600000000000522e-01
6.199400000000000466e-01,6.243800000000000461e-01,6.361400000000000388e-01,6.369399999999999507e-01,6.772599999999999731e-01,6.043600000000000083e-01,6.534600000000000408e-01,6.685400000000000231e-01,6.084399999999999809e-01,6.487100000000000088e-01,6.365699999999999692e-01,6.037200000000000344e-01,6.330700000000000216e-01,6.337000000000000410e-01,5.828200000000000047e-01,6.085199999999999498e-01,6.380200000000000315e-01,5.962199999999999722e-01,6.175599999999999978e-01,5.903599999999999959e-01,6.406500000000000528e-01,5.905500000000000194e-01,6.108599999999999586e-01,6.037200000000000344e-01,6.148799999999999821e-01,6.083300000000000374e-01,5.965500000000000247e-01,6.074199999999999600e-01,5.922399999999999887e-01,6.087200000000000388e-01,6.048900000000000388e-01,6.753799999999999804e-01,6.549199999999999466e-01,6.144100000000000117e-01,6.574100000000000499e-01,6.354600000000000248e-01,6.404499999999999638e-01,5.994899999999999674e-01,6.790399999999999769e-01,6.512799999999999701e-01,6.409500000000000197e-01,6.566600000000000215e-01,6.309599999999999653e-01,6.885299999999999754e-01,6.336500000000000465e-01,6.273600000000000287e-01,6.142600000000000282e-01,6.308399999999999563e-01,6.701399999999999579e-01,6.699300000000000255e-01,6.345399999999999929e-01,6.719600000000000017e-01,6.526399999999999979e-01,6.265500000000000513e-01,6.600899999999999546e-01,6.467300000000000271e-01,6.201200000000000045e-01,6.485300000000000509e-01,6.325800000000000312e-01,6.088799999999999768e-01,6.023100000000000120e-01,6.156099999999999905e-01,6.299500000000000099e-01,6.217799999999999994e-01,5.907400000000000428e-01,6.662099999999999689e-01,5.880499999999999616e-01,6.206599999999999895e-01,6.400700000000000278e-01,6.237399999999999611e-01,6.288300000000000001e-01,6.033399999999999874e-01,6.159900000000000375e-01,6.078200000000000269e-01,0.000000000000000000e+00,5.949400000000000244e-01
5.800199999999999800e-01,5.764399999999999524e-01,5.947900000000000409e-01,5.853599999999999914e-01,6.043600000000000083e-01,5.681599999999999984e-01,5.958299999999999708e-01,6.048200000000000243e-01,5.722199999999999509e-01,5.828200000000000047e-01,5.763899999999999579e-01,5.571899999999999631e-01,5.817799999999999638e-01,5.772199999999999553e-01,5.557499999999999662e-01,5.626600000000000490e-01,5.857499999999999929e-01,5.683700000000000419e-01,5.731800000000000228e-01,5.579600000000000115e-01,5.741399999999999837e-01,5.584299999999999820e-01,5.747400000000000286e-01,5.663799999999999946e-01,5.750199999999999756e-01,5.713200000000000500e-01,5.639100000000000223e-01,5.639100000000000223e-01,5.584999999999999964e-01,5.512399999999999523e-01,5.647699999999999942e-01,5.983199999999999630e-01,5.977799999999999780e-01,5.637100000000000444e-01,5.958700000000000108e-01,5.806200000000000250e-01,5.899499999999999744e-01,5.579300000000000370e-01,5.993199999999999639e-01,6.008400000000000407e-01,5.854000000000000314e-01,5.959100000000000508e-01,5.777499999999999858e-01,6.069099999999999495e-01,5.865000000000000213e-01,5.863399999999999723e-01,5.773899999999999588e-01,5.899299999999999544e-01,6.102400000000000047e-01,5.964300000000000157e-01,5.893899999999999695e-01,6.028900000000000370e-01,5.908099999999999463e-01,5.812100000000000044e-01,5.921899999999999942e-01,5.868100000000000538e-01,5.689800000000000413e-01,5.915300000000000002e-01,5.798100000000000476e-01,5.647400000000000198e-01,5.649999999999999467e-01,5.703899999999999526e-01,5.825500000000000123e-01,5.740699999999999692e-01,5.595599999999999463e-01,5.956799999999999873e-01,5.622300000000000075e-01,5.836700000000000221e-01,5.908900000000000263e-01,5.808799999999999519e-01,5.842600000000000016e-01,5.667499999999999760e-01,5.738400000000000167e-01,5.724200000000000399e-01,0.000000000000000000e+00,5.628199999999999870e-01
6.012600000000000167e-01,6.085000000000000409e-01,6.203600000000000225e-01,6.201699999999999990e-01,6.534600000000000408e-01,5.958299999999999708e-01,6.349900000000000544e-01,6.495800000000000463e-01,6.011199999999999877e-01,6.291099999999999470e-01,6.209099999999999620e-01,5.871199999999999752e-01,6.172499999999999654e-01,6.122900000000000009e-01,5.704700000000000326e-01,5.943899999999999739e-01,6.217300000000000049e-01,5.915899999999999492e-01,6.053899999999999837e-01,5.805299999999999905e-01,6.145899999999999697e-01,5.815000000000000169e-01,5.959299999999999597e-01,5.893199999999999550e-01,6.033199999999999674e-01,5.954399999999999693e-01,5.867400000000000393e-01,5.948499999999999899e-01,5.820300000000000473e-01,5.920100000000000362e-01,5.924899999999999611e-01,6.491999999999999993e-01,6.309700000000000308e-01,5.911100000000000243e-01,6.309900000000000508e-01,6.155899999999999705e-01,6.251900000000000235e-01,5.814700000000000424e-01,6.561500000000000110e-01,6.317300000000000137e-01,6.164800000000000280e-01,6.363299999999999512e-01,6.121199999999999974e-01,6.634200000000000097e-01,6.161400000000000210e-01,6.063100000000000156e-01,6.013500000000000512e-01,6.132300000000000528e-01,6.543999999999999817e-01,6.464299999999999491e-01,6.193800000000000416e-01,6.504199999999999982e-01,6.307000000000000384e-01,6.111999999999999655e-01,6.390500000000000069e-01,6.259099999999999664e-01,6.008000000000000007e-01,6.307300000000000129e-01,6.142999999999999572e-01,5.924199999999999466e-01,5.911699999999999733e-01,6.042300000000000448e-01,6.155899999999999705e-01,6.049799999999999622e-01,5.790600000000000191e-01,6.391200000000000214e-01,5.788600000000000412e-01,6.070900000000000185e-01,6.173800000000000399e-01,6.110299999999999621e-01,6.141799999999999482e-01,5.913100000000000023e-01,6.019099999999999451e-01,5.951600000000000223e-01,0.000000000000000000e+00,5.833800000000000097e-01
6.239000000000000101e-01,6.237700000000000466e-01,6.480799999999999894e-01,6.367599999999999927e-01,6.685400000000000231e-01,6.048200000000000243e-01,6.495800000000000463e-01,6.743999999999999995e-01,6.099099999999999522e-01,6.318799999999999972e-01,6.290499999999999980e-01,6.021400000000000086e-01,6.315100000000000158e-01,6.243900000000000006e-01,5.861499999999999488e-01,6.025500000000000300e-01,6.347300000000000164e-01,6.074399999999999800e-01,6.207000000000000295e-01,5.988599999999999479e-01,6.346399999999999819e-01,5.947000000000000064e-01,6.158200000000000340e-01,6.170400000000000329e-01,6.172800000000000509e-01,6.139599999999999502e-01,5.986500000000000155e-01,6.045099999999999918e-01,5.912800000000000278e-01,5.956200000000000383e-01,6.041199999999999903e-01,6.594400000000000261e-01,6.581599999999999673e-01,6.105199999999999516e-01,6.485899999999999999e-01,6.254100000000000215e-01,6.453799999999999537e-01,5.987099999999999644e-01,6.756799999999999473e-01,6.475699999999999790e-01,6.311999999999999833e-01,6.496300000000000407e-01,6.181299999999999573e-01,6.846400000000000263e-01,6.371799999999999686e-01,6.119999999999999885e-01,6.159700000000000175e-01,6.402700000000000058e-01,6.849300000000000388e-01,6.618899999999999784e-01,6.385199999999999765e-01,6.666600000000000303e-01,6.565400000000000125e-01,6.274899999999999922e-01,6.495800000000000463e-01,6.424800000000000511e-01,6.154199999999999671e-01,6.461299999999999821e-01,6.296599999999999975e-01,6.139700000000000157e-01,5.972300000000000386e-01,6.134800000000000253e-01,6.329399999999999471e-01,6.177599999999999758e-01,5.961600000000000232e-01,6.627899999999999903e-01,5.960199999999999942e-01,6.275899999999999812e-01,6.416800000000000281e-01,6.237000000000000322e-01,6.341499999999999915e-01,6.037799999999999834e-01,6.157299999999999995e-01,6.137099999999999778e-01,0.000000000000000000e+00,5.976599999999999691e-01
5.793399999999999661e-01,5.789299999999999446e-01,5.974099999999999966e-01,5.856000000000000094e-01,6.084399999999999809e-01,5.722199999999999509e-01,6.011199999999999877e-01,6.099099999999999522e-01,5.781100000000000128e-01,5.912699999999999623e-01,5.852699999999999569e-01,5.615900000000000336e-01,5.874399999999999622e-01,5.808900000000000174e-01,5.551399999999999668e-01,5.711100000000000065e-01,5.930900000000000061e-01,5.714700000000000335e-01,5.768799999999999484e-01,5.629100000000000215e-01,5.799499999999999655e-01,5.630500000000000504e-01,5.750199999999999756e-01,5.643700000000000383e-01,5.795799999999999841e-01,5.719100000000000295e-01,5.661599999999999966e-01,5.692599999999999882e-01,5.624000000000000110e-01,5.616400000000000281e-01,5.668400000000000105e-01,6.053399999999999892e-01,6.019299999999999651e-01,5.674599999999999644e-01,6.016899999999999471e-01,5.899900000000000144e-01,5.941699999999999759e-01,5.602500000000000258e-01,6.041900000000000048e-01,6.060699999999999976e-01,5.850699999999999790e-01,5.997700000000000253e-01,5.836999999999999966e-01,6.097299999999999942e-01,5.918499999999999872e-01,5.894599999999999840e-01,5.803899999999999615e-01,5.898200000000000109e-01,6.111400000000000166e-01,6.054399999999999782e-01,5.931199999999999806e-01,6.095800000000000107e-01,5.936399999999999455e-01,5.875000000000000222e-01,5.995700000000000474e-01,5.910100000000000353e-01,5.706700000000000106e-01,5.959100000000000508e-01,5.854399999999999604e-01,5.639499999999999513e-01,5.713399999999999590e-01,5.755099999999999660e-01,5.903399999999999759e-01,5.768900000000000139e-01,5.626799999999999580e-01,5.974000000000000421e-01,5.650800000000000267e-01,5.846599999999999575e-01,5.898400000000000309e-01,5.849800000000000555e-01,5.871100000000000207e-01,5.709600000000000231e-01,5.763899999999999579e-01,5.767299999999999649e-01,0.000000000000000000e+00,5.613099999999999756e-01
5.947999999999999954e-01,6.020100000000000451e-01,6.067099999999999715e-01,6.122499999999999609e-01,6.487100000000000088e-01,5.828200000000000047e-01,6.291200000000000125e-01,6.318799999999999972e-01,5.912699999999999623e-01,6.220599999999999463e-01,6.121699999999999919e-01,5.819900000000000073e-01,6.099799999999999667e-01,6.187799999999999967e-01,5.616900000000000226e-01,5.930999999999999606e-01,6.119499999999999940e-01,5.861100000000000199e-01,5.953199999999999603e-01,5.711500000000000465e-01,6.121999999999999664e-01,5.749600000000000266e-01,5.859900000000000109e-01,5.772500000000000409e-01,5.987200000000000299e-01,5.884700000000000486e-01,5.778600000000000403e-01,5.921999999999999487e-01,5.770699999999999719e-01,5.952199999999999713e-01,5.863199999999999523e-01,6.421200000000000241e-01,6.251299999999999635e-01,5.895799999999999930e-01,6.249299999999999855e-01,6.217799999999999994e-01,6.249200000000000310e-01,5.707499999999999796e-01,6.422499999999999876e-01,6.257700000000000484e-01,6.105699999999999461e-01,6.204199999999999715e-01,6.130999999999999783e-01,6.581700000000000328e-01,6.169499999999999984e-01,6.067399999999999460e-01,5.948400000000000354e-01,6.029200000000000115e-01,6.408000000000000362e-01,6.401599999999999513e-01,6.099900000000000322e-01,6.434199999999999919e-01,6.186300000000000132e-01,6.074800000000000200e-01,6.340400000000000480e-01,6.183499999999999552e-01,5.976200000000000401e-01,6.225399999999999823e-01,6.131299999999999528e-01,5.812899999999999734e-01,5.850600000000000245e-01,5.989100000000000534e-01,6.079099999999999504e-01,5.981600000000000250e-01,5.761500000000000510e-01,6.306399999999999784e-01,5.735299999999999843e-01,5.958400000000000363e-01,6.134600000000000053e-01,6.008200000000000207e-01,6.050799999999999512e-01,5.839800000000000546e-01,5.986700000000000355e-01,5.901199999999999779e-01,0.000000000000000000e+00,5.759800000000000475e-01
5.928200000000000136e-01,5.933100000000000041e-01,6.053100000000000147e-01,6.035099999999999909e-01,6.365699999999999692e-01,5.763899999999999579e-01,6.209099999999999620e-01,6.290499999999999980e-01,5.852699999999999569e-01,6.121699999999999919e-01,6.024699999999999500e-01,5.772500000000000409e-01,6.027400000000000535e-01,6.054399999999999782e-01,5.594599999999999573e-01,5.828299999999999592e-01,6.086099999999999843e-01,5.773800000000000043e-01,5.906099999999999683e-01,5.673099999999999810e-01,6.056099999999999817e-01,5.682000000000000384e-01,5.847599999999999465e-01,5.771300000000000319e-01,5.903899999999999704e-01,5.826700000000000212e-01,5.713599999999999790e-01,5.842399999999999816e-01,5.688900000000000068e-01,5.847599999999999465e-01,5.795700000000000296e-01,6.323699999999999877e-01,6.199400000000000466e-01,5.857200000000000184e-01,6.184800000000000297e-01,6.097099999999999742e-01,6.147500000000000187e-01,5.687400000000000233e-01,6.310999999999999943e-01,6.171699999999999964e-01,6.022800000000000376e-01,6.114600000000000035e-01,6.025199999999999445e-01,6.439300000000000024e-01,6.038000000000000034e-01,5.948600000000000554e-01,5.865899999999999448e-01,5.998400000000000398e-01,6.353999999999999648e-01,6.314199999999999813e-01,6.038299999999999779e-01,6.337300000000000155e-01,6.147299999999999986e-01,6.012399999999999967e-01,6.221200000000000063e-01,6.110999999999999766e-01,5.887900000000000356e-01,6.145699999999999497e-01,6.054800000000000182e-01,5.777099999999999458e-01,5.792300000000000226e-01,5.921399999999999997e-01,6.018599999999999506e-01,5.895299999999999985e-01,5.699699999999999767e-01,6.240299999999999736e-01,5.688400000000000123e-01,5.917099999999999582e-01,6.061900000000000066e-01,5.937700000000000200e-01,5.981300000000000505e-01,5.781199999999999672e-01,5.906500000000000083e-01,5.846299999999999830e-01,0.000000000000000000e+00,5.710600000000000120e-01
5.975399999999999601e-01,5.668400000000000105e-01,5.849900000000000100e-01,5.765900000000000469e-01,6.037200000000000344e-01,5.571899999999999631e-01,5.871100000000000207e-01,6.021400000000000086e-01,5.615900000000000336e-01,5.819900000000000073e-01,5.772500000000000409e-01,5.753899999999999570e-01,5.749600000000000266e-01,5.776599999999999513e-01,5.435900000000000176e-01,5.594999999999999973e-01,5.776000000000000023e-01,5.574999999999999956e-01,5.679600000000000204e-01,5.457800000000000429e-01,5.874800000000000022e-01,5.455699999999999994e-01,5.642000000000000348e-01,5.754799999999999915e-01,5.670500000000000540e-01,5.670899999999999830e-01,5.548199999999999799e-01,5.590199999999999614e-01,5.452000000000000179e-01,5.528800000000000381e-01,5.644299999999999873e-01,5.991999999999999549e-01,6.005300000000000082e-01,5.920900000000000052e-01,6.048000000000000043e-01,5.783899999999999597e-01,5.799999999999999600e-01,5.707200000000000051e-01,5.995800000000000018e-01,6.038799999999999724e-01,6.032899999999999929e-01,6.045300000000000118e-01,5.690300000000000358e-01,6.116300000000000070e-01,6.043100000000000138e-01,5.936700000000000310e-01,5.645700000000000163e-01,5.859400000000000164e-01,6.094300000000000272e-01,5.956099999999999728e-01,5.785400000000000542e-01,5.993199999999999639e-01,5.948700000000000099e-01,5.728100000000000414e-01,5.916400000000000547e-01,5.864899999999999558e-01,5.869600000000000373e-01,5.882699999999999596e-01,5.782800000000000162e-01,5.679899999999999949e-01,5.523799999999999821e-01,5.637699999999999934e-01,5.716499999999999915e-01,5.676799999999999624e-01,5.478199999999999736e-01,6.048499999999999988e-01,5.462200000000000388e-01,5.744399999999999507e-01,6.018400000000000416e-01,5.696700000000000097e-01,5.776999999999999913e-01,5.582000000000000295e-01,5.647199999999999998e-01,5.627100000000000435e-01,0.000000000000000000e+00,5.558199999999999807e-01
5.882300000000000306e-01,5.912500000000000533e-01,6.045899999999999608e-01,6.044300000000000228e-01,6.330599999999999561e-01,5.817799999999999638e-01,6.172499999999999654e-01,6.315100000000000158e-01,5.874399999999999622e-01,6.099799999999999667e-01,6.027400000000000535e-01,5.749600000000000266e-01,6.007900000000000462e-01,6.007099999999999662e-01,5.623899999999999455e-01,5.820199999999999818e-01,6.051299999999999457e-01,5.800100000000000255e-01,5.892800000000000260e-01,5.691199999999999593e-01,6.015399999999999636e-01,5.702800000000000091e-01,5.835299999999999931e-01,5.768400000000000194e-01,5.901600000000000179e-01,5.835900000000000531e-01,5.740399999999999947e-01,5.816099999999999604e-01,5.707100000000000506e-01,5.799199999999999910e-01,5.807299999999999685e-01,6.261600000000000499e-01,6.123600000000000154e-01,5.766700000000000159e-01,6.138900000000000468e-01,6.032300000000000439e-01,6.082400000000000029e-01,5.728499999999999703e-01,6.302299999999999569e-01,6.179999999999999938e-01,6.023800000000000265e-01,6.171699999999999964e-01,5.941999999999999504e-01,6.339299999999999935e-01,6.011900000000000022e-01,5.981499999999999595e-01,5.883899999999999686e-01,5.999400000000000288e-01,6.296100000000000030e-01,6.239099999999999646e-01,6.040900000000000158e-01,6.278899999999999482e-01,6.148400000000000531e-01,5.978200000000000180e-01,6.191999999999999726e-01,6.084300000000000264e-01,5.874500000000000277e-01,6.129900000000000349e-01,5.979100000000000525e-01,5.788499999999999757e-01,5.803599999999999870e-01,5.914700000000000513e-01,5.991800000000000459e-01,5.927700000000000191e-01,5.695700000000000207e-01,6.234800000000000342e-01,5.697699999999999987e-01,5.930499999999999661e-01,6.060900000000000176e-01,5.944500000000000339e-01,5.994199999999999529e-01,5.792699999999999516e-01,5.881899999999999906e-01,5.843399999999999705e-01,0.000000000000000000e+00,5.724299999999999944e-01
5.906000000000000139e-01,5.983699999999999575e-01,5.946200000000000374e-01,6.028099999999999570e-01,6.337000000000000410e-01,5.772199999999999553e-01,6.122900000000000009e-01,6.243999999999999551e-01,5.808900000000000174e-01,6.187799999999999967e-01,6.054399999999999782e-01,5.776599999999999513e-01,6.007099999999999662e-01,5.972899999999999876e-01,5.640100000000000113e-01,5.836400000000000476e-01,6.098000000000000087e-01,5.721300000000000274e-01,5.872899999999999787e-01,5.644599999999999618e-01,6.097000000000000197e-01,5.661899999999999711e-01,5.810800000000000409e-01,5.758999999999999675e-01,5.860499999999999599e-01,5.803899999999999615e-01,5.709499999999999575e-01,5.855599999999999694e-01,5.699699999999999767e-01,5.879499999999999726e-01,5.813800000000000079e-01,6.306599999999999984e-01,6.227300000000000058e-01,5.914099999999999913e-01,6.155699999999999505e-01,6.007299999999999862e-01,6.039999999999999813e-01,5.772000000000000464e-01,6.331700000000000106e-01,6.028999999999999915e-01,6.025800000000000045e-01,6.131499999999999728e-01,6.069499999999999895e-01,6.449000000000000288e-01,6.128400000000000514e-01,5.846799999999999775e-01,5.870699999999999807e-01,5.907400000000000428e-01,6.198500000000000121e-01,6.282499999999999751e-01,6.018499999999999961e-01,6.308500000000000218e-01,6.165000000000000480e-01,5.940999999999999615e-01,6.264100000000000223e-01,6.132800000000000473e-01,5.926200000000000356e-01,6.141999999999999682e-01,6.016000000000000236e-01,5.865099999999999758e-01,5.792100000000000026e-01,5.919499999999999762e-01,5.951100000000000279e-01,5.932500000000000551e-01,5.665499999999999980e-01,6.295800000000000285e-01,5.647600000000000398e-01,5.866400000000000503e-01,6.017099999999999671e-01,5.947599999999999554e-01,5.954300000000000148e-01,5.758799999999999475e-01,5.855099999999999749e-01,5.780899999999999928e-01,0.000000000000000000e+00,5.733099999999999863e-01
5.667600000000000415e-01,5.636700000000000044e-01,5.771500000000000519e-01,5.710899999999999865e-01,5.828200000000000047e-01,5.557499999999999662e-01,5.704700000000000326e-01,5.861499999999999488e-01,5.551399999999999668e-01,5.616900000000000226e-01,5.594599999999999573e-01,5.435900000000000176e-01,5.623899999999999455e-01,5.640100000000000113e-01,5.478100000000000191e-01,5.488300000000000400e-01,5.673300000000000010e-01,5.534599999999999520e-01,5.541800000000000059e-01,5.448199999999999710e-01,5.622800000000000020e-01,5.458199999999999719e-01,5.585999999999999854e-01,5.523900000000000476e-01,5.558499999999999552e-01,5.558600000000000207e-01,5.497800000000000464e-01,5.496600000000000374e-01,5.452500000000000124e-01,5.418600000000000083e-01,5.524200000000000221e-01,5.790600000000000191e-01,5.801699999999999635e-01,5.502799999999999914e-01,5.751100000000000101e-01,5.654500000000000082e-01,5.675900000000000389e-01,5.573399999999999466e-01,5.751199999999999646e-01,5.842800000000000216e-01,5.703700000000000436e-01,5.775900000000000478e-01,5.591300000000000159e-01,5.890499999999999625e-01,5.688299999999999468e-01,5.751800000000000246e-01,5.611699999999999466e-01,5.691399999999999793e-01,5.859499999999999709e-01,5.780600000000000183e-01,5.716900000000000315e-01,5.811500000000000554e-01,5.749699999999999811e-01,5.625700000000000145e-01,5.702099999999999946e-01,5.677400000000000224e-01,5.562799999999999967e-01,5.723599999999999799e-01,5.625499999999999945e-01,5.592399999999999594e-01,5.495799999999999574e-01,5.524000000000000021e-01,5.614599999999999591e-01,5.589600000000000124e-01,5.465700000000000003e-01,5.836000000000000076e-01,5.497199999999999864e-01,5.655900000000000372e-01,5.760800000000000365e-01,5.635099999999999554e-01,5.696700000000000097e-01,5.540500000000000425e-01,5.566299999999999581e-01,5.563399999999999457e-01,0.000000000000000000e+00,5.527199999999999891e-01
5.734700000000000353e-01,5.765299999999999869e-01,5.878400000000000292e-01,5.864399999999999613e-01,6.085199999999999498e-01,5.626600000000000490e-01,5.943899999999999739e-01,6.025500000000000300e-01,5.711100000000000065e-01,5.930999999999999606e-01,5.828400000000000247e-01,5.594999999999999973e-01,5.820199999999999818e-01,5.836400000000000476e-01,5.488300000000000400e-01,5.690600000000000103e-01,5.920199999999999907e-01,5.652399999999999647e-01,5.735099999999999643e-01,5.587699999999999889e-01,5.838999999999999746e-01,5.577299999999999480e-01,5.695400000000000462e-01,5.575700000000000101e-01,5.757700000000000040e-01,5.646299999999999653e-01,5.605200000000000182e-01,5.682599999999999874e-01,5.576499999999999790e-01,5.686499999999999888e-01,5.635200000000000209e-01,6.021300000000000541e-01,6.070799999999999530e-01,5.722300000000000164e-01,6.048499999999999988e-01,5.919900000000000162e-01,5.920699999999999852e-01,5.640800000000000258e-01,6.005000000000000338e-01,5.960100000000000398e-01,5.833700000000000552e-01,5.902600000000000069e-01,5.869100000000000428e-01,6.101299999999999502e-01,5.883300000000000196e-01,5.834099999999999842e-01,5.753399999999999626e-01,5.799199999999999910e-01,6.024199999999999555e-01,6.082300000000000484e-01,5.880400000000000071e-01,6.087099999999999733e-01,5.912100000000000133e-01,5.837299999999999711e-01,6.006200000000000427e-01,5.894200000000000550e-01,5.679300000000000459e-01,5.939600000000000435e-01,5.860899999999999999e-01,5.617400000000000171e-01,5.666999999999999815e-01,5.734500000000000153e-01,5.847599999999999465e-01,5.732800000000000118e-01,5.600000000000000533e-01,5.965700000000000447e-01,5.575900000000000301e-01,5.735000000000000098e-01,5.868799999999999573e-01,5.779600000000000293e-01,5.799900000000000055e-01,5.664000000000000146e-01,5.746599999999999486e-01,5.723200000000000509e-01,0.000000000000000000e+00,5.547199999999999909e-01
5.888400000000000301e-01,5.969499999999999806e-01,6.132800000000000473e-01,6.095599999999999907e-01,6.380200000000000315e-01,5.857499999999999929e-01,6.217300000000000049e-01,6.347300000000000164e-01,5.930999999999999606e-01,6.119499999999999940e-01,6.086099999999999843e-01,5.776000000000000023e-01,6.051299999999999457e-01,6.098000000000000087e-01,5.673300000000000010e-01,5.920199999999999907e-01,6.009600000000000497e-01,5.882300000000000306e-01,5.926700000000000301e-01,5.744700000000000362e-01,6.035199999999999454e-01,5.774500000000000188e-01,5.882500000000000506e-01,5.801399999999999890e-01,5.957999999999999963e-01,5.885299999999999976e-01,5.786599999999999522e-01,5.854800000000000004e-01,5.757600000000000495e-01,5.829699999999999882e-01,5.854099999999999859e-01,6.358500000000000263e-01,6.161499999999999755e-01,5.837099999999999511e-01,6.164399999999999880e-01,6.151499999999999746e-01,6.193999999999999506e-01,5.746499999999999941e-01,6.363299999999999512e-01,6.267500000000000293e-01,6.072199999999999820e-01,6.190200000000000147e-01,6.013300000000000312e-01,6.400200000000000333e-01,6.121999999999999664e-01,6.006500000000000172e-01,5.937599999999999545e-01,6.049999999999999822e-01,6.352400000000000269e-01,6.286599999999999966e-01,6.095300000000000162e-01,6.344300000000000495e-01,6.149700000000000166e-01,6.048400000000000443e-01,6.239299999999999846e-01,6.100299999999999612e-01,5.912899999999999823e-01,6.175100000000000033e-01,6.042899999999999938e-01,5.823899999999999633e-01,5.846299999999999830e-01,5.959100000000000508e-01,6.080200000000000049e-01,5.961600000000000232e-01,5.788299999999999557e-01,6.239000000000000101e-01,5.775799999999999823e-01,5.972899999999999876e-01,6.102499999999999591e-01,6.001900000000000013e-01,6.047200000000000353e-01,5.862199999999999633e-01,5.945799999999999974e-01,5.911899999999999933e-01,0.000000000000000000e+00,5.761699999999999600e-01
5.701399999999999801e-01,5.749100000000000321e-01,5.875899999999999457e-01,5.852699999999999569e-01,5.962199999999999722e-01,5.683700000000000419e-01,5.915899999999999492e-01,6.074399999999999800e-01,5.714700000000000335e-01,5.861100000000000199e-01,5.773800000000000043e-01,5.574999999999999956e-01,5.800100000000000255e-01,5.721300000000000274e-01,5.534599999999999520e-01,5.652500000000000302e-01,5.882300000000000306e-01,5.636100000000000554e-01,5.711600000000000010e-01,5.587499999999999689e-01,5.744500000000000162e-01,5.587699999999999889e-01,5.704099999999999726e-01,5.643200000000000438e-01,5.715500000000000025e-01,5.664700000000000291e-01,5.612399999999999611e-01,5.619699999999999696e-01,5.561599999999999877e-01,5.544000000000000039e-01,5.625900000000000345e-01,5.941800000000000415e-01,5.966500000000000137e-01,5.630300000000000304e-01,5.920400000000000107e-01,5.778400000000000203e-01,5.861100000000000199e-01,5.642099999999999893e-01,6.003300000000000303e-01,5.935300000000000020e-01,5.752199999999999536e-01,5.906500000000000083e-01,5.739100000000000312e-01,6.051800000000000512e-01,5.833899999999999642e-01,5.736700000000000133e-01,5.723899999999999544e-01,5.800499999999999545e-01,6.042999999999999483e-01,5.973399999999999821e-01,5.837499999999999911e-01,6.011699999999999822e-01,5.902100000000000124e-01,5.784799999999999942e-01,5.926700000000000301e-01,5.837799999999999656e-01,5.624000000000000110e-01,5.902500000000000524e-01,5.776999999999999913e-01,5.665499999999999980e-01,5.651199999999999557e-01,5.762199999999999545e-01,5.833599999999999897e-01,5.705500000000000016e-01,5.559199999999999697e-01,5.961400000000000032e-01,5.585499999999999909e-01,5.774299999999999988e-01,5.835700000000000331e-01,5.788600000000000412e-01,5.816799999999999748e-01,5.649600000000000177e-01,5.691500000000000448e-01,5.687999999999999723e-01,0.000000000000000000e+00,5.588999999999999524e-01
5.840800000000000436e-01,5.796799999999999731e-01,6.019299999999999651e-01,5.895599999999999730e-01,6.175599999999999978e-01,5.731800000000000228e-01,6.053899999999999837e-01,6.207000000000000295e-01,5.768799999999999484e-01,5.953199999999999603e-01,5.906099999999999683e-01,5.679600000000000204e-01,5.892800000000000260e-01,5.872899999999999787e-01,5.541800000000000059e-01,5.735099999999999643e-01,5.926700000000000301e-01,5.711600000000000010e-01,5.818499999999999783e-01,5.619499999999999496e-01,5.897099999999999564e-01,5.632599999999999829e-01,5.790300000000000447e-01,5.698199999999999932e-01,5.793199999999999461e-01,5.725099999999999634e-01,5.660500000000000531e-01,5.708800000000000541e-01,5.614000000000000101e-01,5.642700000000000493e-01,5.682599999999999874e-01,6.128099999999999659e-01,6.061299999999999466e-01,5.736299999999999732e-01,6.037599999999999634e-01,5.948299999999999699e-01,6.018000000000000016e-01,5.645599999999999508e-01,6.188799999999999857e-01,6.061600000000000321e-01,5.951899999999999968e-01,6.033600000000000074e-01,5.886500000000000066e-01,6.274999999999999467e-01,6.089400000000000368e-01,5.855000000000000204e-01,5.800699999999999745e-01,5.995800000000000018e-01,6.244600000000000151e-01,6.137000000000000233e-01,5.944599999999999884e-01,6.172100000000000364e-01,6.028799999999999715e-01,5.897900000000000365e-01,6.061100000000000376e-01,5.974500000000000366e-01,5.793000000000000371e-01,6.018200000000000216e-01,5.918600000000000527e-01,5.679199999999999804e-01,5.658800000000000496e-01,5.807799999999999629e-01,5.907099999999999573e-01,5.819699999999999873e-01,5.633099999999999774e-01,6.063199999999999701e-01,5.637699999999999934e-01,5.860600000000000254e-01,5.984099999999999975e-01,5.869299999999999518e-01,5.882899999999999796e-01,5.704500000000000126e-01,5.803099999999999925e-01,5.791199999999999681e-01,0.000000000000000000e+00,5.632399999999999629e-01
5.677600000000000424e-01,5.637100000000000444e-01,5.830999999999999517e-01,5.689699999999999758e-01,5.903599999999999959e-01,5.579600000000000115e-01,5.805399999999999450e-01,5.988599999999999479e-01,5.629199999999999759e-01,5.711500000000000465e-01,5.673200000000000465e-01,5.457800000000000429e-01,5.691199999999999593e-01,5.644599999999999618e-01,5.448199999999999710e-01,5.587699999999999889e-01,5.744700000000000362e-01,5.587499999999999689e-01,5.619499999999999496e-01,5.515200000000000102e-01,5.695500000000000007e-01,5.511700000000000488e-01,5.629300000000000415e-01,5.544799999999999729e-01,5.644299999999999873e-01,5.587199999999999944e-01,5.545999999999999819e-01,5.540000000000000480e-01,5.492000000000000215e-01,5.460599999999999898e-01,5.530100000000000016e-01,5.848700000000000010e-01,5.907799999999999718e-01,5.556200000000000028e-01,5.883500000000000396e-01,5.727200000000000069e-01,5.771899999999999809e-01,5.492700000000000360e-01,5.850800000000000445e-01,5.881399999999999961e-01,5.743899999999999562e-01,5.855500000000000149e-01,5.636299999999999644e-01,5.932899999999999840e-01,5.728699999999999903e-01,5.723700000000000454e-01,5.676200000000000134e-01,5.762500000000000400e-01,5.935700000000000420e-01,5.874800000000000022e-01,5.782599999999999962e-01,5.892199999999999660e-01,5.825599999999999667e-01,5.720100000000000184e-01,5.792599999999999971e-01,5.738199999999999967e-01,5.574200000000000266e-01,5.776099999999999568e-01,5.684500000000000108e-01,5.555700000000000083e-01,5.561899999999999622e-01,5.594999999999999973e-01,5.751699999999999591e-01,5.628800000000000470e-01,5.506799999999999473e-01,5.842000000000000526e-01,5.537400000000000100e-01,5.706299999999999706e-01,5.782300000000000217e-01,5.700100000000000167e-01,5.730699999999999683e-01,5.581000000000000405e-01,5.617900000000000116e-01,5.646400000000000308e-01,0.000000000000000000e+00,5.517999999999999572e-01
6.030699999999999950e-01,5.939100000000000490e-01,6.068500000000000005e-01,6.028200000000000225e-01,6.406500000000000528e-01,5.741399999999999837e-01,6.145899999999999697e-01,6.346399999999999819e-01,5.799499999999999655e-01,6.121999999999999664e-01,6.056099999999999817e-01,5.874800000000000022e-01,6.015399999999999636e-01,6.097099999999999742e-01,5.622800000000000020e-01,5.838999999999999746e-01,6.035199999999999454e-01,5.744500000000000162e-01,5.897099999999999564e-01,5.695500000000000007e-01,6.122999999999999554e-01,5.668900000000000050e-01,5.853899999999999659e-01,5.823300000000000143e-01,5.888299999999999645e-01,5.837400000000000366e-01,5.704500000000000126e-01,5.844000000000000306e-01,5.675000000000000044e-01,5.887400000000000411e-01,5.849499999999999700e-01,6.350799999999999779e-01,6.276500000000000412e-01,5.984599999999999920e-01,6.247200000000000530e-01,6.096099999999999852e-01,6.078299999999999814e-01,5.935899999999999510e-01,6.321299999999999697e-01,6.237300000000000066e-01,6.211299999999999599e-01,6.226000000000000423e-01,6.014199999999999546e-01,6.503600000000000492e-01,6.213800000000000434e-01,6.099599999999999467e-01,5.897099999999999564e-01,6.055199999999999472e-01,6.315899999999999848e-01,6.303299999999999459e-01,6.040400000000000214e-01,6.345300000000000384e-01,6.213400000000000034e-01,5.978299999999999725e-01,6.212299999999999489e-01,6.150900000000000256e-01,6.018499999999999961e-01,6.177300000000000013e-01,6.041900000000000048e-01,5.871800000000000352e-01,5.770899999999999919e-01,5.869600000000000373e-01,5.972800000000000331e-01,5.964000000000000412e-01,5.687799999999999523e-01,6.366100000000000092e-01,5.688699999999999868e-01,5.915599999999999747e-01,6.147399999999999531e-01,5.895099999999999785e-01,5.983399999999999830e-01,5.760199999999999765e-01,5.906299999999999883e-01,5.841800000000000326e-01,0.000000000000000000e+00,5.743700000000000472e-01
