6.642900000000000471e-01,5.889199999999999990e-01,5.822399999999999798e-01,5.874399999999999622e-01,6.287599999999999856e-01,5.909900000000000153e-01,6.154199999999999671e-01,6.675200000000000022e-01,5.957700000000000218e-01,5.959699999999999998e-01,6.051400000000000112e-01,6.089700000000000113e-01,6.090100000000000513e-01,6.074199999999999600e-01,6.141400000000000192e-01,5.971999999999999531e-01,6.110200000000000076e-01,5.933100000000000041e-01,5.778799999999999493e-01,5.731300000000000283e-01,6.485300000000000509e-01,5.876000000000000112e-01,6.009299999999999642e-01,6.377599999999999936e-01,5.957900000000000418e-01,6.209299999999999820e-01,5.800899999999999945e-01,5.960400000000000142e-01,5.837999999999999856e-01,5.497999999999999554e-01,6.193899999999999961e-01,6.242600000000000371e-01,6.556199999999999806e-01,6.527500000000000524e-01,6.321700000000000097e-01,6.216699999999999449e-01,6.238399999999999501e-01,6.634700000000000042e-01,6.384900000000000020e-01,6.555900000000000061e-01,6.329200000000000381e-01,6.453600000000000447e-01,5.738499999999999712e-01,6.378700000000000481e-01,6.253499999999999615e-01,6.416699999999999626e-01,5.983399999999999830e-01,5.596499999999999808e-01,6.222900000000000098e-01,6.156700000000000506e-01,6.053600000000000092e-01,6.260999999999999899e-01,6.404600000000000293e-01,5.986399999999999499e-01,6.093899999999999872e-01,5.991800000000000459e-01,6.301299999999999679e-01,6.000900000000000123e-01,5.860400000000000054e-01,6.221700000000000008e-01,6.017299999999999871e-01,6.187899999999999512e-01,5.969299999999999606e-01,5.621199999999999530e-01,5.749900000000000011e-01,6.330200000000000271e-01,5.763099999999999890e-01,5.883399999999999741e-01,6.190700000000000092e-01,5.876599999999999602e-01,5.973899999999999766e-01,5.772100000000000009e-01,5.852300000000000280e-01,5.896299999999999875e-01,5.516299999999999537e-01,6.212499999999999689e-01
5.889199999999999990e-01,5.632099999999999884e-01,5.502000000000000224e-01,5.621000000000000441e-01,5.941899999999999959e-01,5.631399999999999739e-01,5.817600000000000549e-01,6.092600000000000238e-01,5.709499999999999575e-01,5.660300000000000331e-01,5.763200000000000545e-01,5.546999999999999709e-01,5.780800000000000383e-01,5.849100000000000410e-01,5.585499999999999909e-01,5.672700000000000520e-01,5.716999999999999860e-01,5.698900000000000077e-01,5.571599999999999886e-01,5.499500000000000499e-01,5.963399999999999812e-01,5.613899999999999446e-01,5.630699999999999594e-01,5.739999999999999547e-01,5.706700000000000106e-01,5.786999999999999922e-01,5.550000000000000488e-01,5.711500000000000465e-01,5.592200000000000504e-01,0.000000000000000000e+00,5.788799999999999502e-01,5.830199999999999827e-01,6.115399999999999725e-01,6.007700000000000262e-01,5.859900000000000109e-01,5.887599999999999500e-01,5.861199999999999743e-01,6.063800000000000301e-01,5.904399999999999649e-01,6.157399999999999540e-01,5.844599999999999795e-01,5.967200000000000282e-01,5.639100000000000223e-01,5.971699999999999786e-01,5.775099999999999678e-01,5.786499999999999977e-01,5.696099999999999497e-01,5.439199999999999591e-01,5.854500000000000259e-01,5.918299999999999672e-01,5.738100000000000422e-01,5.932500000000000551e-01,5.943000000000000504e-01,5.747400000000000286e-01,5.748999999999999666e-01,5.755900000000000460e-01,5.640899999999999803e-01,5.743500000000000272e-01,5.776599999999999513e-01,5.715999999999999970e-01,5.721000000000000529e-01,5.827099999999999502e-01,5.662800000000000056e-01,5.431700000000000417e-01,5.499500000000000499e-01,5.874300000000000077e-01,5.550699999999999523e-01,5.617600000000000371e-01,5.518499999999999517e-01,5.623899999999999455e-01,5.637900000000000134e-01,5.540599999999999969e-01,5.649499999999999522e-01,5.620399999999999840e-01,5.398600000000000065e-01,5.843599999999999905e-01
5.822399999999999798e-01,5.502000000000000224e-01,5.621500000000000385e-01,5.464900000000000313e-01,5.792500000000000426e-01,5.602099999999999858e-01,5.682899999999999618e-01,5.841899999999999871e-01,5.636499999999999844e-01,5.485799999999999566e-01,5.607799999999999452e-01,5.435100000000000486e-01,5.695900000000000407e-01,5.712599999999999900e-01,5.514000000000000012e-01,5.590000000000000524e-01,5.620600000000000041e-01,5.592899999999999539e-01,5.536100000000000465e-01,5.470300000000000162e-01,5.764899999999999469e-01,5.563299999999999912e-01,5.585999999999999854e-01,5.640600000000000058e-01,5.564500000000000002e-01,5.669199999999999795e-01,5.534999999999999920e-01,5.635799999999999699e-01,5.561899999999999622e-01,0.000000000000000000e+00,5.689300000000000468e-01,5.662599999999999856e-01,5.971199999999999841e-01,5.883800000000000141e-01,5.770899999999999919e-01,5.784899999999999487e-01,5.693700000000000427e-01,6.003699999999999593e-01,5.671199999999999575e-01,5.969799999999999551e-01,5.797099999999999476e-01,5.924300000000000122e-01,5.579199999999999715e-01,5.809800000000000519e-01,5.807700000000000085e-01,5.744599999999999707e-01,5.629999999999999449e-01,5.522299999999999986e-01,5.677799999999999514e-01,5.727799999999999558e-01,5.680800000000000294e-01,5.816599999999999548e-01,5.808100000000000485e-01,5.730199999999999738e-01,5.574599999999999556e-01,5.624700000000000255e-01,5.550300000000000233e-01,5.656600000000000517e-01,5.659699999999999731e-01,5.645599999999999508e-01,5.605099999999999527e-01,5.733200000000000518e-01,5.564500000000000002e-01,5.419899999999999718e-01,5.468399999999999928e-01,5.738499999999999712e-01,5.510899999999999688e-01,5.577600000000000335e-01,5.574000000000000066e-01,5.528300000000000436e-01,5.544599999999999529e-01,5.506199999999999983e-01,5.558499999999999552e-01,5.567699999999999871e-01,0.000000000000000000e+00,5.723799999999999999e-01
5.874399999999999622e-01,5.621000000000000441e-01,5.464900000000000313e-01,5.604700000000000237e-01,5.932500000000000551e-01,5.535700000000000065e-01,5.821100000000000163e-01,6.013899999999999801e-01,5.663200000000000456e-01,5.692099999999999937e-01,5.752000000000000446e-01,5.557299999999999462e-01,5.746900000000000341e-01,5.809199999999999919e-01,5.533500000000000085e-01,5.679899999999999949e-01,5.691899999999999737e-01,5.711800000000000210e-01,5.542200000000000459e-01,5.405200000000000005e-01,5.957799999999999763e-01,5.556600000000000428e-01,5.564799999999999747e-01,5.675200000000000244e-01,5.696700000000000097e-01,5.755500000000000060e-01,5.484299999999999731e-01,5.663799999999999946e-01,5.508800000000000363e-01,0.000000000000000000e+00,5.710800000000000320e-01,5.868999999999999773e-01,5.967700000000000227e-01,5.941300000000000470e-01,5.794599999999999751e-01,5.853599999999999914e-01,5.805299999999999905e-01,5.992499999999999494e-01,5.909600000000000408e-01,6.093600000000000128e-01,5.802100000000000035e-01,5.909900000000000153e-01,5.538499999999999535e-01,5.919499999999999762e-01,5.691399999999999793e-01,5.773899999999999588e-01,5.656600000000000517e-01,0.000000000000000000e+00,5.818999999999999728e-01,5.918600000000000527e-01,5.650300000000000322e-01,5.919699999999999962e-01,5.958900000000000308e-01,5.665999999999999925e-01,5.745700000000000252e-01,5.779999999999999583e-01,5.656900000000000261e-01,5.686900000000000288e-01,5.696499999999999897e-01,5.729800000000000448e-01,5.702000000000000401e-01,5.845900000000000540e-01,5.640600000000000058e-01,5.430399999999999672e-01,5.444700000000000095e-01,5.932300000000000351e-01,5.496199999999999974e-01,5.606100000000000527e-01,5.487800000000000455e-01,5.600800000000000223e-01,5.625999999999999890e-01,5.503299999999999859e-01,5.622599999999999820e-01,5.571000000000000396e-01,5.411799999999999944e-01,5.792699999999999516e-01
6.287599999999999856e-01,5.941899999999999959e-01,5.792500000000000426e-01,5.932500000000000551e-01,6.298700000000000410e-01,5.929600000000000426e-01,6.157000000000000250e-01,6.470299999999999940e-01,6.010499999999999732e-01,5.948999999999999844e-01,6.055899999999999617e-01,5.828799999999999537e-01,6.098400000000000487e-01,6.144100000000000117e-01,5.848600000000000465e-01,6.016000000000000236e-01,6.038599999999999524e-01,6.022600000000000176e-01,5.856599999999999584e-01,5.715900000000000425e-01,6.346500000000000474e-01,5.898099999999999454e-01,5.883199999999999541e-01,6.046799999999999953e-01,5.985700000000000465e-01,6.087700000000000333e-01,5.814899999999999514e-01,5.985300000000000065e-01,5.830800000000000427e-01,5.544000000000000039e-01,6.109299999999999731e-01,6.266800000000000148e-01,6.428599999999999870e-01,6.332499999999999796e-01,6.263800000000000479e-01,6.224899999999999878e-01,6.182199999999999918e-01,6.481700000000000239e-01,6.329900000000000526e-01,6.550799999999999956e-01,6.129599999999999493e-01,6.327800000000000091e-01,5.836500000000000021e-01,6.333499999999999686e-01,6.119799999999999685e-01,6.116000000000000325e-01,5.964699999999999447e-01,5.711100000000000065e-01,6.241100000000000536e-01,6.298200000000000465e-01,6.040400000000000214e-01,6.286500000000000421e-01,6.357500000000000373e-01,6.069799999999999640e-01,6.068799999999999750e-01,6.081499999999999684e-01,5.971100000000000296e-01,6.044399999999999773e-01,6.021699999999999831e-01,6.047500000000000098e-01,6.013899999999999801e-01,6.163499999999999535e-01,5.952800000000000313e-01,5.642099999999999893e-01,5.730100000000000193e-01,6.250700000000000145e-01,5.799600000000000311e-01,5.925599999999999756e-01,5.821300000000000363e-01,5.902500000000000524e-01,5.914800000000000058e-01,5.810300000000000464e-01,5.925399999999999556e-01,5.920499999999999652e-01,5.711199999999999610e-01,6.162600000000000300e-01
5.909900000000000153e-01,5.631399999999999739e-01,5.602099999999999858e-01,5.535700000000000065e-01,5.929600000000000426e-01,5.692399999999999682e-01,5.795400000000000551e-01,6.002399999999999958e-01,5.745299999999999851e-01,5.593599999999999683e-01,5.715500000000000025e-01,5.510500000000000398e-01,5.781699999999999617e-01,5.854099999999999859e-01,5.613000000000000211e-01,5.678299999999999459e-01,5.675000000000000044e-01,5.688499999999999668e-01,5.636299999999999644e-01,5.539600000000000080e-01,5.923699999999999521e-01,5.651500000000000412e-01,5.671300000000000230e-01,5.789499999999999647e-01,5.699199999999999822e-01,5.799199999999999910e-01,5.613700000000000356e-01,5.714799999999999880e-01,5.631800000000000139e-01,0.000000000000000000e+00,5.802399999999999780e-01,5.812000000000000499e-01,6.111499999999999710e-01,6.008299999999999752e-01,5.923300000000000232e-01,5.869100000000000428e-01,5.815200000000000369e-01,6.111600000000000366e-01,5.846099999999999630e-01,6.160099999999999465e-01,5.834099999999999842e-01,5.956700000000000328e-01,5.629999999999999449e-01,5.865200000000000413e-01,5.843500000000000361e-01,5.823500000000000343e-01,5.693000000000000282e-01,5.549600000000000088e-01,5.799400000000000110e-01,5.875599999999999712e-01,5.808699999999999974e-01,5.924099999999999921e-01,5.907599999999999518e-01,5.815099999999999714e-01,5.658999999999999586e-01,5.720899999999999874e-01,5.596100000000000518e-01,5.757200000000000095e-01,5.772399999999999753e-01,5.738499999999999712e-01,5.693799999999999972e-01,5.780899999999999928e-01,5.644500000000000073e-01,5.461599999999999788e-01,5.516299999999999537e-01,5.817200000000000149e-01,5.594799999999999773e-01,5.656900000000000261e-01,5.606700000000000017e-01,5.622399999999999620e-01,5.647400000000000198e-01,5.592000000000000304e-01,5.653899999999999482e-01,5.657100000000000461e-01,5.405100000000000460e-01,5.855200000000000404e-01
6.154199999999999671e-01,5.817600000000000549e-01,5.682899999999999618e-01,5.821199999999999708e-01,6.157000000000000250e-01,5.795500000000000096e-01,6.001199999999999868e-01,6.299700000000000299e-01,5.868299999999999628e-01,5.817400000000000349e-01,5.925000000000000266e-01,5.712899999999999645e-01,5.954300000000000148e-01,6.031699999999999839e-01,5.745400000000000507e-01,5.861899999999999888e-01,5.902800000000000269e-01,5.898299999999999654e-01,5.726700000000000124e-01,5.623700000000000365e-01,6.181100000000000483e-01,5.772800000000000153e-01,5.771199999999999664e-01,5.940600000000000325e-01,5.855299999999999949e-01,5.961400000000000032e-01,5.705400000000000471e-01,5.869999999999999662e-01,5.734700000000000353e-01,5.448800000000000310e-01,5.987799999999999789e-01,6.094000000000000528e-01,6.304899999999999949e-01,6.203300000000000480e-01,6.093499999999999472e-01,6.086000000000000298e-01,6.057299999999999907e-01,6.315399999999999903e-01,6.191100000000000492e-01,6.394300000000000539e-01,6.040499999999999758e-01,6.204600000000000115e-01,5.745999999999999996e-01,6.194199999999999706e-01,6.021300000000000541e-01,5.995800000000000018e-01,5.846500000000000030e-01,5.611899999999999666e-01,6.097099999999999742e-01,6.125000000000000444e-01,5.911300000000000443e-01,6.138799999999999812e-01,6.192600000000000326e-01,5.928700000000000081e-01,5.935099999999999820e-01,5.941600000000000215e-01,5.863199999999999523e-01,5.931499999999999551e-01,5.919200000000000017e-01,5.914700000000000513e-01,5.903399999999999759e-01,6.046599999999999753e-01,5.844799999999999995e-01,5.558899999999999952e-01,5.633599999999999719e-01,6.100200000000000067e-01,5.684900000000000508e-01,5.803800000000000070e-01,5.729100000000000303e-01,5.789299999999999446e-01,5.803099999999999925e-01,5.686200000000000143e-01,5.810100000000000264e-01,5.791399999999999881e-01,5.557100000000000373e-01,6.036200000000000454e-01
6.675200000000000022e-01,6.092600000000000238e-01,5.841899999999999871e-01,6.013899999999999801e-01,6.470299999999999940e-01,6.002399999999999958e-01,6.299700000000000299e-01,6.753500000000000059e-01,6.074199999999999600e-01,6.105899999999999661e-01,6.141999999999999682e-01,6.028900000000000370e-01,6.195100000000000051e-01,6.311600000000000543e-01,6.114800000000000235e-01,6.170900000000000274e-01,6.269400000000000528e-01,6.147899999999999476e-01,5.894800000000000040e-01,5.873899999999999677e-01,6.600500000000000256e-01,6.038099999999999579e-01,6.107200000000000406e-01,6.379099999999999770e-01,6.117200000000000415e-01,6.299799999999999844e-01,5.937200000000000255e-01,6.138500000000000068e-01,6.011400000000000077e-01,5.577499999999999680e-01,6.279700000000000282e-01,6.384499999999999620e-01,6.704499999999999904e-01,6.547699999999999632e-01,6.339299999999999935e-01,6.400099999999999678e-01,6.434100000000000374e-01,6.611700000000000355e-01,6.443600000000000438e-01,6.713799999999999768e-01,6.302900000000000169e-01,6.407800000000000162e-01,5.913000000000000478e-01,6.517399999999999860e-01,6.280799999999999716e-01,6.372999999999999776e-01,6.139999999999999902e-01,5.707400000000000251e-01,6.333499999999999686e-01,6.390799999999999814e-01,6.166500000000000314e-01,6.428800000000000070e-01,6.498899999999999677e-01,6.113699999999999690e-01,6.217899999999999539e-01,6.118700000000000250e-01,6.189799999999999747e-01,6.162699999999999845e-01,6.155000000000000471e-01,6.208700000000000330e-01,6.116599999999999815e-01,6.343299999999999494e-01,6.083899999999999864e-01,5.682599999999999874e-01,5.878999999999999782e-01,6.364199999999999857e-01,5.909999999999999698e-01,6.032100000000000239e-01,6.095899999999999652e-01,6.017900000000000471e-01,6.050299999999999567e-01,5.886299999999999866e-01,6.023899999999999810e-01,6.017799999999999816e-01,5.683899999999999508e-01,6.296000000000000485e-01
5.957700000000000218e-01,5.709499999999999575e-01,5.636499999999999844e-01,5.663200000000000456e-01,6.010499999999999732e-01,5.745299999999999851e-01,5.868299999999999628e-01,6.074199999999999600e-01,5.820800000000000418e-01,5.700499999999999456e-01,5.785700000000000287e-01,5.577999999999999625e-01,5.859999999999999654e-01,5.935599999999999765e-01,5.633599999999999719e-01,5.767799999999999594e-01,5.769600000000000284e-01,5.782399999999999762e-01,5.672800000000000065e-01,5.593200000000000394e-01,5.973199999999999621e-01,5.712099999999999955e-01,5.691199999999999593e-01,5.766099999999999559e-01,5.795500000000000096e-01,5.847599999999999465e-01,5.659699999999999731e-01,5.777999999999999803e-01,5.691199999999999593e-01,5.395799999999999486e-01,5.844200000000000506e-01,5.879199999999999982e-01,6.156800000000000050e-01,6.066700000000000426e-01,5.948999999999999844e-01,5.984199999999999520e-01,5.935899999999999510e-01,6.183899999999999952e-01,5.893000000000000460e-01,6.236599999999999921e-01,5.898499999999999854e-01,6.033500000000000529e-01,5.718100000000000405e-01,5.994699999999999473e-01,5.860600000000000254e-01,5.849699999999999900e-01,5.768499999999999739e-01,5.578899999999999970e-01,5.909200000000000008e-01,5.977200000000000291e-01,5.838700000000000001e-01,6.009999999999999787e-01,5.987200000000000299e-01,5.876000000000000112e-01,5.765799999999999814e-01,5.806299999999999795e-01,5.655999999999999917e-01,5.816099999999999604e-01,5.866400000000000503e-01,5.760100000000000220e-01,5.736999999999999877e-01,5.862699999999999578e-01,5.679100000000000259e-01,5.513799999999999812e-01,5.573000000000000176e-01,5.865599999999999703e-01,5.636799999999999589e-01,5.692599999999999882e-01,5.574099999999999611e-01,5.679899999999999949e-01,5.690199999999999703e-01,5.635299999999999754e-01,5.722199999999999509e-01,5.728999999999999648e-01,5.495299999999999629e-01,5.876799999999999802e-01
5.959699999999999998e-01,5.660300000000000331e-01,5.485799999999999566e-01,5.692099999999999937e-01,5.948999999999999844e-01,5.593599999999999683e-01,5.817400000000000349e-01,6.105899999999999661e-01,5.700499999999999456e-01,5.705200000000000271e-01,5.779900000000000038e-01,5.579699999999999660e-01,5.774500000000000188e-01,5.874300000000000077e-01,5.607499999999999707e-01,5.678600000000000314e-01,5.741100000000000092e-01,5.722800000000000109e-01,5.572899999999999521e-01,5.482000000000000206e-01,5.977400000000000491e-01,5.604500000000000037e-01,5.631300000000000194e-01,5.712800000000000100e-01,5.733300000000000063e-01,5.772500000000000409e-01,5.534999999999999920e-01,5.712099999999999955e-01,5.587299999999999489e-01,0.000000000000000000e+00,5.741000000000000547e-01,5.804599999999999760e-01,5.992600000000000149e-01,5.913699999999999513e-01,5.776599999999999513e-01,5.963600000000000012e-01,5.932300000000000351e-01,6.017000000000000126e-01,5.890600000000000280e-01,6.056700000000000417e-01,5.825799999999999867e-01,5.910600000000000298e-01,5.670500000000000540e-01,5.964099999999999957e-01,5.772500000000000409e-01,5.789299999999999446e-01,5.685000000000000053e-01,5.398199999999999665e-01,5.839100000000000401e-01,5.947299999999999809e-01,5.696200000000000152e-01,5.949299999999999589e-01,5.923199999999999577e-01,5.709100000000000286e-01,5.788799999999999502e-01,5.748100000000000431e-01,5.675499999999999989e-01,5.722199999999999509e-01,5.815000000000000169e-01,5.698600000000000332e-01,5.674200000000000355e-01,5.835599999999999676e-01,5.661100000000000021e-01,5.436299999999999466e-01,5.503000000000000114e-01,5.866200000000000303e-01,5.531899999999999595e-01,5.598499999999999588e-01,5.489199999999999635e-01,5.647199999999999998e-01,5.617999999999999661e-01,5.529600000000000071e-01,5.649899999999999922e-01,5.611599999999999921e-01,5.464900000000000313e-01,5.774599999999999733e-01
6.051400000000000112e-01,5.763200000000000545e-01,5.607799999999999452e-01,5.752000000000000446e-01,6.056000000000000272e-01,5.715500000000000025e-01,5.925000000000000266e-01,6.141999999999999682e-01,5.785700000000000287e-01,5.779900000000000038e-01,5.847099999999999520e-01,5.692899999999999627e-01,5.882699999999999596e-01,5.941499999999999559e-01,5.676400000000000334e-01,5.772000000000000464e-01,5.812599999999999989e-01,5.766099999999999559e-01,5.676299999999999679e-01,5.543299999999999894e-01,6.071699999999999875e-01,5.688299999999999468e-01,5.706900000000000306e-01,5.841800000000000326e-01,5.800300000000000455e-01,5.865799999999999903e-01,5.603900000000000547e-01,5.790199999999999791e-01,5.648400000000000087e-01,5.421899999999999498e-01,5.858400000000000274e-01,5.968200000000000172e-01,6.152300000000000546e-01,6.074899999999999745e-01,5.980100000000000415e-01,6.018000000000000016e-01,5.973500000000000476e-01,6.152800000000000491e-01,5.983399999999999830e-01,6.215500000000000469e-01,5.915000000000000258e-01,6.029299999999999660e-01,5.720100000000000184e-01,6.020400000000000196e-01,5.866200000000000303e-01,5.894700000000000495e-01,5.750300000000000411e-01,5.507300000000000528e-01,5.963000000000000522e-01,6.065000000000000391e-01,5.821899999999999853e-01,6.030299999999999550e-01,6.025300000000000100e-01,5.813399999999999679e-01,5.849199999999999955e-01,5.860300000000000509e-01,5.767799999999999594e-01,5.815200000000000369e-01,5.875899999999999457e-01,5.809299999999999464e-01,5.789199999999999902e-01,5.944099999999999939e-01,5.767400000000000304e-01,5.509699999999999598e-01,5.553399999999999448e-01,5.981100000000000305e-01,5.607400000000000162e-01,5.711199999999999610e-01,5.610899999999999777e-01,5.712199999999999500e-01,5.710899999999999865e-01,5.621800000000000130e-01,5.727799999999999558e-01,5.678499999999999659e-01,5.543500000000000094e-01,5.903300000000000214e-01
6.089700000000000113e-01,5.546999999999999709e-01,5.435100000000000486e-01,5.557299999999999462e-01,5.828799999999999537e-01,5.510500000000000398e-01,5.712899999999999645e-01,6.028900000000000370e-01,5.577999999999999625e-01,5.579699999999999660e-01,5.692899999999999627e-01,5.703500000000000236e-01,5.652500000000000302e-01,5.721800000000000219e-01,5.664099999999999691e-01,5.524799999999999711e-01,5.653799999999999937e-01,5.577800000000000535e-01,5.467400000000000038e-01,0.000000000000000000e+00,5.950900000000000079e-01,5.478100000000000191e-01,5.595200000000000173e-01,5.829400000000000137e-01,5.629899999999999904e-01,5.742899999999999672e-01,5.429399999999999782e-01,5.590500000000000469e-01,5.455100000000000504e-01,0.000000000000000000e+00,5.723200000000000509e-01,5.705900000000000416e-01,6.077799999999999869e-01,6.018299999999999761e-01,5.810699999999999754e-01,5.787999999999999812e-01,5.794099999999999806e-01,6.005399999999999627e-01,5.762399999999999745e-01,6.077799999999999869e-01,5.878200000000000092e-01,5.924000000000000377e-01,5.428699999999999637e-01,5.867099999999999538e-01,5.713899999999999535e-01,5.953100000000000058e-01,5.558999999999999497e-01,0.000000000000000000e+00,5.774000000000000243e-01,5.755799999999999805e-01,5.567999999999999616e-01,5.791199999999999681e-01,5.776499999999999968e-01,5.566499999999999782e-01,5.647400000000000198e-01,5.628699999999999815e-01,5.784299999999999997e-01,5.571000000000000396e-01,5.537400000000000100e-01,5.733700000000000463e-01,5.551599999999999868e-01,5.657999999999999696e-01,5.557999999999999607e-01,0.000000000000000000e+00,5.390700000000000491e-01,5.837900000000000311e-01,5.392299999999999871e-01,5.482799999999999896e-01,5.655599999999999516e-01,5.541099999999999914e-01,5.588100000000000289e-01,5.404499999999999860e-01,5.502299999999999969e-01,5.469800000000000217e-01,0.000000000000000000e+00,5.760899999999999910e-01
6.090100000000000513e-01,5.780800000000000383e-01,5.695900000000000407e-01,5.746900000000000341e-01,6.098400000000000487e-01,5.781699999999999617e-01,5.954300000000000148e-01,6.195100000000000051e-01,5.859999999999999654e-01,5.774500000000000188e-01,5.882600000000000051e-01,5.652500000000000302e-01,5.929499999999999771e-01,6.016000000000000236e-01,5.711800000000000210e-01,5.823000000000000398e-01,5.870699999999999807e-01,5.856200000000000294e-01,5.736599999999999477e-01,5.641899999999999693e-01,6.113699999999999690e-01,5.764799999999999924e-01,5.760600000000000165e-01,5.891699999999999715e-01,5.840699999999999781e-01,5.921499999999999542e-01,5.696999999999999842e-01,5.860199999999999854e-01,5.752000000000000446e-01,5.477499999999999591e-01,5.942899999999999849e-01,5.981400000000000050e-01,6.219700000000000228e-01,6.138200000000000323e-01,6.011499999999999622e-01,6.079299999999999704e-01,6.009900000000000242e-01,6.254399999999999959e-01,6.074000000000000510e-01,6.307099999999999929e-01,5.993699999999999584e-01,6.148700000000000276e-01,5.820699999999999763e-01,6.096099999999999852e-01,5.974199999999999511e-01,5.945399999999999574e-01,5.849199999999999955e-01,5.620600000000000041e-01,6.009999999999999787e-01,6.065700000000000536e-01,5.902199999999999669e-01,6.101900000000000102e-01,6.122600000000000264e-01,5.927400000000000446e-01,5.873500000000000387e-01,5.896299999999999875e-01,5.782599999999999962e-01,5.919600000000000417e-01,5.943500000000000449e-01,5.858700000000000019e-01,5.883000000000000451e-01,6.014599999999999946e-01,5.811600000000000099e-01,5.561800000000000077e-01,5.626400000000000290e-01,6.019200000000000106e-01,5.694500000000000117e-01,5.769699999999999829e-01,5.660800000000000276e-01,5.758499999999999730e-01,5.762699999999999489e-01,5.672199999999999465e-01,5.796200000000000241e-01,5.782800000000000162e-01,5.553700000000000303e-01,5.979600000000000470e-01
6.074199999999999600e-01,5.849100000000000410e-01,5.712599999999999900e-01,5.809199999999999919e-01,6.144100000000000117e-01,5.854099999999999859e-01,6.031699999999999839e-01,6.311600000000000543e-01,5.935599999999999765e-01,5.874399999999999622e-01,5.941499999999999559e-01,5.721800000000000219e-01,6.016000000000000236e-01,6.003699999999999593e-01,5.756400000000000405e-01,5.903399999999999759e-01,5.956399999999999473e-01,5.903800000000000159e-01,5.816200000000000259e-01,5.646200000000000108e-01,6.179099999999999593e-01,5.811500000000000554e-01,5.800699999999999745e-01,5.937400000000000455e-01,5.911800000000000388e-01,5.988200000000000189e-01,5.736400000000000388e-01,5.902199999999999669e-01,5.776999999999999913e-01,5.469000000000000528e-01,5.977099999999999635e-01,6.089400000000000368e-01,6.261799999999999589e-01,6.195199999999999596e-01,6.091800000000000548e-01,6.089200000000000168e-01,6.049799999999999622e-01,6.357899999999999663e-01,6.156500000000000306e-01,6.331499999999999906e-01,6.031400000000000095e-01,6.209000000000000075e-01,5.808799999999999519e-01,6.149400000000000421e-01,6.014000000000000457e-01,5.950400000000000134e-01,5.894300000000000095e-01,5.623799999999999910e-01,6.041499999999999648e-01,6.128500000000000059e-01,5.971699999999999786e-01,6.160099999999999465e-01,6.228000000000000203e-01,5.947400000000000464e-01,5.971999999999999531e-01,5.951800000000000423e-01,5.837299999999999711e-01,5.964399999999999702e-01,5.961499999999999577e-01,5.938200000000000145e-01,5.952499999999999458e-01,6.113499999999999490e-01,5.879199999999999982e-01,5.603200000000000403e-01,5.667400000000000215e-01,6.099900000000000322e-01,5.736299999999999732e-01,5.828799999999999537e-01,5.705200000000000271e-01,5.814099999999999824e-01,5.825799999999999867e-01,5.743099999999999872e-01,5.843800000000000106e-01,5.836099999999999621e-01,5.574700000000000211e-01,6.043399999999999883e-01
6.141400000000000192e-01,5.585499999999999909e-01,5.514000000000000012e-01,5.533500000000000085e-01,5.848600000000000465e-01,5.613000000000000211e-01,5.745400000000000507e-01,6.114800000000000235e-01,5.633599999999999719e-01,5.607499999999999707e-01,5.676400000000000334e-01,5.664099999999999691e-01,5.711800000000000210e-01,5.756400000000000405e-01,5.735000000000000098e-01,5.668999999999999595e-01,5.742800000000000127e-01,5.638300000000000534e-01,5.512399999999999523e-01,5.498100000000000209e-01,6.021999999999999575e-01,5.596799999999999553e-01,5.703899999999999526e-01,5.919600000000000417e-01,5.650600000000000067e-01,5.841899999999999871e-01,5.523500000000000076e-01,5.647999999999999687e-01,5.577400000000000135e-01,0.000000000000000000e+00,5.809299999999999464e-01,5.771699999999999608e-01,6.113899999999999890e-01,6.041400000000000103e-01,5.899799999999999489e-01,5.824799999999999978e-01,5.815900000000000514e-01,6.059200000000000141e-01,5.865899999999999448e-01,6.036599999999999744e-01,5.864800000000000013e-01,5.946900000000000519e-01,5.524299999999999766e-01,5.821899999999999853e-01,5.867900000000000338e-01,5.932600000000000096e-01,5.662399999999999656e-01,5.394499999999999851e-01,5.740199999999999747e-01,5.745799999999999796e-01,5.740300000000000402e-01,5.837200000000000166e-01,5.976000000000000201e-01,5.658900000000000041e-01,5.666999999999999815e-01,5.660800000000000276e-01,5.814000000000000279e-01,5.680500000000000549e-01,5.649199999999999777e-01,5.817299999999999693e-01,5.665499999999999980e-01,5.817700000000000093e-01,5.628199999999999870e-01,5.392299999999999871e-01,5.488800000000000345e-01,5.884300000000000086e-01,5.523200000000000331e-01,5.621500000000000385e-01,5.794599999999999751e-01,5.575599999999999445e-01,5.639300000000000423e-01,5.512399999999999523e-01,5.562099999999999822e-01,5.584700000000000220e-01,0.000000000000000000e+00,5.788499999999999757e-01
5.971999999999999531e-01,5.672700000000000520e-01,5.590000000000000524e-01,5.679800000000000404e-01,6.016000000000000236e-01,5.678299999999999459e-01,5.861899999999999888e-01,6.170900000000000274e-01,5.767700000000000049e-01,5.678499999999999659e-01,5.772000000000000464e-01,5.524799999999999711e-01,5.823000000000000398e-01,5.903399999999999759e-01,5.668999999999999595e-01,5.744500000000000162e-01,5.805700000000000305e-01,5.773399999999999643e-01,5.634599999999999609e-01,5.567600000000000326e-01,6.019200000000000106e-01,5.686999999999999833e-01,5.713799999999999990e-01,5.794300000000000006e-01,5.740399999999999947e-01,5.843199999999999505e-01,5.613099999999999756e-01,5.757799999999999585e-01,5.653599999999999737e-01,0.000000000000000000e+00,5.830400000000000027e-01,5.925599999999999756e-01,6.152100000000000346e-01,6.031600000000000295e-01,5.913599999999999968e-01,5.942499999999999449e-01,5.917400000000000437e-01,6.101100000000000412e-01,5.993100000000000094e-01,6.174699999999999633e-01,5.883599999999999941e-01,6.000199999999999978e-01,5.677400000000000224e-01,6.017400000000000526e-01,5.850899999999999990e-01,5.788699999999999957e-01,5.773800000000000043e-01,5.504799999999999693e-01,5.903300000000000214e-01,5.966200000000000392e-01,5.813300000000000134e-01,6.003399999999999848e-01,6.016700000000000381e-01,5.810400000000000009e-01,5.786200000000000232e-01,5.780600000000000183e-01,5.677600000000000424e-01,5.801800000000000290e-01,5.827900000000000302e-01,5.789400000000000102e-01,5.764500000000000179e-01,5.895299999999999985e-01,5.697299999999999587e-01,5.471200000000000507e-01,5.556299999999999573e-01,5.911499999999999533e-01,5.622000000000000330e-01,5.683099999999999818e-01,5.610399999999999832e-01,5.644099999999999673e-01,5.675599999999999534e-01,5.581800000000000095e-01,5.691000000000000503e-01,5.707999999999999741e-01,5.445600000000000440e-01,5.870800000000000463e-01
6.110200000000000076e-01,5.716999999999999860e-01,5.620600000000000041e-01,5.691899999999999737e-01,6.038599999999999524e-01,5.675000000000000044e-01,5.902800000000000269e-01,6.269400000000000528e-01,5.769699999999999829e-01,5.741100000000000092e-01,5.812599999999999989e-01,5.653799999999999937e-01,5.870699999999999807e-01,5.956399999999999473e-01,5.742800000000000127e-01,5.805700000000000305e-01,5.859299999999999509e-01,5.803800000000000070e-01,5.657799999999999496e-01,5.590699999999999559e-01,6.106500000000000261e-01,5.711300000000000265e-01,5.758199999999999985e-01,5.882899999999999796e-01,5.810800000000000409e-01,5.887700000000000156e-01,5.632399999999999629e-01,5.816700000000000204e-01,5.695400000000000462e-01,5.413299999999999779e-01,5.876400000000000512e-01,5.855799999999999894e-01,6.140999999999999792e-01,6.029600000000000515e-01,5.879799999999999471e-01,6.079200000000000159e-01,5.972699999999999676e-01,6.148799999999999821e-01,5.944700000000000539e-01,6.159299999999999775e-01,5.947700000000000209e-01,6.059999999999999831e-01,5.731899999999999773e-01,6.009499999999999842e-01,5.926700000000000301e-01,5.870800000000000463e-01,5.787299999999999667e-01,5.496600000000000374e-01,5.859999999999999654e-01,5.964599999999999902e-01,5.789199999999999902e-01,6.030799999999999494e-01,6.030699999999999950e-01,5.794300000000000006e-01,5.858799999999999564e-01,5.799999999999999600e-01,5.765099999999999669e-01,5.826000000000000068e-01,5.868100000000000538e-01,5.766799999999999704e-01,5.730199999999999738e-01,5.966700000000000337e-01,5.758299999999999530e-01,5.468699999999999672e-01,5.579800000000000315e-01,5.924500000000000322e-01,5.598699999999999788e-01,5.668800000000000505e-01,5.604099999999999637e-01,5.717600000000000460e-01,5.696999999999999842e-01,5.579800000000000315e-01,5.719100000000000295e-01,5.709499999999999575e-01,5.518999999999999462e-01,5.876299999999999857e-01
5.933100000000000041e-01,5.698900000000000077e-01,5.592899999999999539e-01,5.711800000000000210e-01,6.022499999999999520e-01,5.688499999999999668e-01,5.898299999999999654e-01,6.147899999999999476e-01,5.782500000000000417e-01,5.722800000000000109e-01,5.766099999999999559e-01,5.577800000000000535e-01,5.856200000000000294e-01,5.903800000000000159e-01,5.638300000000000534e-01,5.773399999999999643e-01,5.803800000000000070e-01,5.786299999999999777e-01,5.648999999999999577e-01,5.540599999999999969e-01,6.053800000000000292e-01,5.692099999999999937e-01,5.678499999999999659e-01,5.788200000000000012e-01,5.759800000000000475e-01,5.848499999999999810e-01,5.613399999999999501e-01,5.782599999999999962e-01,5.651199999999999557e-01,0.000000000000000000e+00,5.848799999999999555e-01,5.957500000000000018e-01,6.119299999999999740e-01,6.021199999999999886e-01,5.917999999999999927e-01,5.933699999999999530e-01,5.908299999999999663e-01,6.103399999999999936e-01,6.032600000000000184e-01,6.175100000000000033e-01,5.875099999999999767e-01,6.037200000000000344e-01,5.629999999999999449e-01,6.024500000000000410e-01,5.883099999999999996e-01,5.782800000000000162e-01,5.761600000000000055e-01,5.561000000000000387e-01,5.935200000000000475e-01,6.008200000000000207e-01,5.812300000000000244e-01,6.020100000000000451e-01,6.043300000000000338e-01,5.835200000000000387e-01,5.803300000000000125e-01,5.829199999999999937e-01,5.688100000000000378e-01,5.826099999999999612e-01,5.813199999999999479e-01,5.797200000000000131e-01,5.794399999999999551e-01,5.932500000000000551e-01,5.743399999999999617e-01,5.479100000000000081e-01,5.562000000000000277e-01,5.977400000000000491e-01,5.628199999999999870e-01,5.718900000000000095e-01,5.608999999999999542e-01,5.689899999999999958e-01,5.704200000000000381e-01,5.606400000000000272e-01,5.720899999999999874e-01,5.705200000000000271e-01,5.466900000000000093e-01,5.891800000000000370e-01
5.778799999999999493e-01,5.571599999999999886e-01,5.536100000000000465e-01,5.542200000000000459e-01,5.856599999999999584e-01,5.636299999999999644e-01,5.726700000000000124e-01,5.894800000000000040e-01,5.672800000000000065e-01,5.572899999999999521e-01,5.676299999999999679e-01,5.467400000000000038e-01,5.736599999999999477e-01,5.816200000000000259e-01,5.512399999999999523e-01,5.634599999999999609e-01,5.657799999999999496e-01,5.648999999999999577e-01,5.541899999999999604e-01,5.500300000000000189e-01,5.802399999999999780e-01,5.573599999999999666e-01,5.614700000000000246e-01,5.658300000000000551e-01,5.643599999999999728e-01,5.704399999999999471e-01,5.544299999999999784e-01,5.686200000000000143e-01,5.601599999999999913e-01,0.000000000000000000e+00,5.702700000000000546e-01,5.713300000000000045e-01,6.016200000000000436e-01,5.893500000000000405e-01,5.771199999999999664e-01,5.841499999999999471e-01,5.773899999999999588e-01,5.977900000000000436e-01,5.743599999999999817e-01,6.021600000000000286e-01,5.786400000000000432e-01,5.903100000000000014e-01,5.688400000000000123e-01,5.851300000000000390e-01,5.796599999999999531e-01,5.672099999999999920e-01,5.671500000000000430e-01,5.488300000000000400e-01,5.753000000000000336e-01,5.809199999999999919e-01,5.725000000000000089e-01,5.832699999999999552e-01,5.820400000000000018e-01,5.718600000000000350e-01,5.631000000000000449e-01,5.696099999999999497e-01,5.551399999999999668e-01,5.679899999999999949e-01,5.812599999999999989e-01,5.646900000000000253e-01,5.628199999999999870e-01,5.766900000000000359e-01,5.614799999999999791e-01,5.430399999999999672e-01,5.464700000000000113e-01,5.765799999999999814e-01,5.531199999999999450e-01,5.603200000000000403e-01,5.520300000000000207e-01,5.572500000000000231e-01,5.567800000000000527e-01,5.518699999999999717e-01,5.598999999999999533e-01,5.590600000000000014e-01,0.000000000000000000e+00,5.724200000000000399e-01
5.731300000000000283e-01,5.499500000000000499e-01,5.470300000000000162e-01,5.405200000000000005e-01,5.715900000000000425e-01,5.539600000000000080e-01,5.623700000000000365e-01,5.873899999999999677e-01,5.593200000000000394e-01,5.482000000000000206e-01,5.543299999999999894e-01,0.000000000000000000e+00,5.642000000000000348e-01,5.646200000000000108e-01,5.498100000000000209e-01,5.567600000000000326e-01,5.590699999999999559e-01,5.540599999999999969e-01,5.500300000000000189e-01,5.416699999999999848e-01,5.760999999999999455e-01,5.516999999999999682e-01,5.532899999999999485e-01,5.617100000000000426e-01,5.556100000000000483e-01,5.644099999999999673e-01,5.458199999999999719e-01,5.562399999999999567e-01,5.515600000000000502e-01,0.000000000000000000e+00,5.623599999999999710e-01,5.637199999999999989e-01,5.875899999999999457e-01,5.819100000000000383e-01,5.691000000000000503e-01,5.707100000000000506e-01,5.647600000000000398e-01,5.898099999999999454e-01,5.667299999999999560e-01,5.906700000000000284e-01,5.677699999999999969e-01,5.777700000000000058e-01,5.558199999999999807e-01,5.671899999999999720e-01,5.727200000000000069e-01,5.604999999999999982e-01,5.578800000000000425e-01,0.000000000000000000e+00,5.612899999999999556e-01,5.689199999999999813e-01,5.645799999999999708e-01,5.743399999999999617e-01,5.773399999999999643e-01,5.645599999999999508e-01,5.562200000000000477e-01,5.556699999999999973e-01,5.475900000000000212e-01,5.595099999999999518e-01,5.630800000000000249e-01,5.570000000000000506e-01,5.567999999999999616e-01,5.685599999999999543e-01,5.514299999999999757e-01,0.000000000000000000e+00,5.409899999999999709e-01,5.628199999999999870e-01,5.465799999999999548e-01,5.498800000000000354e-01,5.459000000000000519e-01,5.464499999999999913e-01,5.487100000000000311e-01,5.446699999999999875e-01,5.495600000000000485e-01,5.519100000000000117e-01,0.000000000000000000e+00,5.652500000000000302e-01
6.485300000000000509e-01,5.963399999999999812e-01,5.764899999999999469e-01,5.957799999999999763e-01,6.346500000000000474e-01,5.923699999999999521e-01,6.180999999999999828e-01,6.600500000000000256e-01,5.973199999999999621e-01,5.977400000000000491e-01,6.071699999999999875e-01,5.950900000000000079e-01,6.113699999999999690e-01,6.179099999999999593e-01,6.021999999999999575e-01,6.019200000000000106e-01,6.106500000000000261e-01,6.053800000000000292e-01,5.802399999999999780e-01,5.760999999999999455e-01,6.458599999999999897e-01,5.928799999999999626e-01,5.988700000000000134e-01,6.226500000000000368e-01,6.002300000000000413e-01,6.190700000000000092e-01,5.820999999999999508e-01,6.026799999999999935e-01,5.877900000000000347e-01,5.531500000000000306e-01,6.186000000000000387e-01,6.315600000000000103e-01,6.546199999999999797e-01,6.423299999999999566e-01,6.280799999999999716e-01,6.239000000000000101e-01,6.235899999999999777e-01,6.480000000000000204e-01,6.421700000000000186e-01,6.569099999999999939e-01,6.195599999999999996e-01,6.364300000000000512e-01,5.799900000000000055e-01,6.364100000000000312e-01,6.168400000000000549e-01,6.280099999999999572e-01,5.996099999999999763e-01,5.687900000000000178e-01,6.269299999999999873e-01,6.265600000000000058e-01,6.067700000000000315e-01,6.318700000000000427e-01,6.411200000000000232e-01,6.044100000000000028e-01,6.080699999999999994e-01,6.077799999999999869e-01,6.110499999999999821e-01,6.068299999999999805e-01,6.004599999999999937e-01,6.183699999999999752e-01,6.092699999999999783e-01,6.205100000000000060e-01,5.982800000000000340e-01,5.634900000000000464e-01,5.764200000000000434e-01,6.364100000000000312e-01,5.815000000000000169e-01,5.972899999999999876e-01,5.980400000000000160e-01,5.930299999999999461e-01,5.969700000000000006e-01,5.816400000000000459e-01,5.927400000000000446e-01,5.926599999999999646e-01,5.655000000000000027e-01,6.220400000000000373e-01
