5.784299999999999997e-01,5.644700000000000273e-01,5.584900000000000420e-01,5.769199999999999884e-01,5.781300000000000328e-01,5.426800000000000512e-01,5.755299999999999860e-01,6.027500000000000080e-01,5.688299999999999468e-01,5.610199999999999632e-01,5.812699999999999534e-01,5.884399999999999631e-01,5.728699999999999903e-01,5.700399999999999912e-01,5.773200000000000554e-01,5.544900000000000384e-01,5.623500000000000165e-01,5.639999999999999458e-01,5.734799999999999898e-01,0.000000000000000000e+00,6.024899999999999700e-01,5.426999999999999602e-01,5.717799999999999550e-01,5.835900000000000531e-01,5.540899999999999714e-01,5.665000000000000036e-01,5.399599999999999955e-01,5.463099999999999623e-01,0.000000000000000000e+00,0.000000000000000000e+00,5.572500000000000231e-01,5.818499999999999783e-01,5.925799999999999956e-01,5.931699999999999751e-01,5.895799999999999930e-01,5.761600000000000055e-01,5.895000000000000240e-01,5.846200000000000285e-01,5.792500000000000426e-01,5.925300000000000011e-01,5.898499999999999854e-01,6.042199999999999793e-01,5.476799999999999446e-01,6.052800000000000402e-01,5.916299999999999892e-01,5.821300000000000363e-01,5.604700000000000237e-01,5.761100000000000110e-01,5.783800000000000052e-01,5.832000000000000517e-01,5.616200000000000081e-01,5.821300000000000363e-01,5.889999999999999680e-01,5.694399999999999462e-01,5.691000000000000503e-01,5.744700000000000362e-01,5.831699999999999662e-01,5.811100000000000154e-01,5.721500000000000474e-01,5.669999999999999485e-01,5.474700000000000122e-01,5.795900000000000496e-01,5.734000000000000208e-01,5.828299999999999592e-01,5.480399999999999716e-01,5.953399999999999803e-01,5.491800000000000015e-01,5.617199999999999971e-01,5.883500000000000396e-01,5.532099999999999795e-01,5.610399999999999832e-01,5.478800000000000336e-01,5.557499999999999662e-01,5.527600000000000291e-01,0.000000000000000000e+00,5.753300000000000081e-01
5.644700000000000273e-01,5.750399999999999956e-01,5.614999999999999991e-01,5.925300000000000011e-01,5.895799999999999930e-01,5.592700000000000449e-01,5.900300000000000544e-01,6.242299999999999516e-01,5.824300000000000033e-01,5.692899999999999627e-01,5.949100000000000499e-01,5.845399999999999485e-01,5.869600000000000373e-01,5.925700000000000411e-01,5.643099999999999783e-01,5.713500000000000245e-01,5.704900000000000526e-01,5.832399999999999807e-01,5.758699999999999930e-01,5.543299999999999894e-01,5.912399999999999878e-01,5.580899999999999750e-01,5.744899999999999451e-01,5.636999999999999789e-01,5.732800000000000118e-01,5.711399999999999810e-01,5.576400000000000245e-01,5.598699999999999788e-01,5.531899999999999595e-01,5.421799999999999953e-01,5.668999999999999595e-01,5.868100000000000538e-01,6.114500000000000490e-01,6.026899999999999480e-01,5.994199999999999529e-01,5.940699999999999870e-01,6.142100000000000337e-01,5.876200000000000312e-01,5.922300000000000342e-01,6.166899999999999604e-01,5.917000000000000037e-01,6.161499999999999755e-01,5.642300000000000093e-01,6.256500000000000394e-01,5.855200000000000404e-01,5.545099999999999474e-01,5.792100000000000026e-01,5.897700000000000164e-01,6.024500000000000410e-01,6.030100000000000460e-01,5.758299999999999530e-01,5.957900000000000418e-01,5.923000000000000487e-01,5.838700000000000001e-01,5.775500000000000078e-01,5.865700000000000358e-01,5.784799999999999942e-01,5.978200000000000180e-01,5.986299999999999955e-01,5.538199999999999790e-01,5.663300000000000001e-01,5.866000000000000103e-01,5.870999999999999552e-01,5.970999999999999641e-01,5.609800000000000342e-01,5.835099999999999731e-01,5.663300000000000001e-01,5.679100000000000259e-01,5.721699999999999564e-01,5.687600000000000433e-01,5.727200000000000069e-01,5.637499999999999734e-01,5.745599999999999596e-01,5.655099999999999572e-01,5.459000000000000519e-01,5.819800000000000528e-01
5.584900000000000420e-01,5.614999999999999991e-01,5.476799999999999446e-01,5.714399999999999480e-01,5.721199999999999619e-01,5.436999999999999611e-01,5.702399999999999691e-01,5.986200000000000410e-01,5.655599999999999516e-01,5.486299999999999510e-01,5.727200000000000069e-01,5.672700000000000520e-01,5.661100000000000021e-01,5.714299999999999935e-01,5.565799999999999637e-01,5.530500000000000416e-01,5.545999999999999819e-01,5.701399999999999801e-01,5.626900000000000235e-01,0.000000000000000000e+00,5.774500000000000188e-01,5.422700000000000298e-01,5.625700000000000145e-01,5.581099999999999950e-01,5.563799999999999857e-01,5.575499999999999901e-01,5.413400000000000434e-01,5.473500000000000032e-01,0.000000000000000000e+00,0.000000000000000000e+00,5.508899999999999908e-01,5.718699999999999894e-01,5.931300000000000461e-01,5.853000000000000425e-01,5.831800000000000317e-01,5.714000000000000190e-01,5.915799999999999947e-01,5.756599999999999495e-01,5.702800000000000091e-01,5.875200000000000422e-01,5.775200000000000333e-01,5.940699999999999870e-01,5.499899999999999789e-01,6.000699999999999923e-01,5.705200000000000271e-01,5.481599999999999806e-01,5.628199999999999870e-01,5.736400000000000388e-01,5.854399999999999604e-01,5.836599999999999566e-01,5.564599999999999547e-01,5.786200000000000232e-01,5.702599999999999891e-01,5.666999999999999815e-01,5.631899999999999684e-01,5.709499999999999575e-01,5.621699999999999475e-01,5.777400000000000313e-01,5.762399999999999745e-01,5.439300000000000246e-01,5.526499999999999746e-01,5.711100000000000065e-01,5.738799999999999457e-01,5.766700000000000159e-01,5.440099999999999936e-01,5.670100000000000140e-01,5.509800000000000253e-01,5.523200000000000331e-01,5.599800000000000333e-01,5.536699999999999955e-01,5.572200000000000486e-01,5.463200000000000278e-01,5.579899999999999860e-01,5.515700000000000047e-01,0.000000000000000000e+00,5.665299999999999780e-01
5.769199999999999884e-01,5.925300000000000011e-01,5.714399999999999480e-01,5.913800000000000168e-01,5.975300000000000056e-01,5.653899999999999482e-01,6.019700000000000051e-01,6.305500000000000549e-01,5.929699999999999971e-01,5.805399999999999450e-01,6.018700000000000161e-01,6.016599999999999726e-01,5.989999999999999769e-01,6.027900000000000480e-01,5.745500000000000052e-01,5.824399999999999578e-01,5.822300000000000253e-01,5.971699999999999786e-01,5.858400000000000274e-01,5.625999999999999890e-01,6.059400000000000341e-01,5.672500000000000320e-01,5.831399999999999917e-01,5.755799999999999805e-01,5.832000000000000517e-01,5.805799999999999850e-01,5.640699999999999603e-01,5.725099999999999634e-01,5.614400000000000501e-01,5.573500000000000121e-01,5.782199999999999562e-01,6.122800000000000464e-01,6.201400000000000245e-01,6.143600000000000172e-01,6.142699999999999827e-01,6.068099999999999605e-01,6.211900000000000199e-01,6.010199999999999987e-01,6.012899999999999912e-01,6.198700000000000321e-01,6.059299999999999686e-01,6.229700000000000237e-01,5.780699999999999728e-01,6.367099999999999982e-01,5.968799999999999661e-01,5.643099999999999783e-01,5.850199999999999845e-01,5.982399999999999940e-01,6.165599999999999969e-01,6.161699999999999955e-01,5.834099999999999842e-01,6.089700000000000113e-01,6.077099999999999724e-01,5.959299999999999597e-01,5.961999999999999522e-01,6.010499999999999732e-01,5.878100000000000547e-01,6.084899999999999753e-01,6.115000000000000435e-01,5.593000000000000194e-01,5.727100000000000524e-01,6.031600000000000295e-01,5.946700000000000319e-01,6.090100000000000513e-01,5.693799999999999972e-01,5.991699999999999804e-01,5.739400000000000057e-01,5.770800000000000374e-01,5.808299999999999574e-01,5.765200000000000324e-01,5.784599999999999742e-01,5.690699999999999648e-01,5.819800000000000528e-01,5.752199999999999536e-01,5.585099999999999509e-01,5.889199999999999990e-01
5.781300000000000328e-01,5.895799999999999930e-01,5.721199999999999619e-01,5.975300000000000056e-01,6.062400000000000011e-01,5.615799999999999681e-01,6.068700000000000205e-01,6.307599999999999874e-01,5.921300000000000452e-01,5.854800000000000004e-01,6.080999999999999739e-01,6.023199999999999665e-01,5.982499999999999485e-01,6.058400000000000452e-01,5.664700000000000291e-01,5.799499999999999655e-01,5.860199999999999854e-01,5.912600000000000078e-01,5.860699999999999799e-01,5.594799999999999773e-01,6.073699999999999655e-01,5.658900000000000041e-01,5.827999999999999847e-01,5.699499999999999567e-01,5.838400000000000256e-01,5.804200000000000470e-01,5.646200000000000108e-01,5.713300000000000045e-01,5.590800000000000214e-01,5.591699999999999449e-01,5.778400000000000203e-01,6.060600000000000431e-01,6.174199999999999688e-01,6.123399999999999954e-01,6.126599999999999824e-01,6.082899999999999974e-01,6.251400000000000290e-01,5.891199999999999770e-01,6.020699999999999941e-01,6.220400000000000373e-01,6.002399999999999958e-01,6.202199999999999935e-01,5.803099999999999925e-01,6.473700000000000010e-01,5.964199999999999502e-01,5.696999999999999842e-01,5.870400000000000063e-01,5.960199999999999942e-01,6.180600000000000538e-01,6.236899999999999666e-01,5.840600000000000236e-01,6.122800000000000464e-01,6.114000000000000545e-01,5.940299999999999470e-01,5.980400000000000160e-01,6.034699999999999509e-01,5.943300000000000249e-01,6.096500000000000252e-01,6.128700000000000259e-01,5.617499999999999716e-01,5.755000000000000115e-01,6.040699999999999958e-01,5.953699999999999548e-01,6.071900000000000075e-01,5.674299999999999899e-01,6.039499999999999869e-01,5.726400000000000379e-01,5.775799999999999823e-01,5.807400000000000340e-01,5.759300000000000530e-01,5.784299999999999997e-01,5.697900000000000187e-01,5.842699999999999561e-01,5.726700000000000124e-01,5.558800000000000407e-01,5.879600000000000382e-01
5.426800000000000512e-01,5.592700000000000449e-01,5.436999999999999611e-01,5.654000000000000137e-01,5.615799999999999681e-01,5.406499999999999639e-01,5.645299999999999763e-01,5.899100000000000454e-01,5.598400000000000043e-01,5.474200000000000177e-01,5.664700000000000291e-01,5.599399999999999933e-01,5.601099999999999968e-01,5.676099999999999479e-01,5.496699999999999919e-01,5.530300000000000216e-01,5.496400000000000174e-01,5.675000000000000044e-01,5.558800000000000407e-01,0.000000000000000000e+00,5.646999999999999797e-01,5.415600000000000414e-01,5.535200000000000120e-01,5.457400000000000029e-01,5.544900000000000384e-01,5.513900000000000468e-01,5.391399999999999526e-01,5.422500000000000098e-01,0.000000000000000000e+00,0.000000000000000000e+00,5.492700000000000360e-01,5.674099999999999699e-01,5.847299999999999720e-01,5.770399999999999974e-01,5.767200000000000104e-01,5.639800000000000368e-01,5.815799999999999859e-01,5.667799999999999505e-01,5.637499999999999734e-01,5.870800000000000463e-01,5.694500000000000117e-01,5.837700000000000111e-01,5.401899999999999480e-01,5.856299999999999839e-01,5.625799999999999690e-01,0.000000000000000000e+00,5.588899999999999979e-01,5.700300000000000367e-01,5.765700000000000269e-01,5.761699999999999600e-01,5.574799999999999756e-01,5.707900000000000196e-01,5.653099999999999792e-01,5.647699999999999942e-01,5.547400000000000109e-01,5.652500000000000302e-01,5.539500000000000535e-01,5.704500000000000126e-01,5.683500000000000218e-01,5.393400000000000416e-01,5.493900000000000450e-01,5.674599999999999644e-01,5.661699999999999511e-01,5.715599999999999570e-01,5.454400000000000359e-01,5.558600000000000207e-01,5.500699999999999479e-01,5.502299999999999969e-01,5.529600000000000071e-01,5.494900000000000340e-01,5.534599999999999520e-01,5.461899999999999533e-01,5.541800000000000059e-01,5.491500000000000270e-01,0.000000000000000000e+00,5.620899999999999785e-01
5.755299999999999860e-01,5.900300000000000544e-01,5.702300000000000146e-01,6.019700000000000051e-01,6.068700000000000205e-01,5.645200000000000218e-01,6.048099999999999588e-01,6.355399999999999938e-01,5.950400000000000134e-01,5.868499999999999828e-01,6.098599999999999577e-01,6.052600000000000202e-01,5.983500000000000485e-01,6.059900000000000286e-01,5.714599999999999680e-01,5.822500000000000453e-01,5.872000000000000552e-01,5.942199999999999704e-01,5.862800000000000233e-01,5.632700000000000484e-01,6.073600000000000110e-01,5.677400000000000224e-01,5.862399999999999833e-01,5.734200000000000408e-01,5.862199999999999633e-01,5.823599999999999888e-01,5.671599999999999975e-01,5.720699999999999674e-01,5.606700000000000017e-01,5.582200000000000495e-01,5.780300000000000438e-01,6.069700000000000095e-01,6.222600000000000353e-01,6.144399999999999862e-01,6.115099999999999980e-01,6.070100000000000495e-01,6.260999999999999899e-01,5.970600000000000351e-01,6.079599999999999449e-01,6.225300000000000278e-01,6.053300000000000347e-01,6.283800000000000496e-01,5.795799999999999841e-01,6.508099999999999996e-01,6.008799999999999697e-01,5.666099999999999470e-01,5.872000000000000552e-01,6.009400000000000297e-01,6.213400000000000034e-01,6.212900000000000089e-01,5.849199999999999955e-01,6.128200000000000314e-01,6.108700000000000241e-01,5.943000000000000504e-01,5.988099999999999534e-01,6.025899999999999590e-01,5.973600000000000021e-01,6.112199999999999855e-01,6.117500000000000160e-01,5.605200000000000182e-01,5.769999999999999574e-01,6.043500000000000538e-01,5.973800000000000221e-01,6.094600000000000017e-01,5.679999999999999494e-01,6.026899999999999480e-01,5.744500000000000162e-01,5.780600000000000183e-01,5.810699999999999754e-01,5.767099999999999449e-01,5.805200000000000360e-01,5.719199999999999839e-01,5.846500000000000030e-01,5.755700000000000260e-01,5.533700000000000285e-01,5.916599999999999637e-01
6.027500000000000080e-01,6.242299999999999516e-01,5.986200000000000410e-01,6.305500000000000549e-01,6.307599999999999874e-01,5.899100000000000454e-01,6.355399999999999938e-01,6.897400000000000198e-01,6.191600000000000437e-01,6.098799999999999777e-01,6.402499999999999858e-01,6.343800000000000550e-01,6.272400000000000198e-01,6.333900000000000086e-01,6.099799999999999667e-01,6.072699999999999765e-01,6.142800000000000482e-01,6.211799999999999544e-01,6.183999999999999497e-01,5.874200000000000532e-01,6.435999999999999499e-01,5.917700000000000182e-01,6.206399999999999695e-01,6.112699999999999800e-01,6.149200000000000221e-01,6.122100000000000319e-01,5.890800000000000480e-01,5.967099999999999627e-01,5.831600000000000117e-01,5.705900000000000416e-01,5.986799999999999899e-01,6.378099999999999881e-01,6.578399999999999803e-01,6.444800000000000528e-01,6.465699999999999781e-01,6.368800000000000017e-01,6.665200000000000014e-01,6.334999999999999520e-01,6.402299999999999658e-01,6.626600000000000268e-01,6.369399999999999507e-01,6.603299999999999725e-01,5.955899999999999528e-01,6.764799999999999702e-01,6.364499999999999602e-01,5.835299999999999931e-01,6.120700000000000029e-01,6.360999999999999988e-01,6.546300000000000452e-01,6.538599999999999968e-01,6.160700000000000065e-01,6.444800000000000528e-01,6.368800000000000017e-01,6.251700000000000035e-01,6.231999999999999762e-01,6.316100000000000048e-01,6.222499999999999698e-01,6.455699999999999772e-01,6.441299999999999804e-01,5.808799999999999519e-01,6.064599999999999991e-01,6.377699999999999481e-01,6.379799999999999915e-01,6.449599999999999778e-01,5.982199999999999740e-01,6.199599999999999556e-01,6.045500000000000318e-01,6.016000000000000236e-01,6.208500000000000130e-01,6.018900000000000361e-01,6.038099999999999579e-01,5.987000000000000099e-01,6.086500000000000243e-01,6.048499999999999988e-01,5.762699999999999489e-01,6.201999999999999735e-01
5.688299999999999468e-01,5.824300000000000033e-01,5.655599999999999516e-01,5.929699999999999971e-01,5.921300000000000452e-01,5.598400000000000043e-01,5.950400000000000134e-01,6.191600000000000437e-01,5.827200000000000157e-01,5.743000000000000327e-01,5.942100000000000160e-01,5.870999999999999552e-01,5.873000000000000442e-01,5.970299999999999496e-01,5.662000000000000366e-01,5.772199999999999553e-01,5.749199999999999866e-01,5.901399999999999979e-01,5.768100000000000449e-01,5.602200000000000513e-01,5.934000000000000385e-01,5.625200000000000200e-01,5.770499999999999519e-01,5.665000000000000036e-01,5.794000000000000261e-01,5.735200000000000298e-01,5.606999999999999762e-01,5.659399999999999986e-01,5.569899999999999851e-01,5.519500000000000517e-01,5.717299999999999605e-01,5.975599999999999801e-01,6.074199999999999600e-01,6.031999999999999584e-01,6.023699999999999610e-01,5.944899999999999629e-01,6.140099999999999447e-01,5.881800000000000361e-01,5.909999999999999698e-01,6.114399999999999835e-01,5.932500000000000551e-01,6.073800000000000310e-01,5.697100000000000497e-01,6.222699999999999898e-01,5.887900000000000356e-01,5.590399999999999814e-01,5.802199999999999580e-01,5.956799999999999873e-01,6.068799999999999750e-01,6.074100000000000055e-01,5.786599999999999522e-01,6.000400000000000178e-01,5.962600000000000122e-01,5.877999999999999892e-01,5.848799999999999555e-01,5.927000000000000046e-01,5.783399999999999652e-01,5.987200000000000299e-01,5.987999999999999989e-01,5.562799999999999967e-01,5.720399999999999929e-01,5.969799999999999551e-01,5.889900000000000135e-01,5.982399999999999940e-01,5.653899999999999482e-01,5.835500000000000131e-01,5.711300000000000265e-01,5.752300000000000191e-01,5.743899999999999562e-01,5.722500000000000364e-01,5.733300000000000063e-01,5.667699999999999960e-01,5.795099999999999696e-01,5.695200000000000262e-01,5.501500000000000279e-01,5.842699999999999561e-01
5.610199999999999632e-01,5.692899999999999627e-01,5.486299999999999510e-01,5.805399999999999450e-01,5.854899999999999549e-01,5.474200000000000177e-01,5.868499999999999828e-01,6.098799999999999777e-01,5.743000000000000327e-01,5.666499999999999870e-01,5.869299999999999518e-01,5.805000000000000160e-01,5.775400000000000533e-01,5.896700000000000275e-01,5.519699999999999607e-01,5.662300000000000111e-01,5.668699999999999850e-01,5.726200000000000179e-01,5.662700000000000511e-01,5.492099999999999760e-01,5.853500000000000369e-01,5.503200000000000314e-01,5.650300000000000322e-01,5.528600000000000181e-01,5.673300000000000010e-01,5.628999999999999559e-01,5.481000000000000316e-01,5.556799999999999518e-01,5.460300000000000153e-01,5.477199999999999847e-01,5.617900000000000116e-01,5.759400000000000075e-01,5.955899999999999528e-01,5.919200000000000017e-01,5.872100000000000097e-01,5.899299999999999544e-01,6.041800000000000503e-01,5.777999999999999803e-01,5.758299999999999530e-01,6.031800000000000495e-01,5.857599999999999474e-01,5.987700000000000244e-01,5.703399999999999581e-01,6.239599999999999591e-01,5.767900000000000249e-01,5.517400000000000082e-01,5.646600000000000508e-01,5.811300000000000354e-01,5.944599999999999884e-01,5.991999999999999549e-01,5.676499999999999879e-01,5.906000000000000139e-01,5.888499999999999845e-01,5.725400000000000489e-01,5.773200000000000554e-01,5.816500000000000004e-01,5.718499999999999694e-01,5.905000000000000249e-01,5.943899999999999739e-01,5.440800000000000081e-01,5.593799999999999883e-01,5.859199999999999964e-01,5.792300000000000226e-01,5.907099999999999573e-01,5.550399999999999778e-01,5.802399999999999780e-01,5.575999999999999845e-01,5.635099999999999554e-01,5.575400000000000356e-01,5.607499999999999707e-01,5.618300000000000516e-01,5.547999999999999599e-01,5.685799999999999743e-01,5.577199999999999935e-01,5.435600000000000431e-01,5.715599999999999570e-01
5.812599999999999989e-01,5.948999999999999844e-01,5.727200000000000069e-01,6.018700000000000161e-01,6.080999999999999739e-01,5.664700000000000291e-01,6.098599999999999577e-01,6.402499999999999858e-01,5.942100000000000160e-01,5.869299999999999518e-01,6.089799999999999658e-01,6.071699999999999875e-01,6.011199999999999877e-01,6.091600000000000348e-01,5.741899999999999782e-01,5.855500000000000149e-01,5.893100000000000005e-01,5.985800000000000010e-01,5.900699999999999834e-01,5.639399999999999968e-01,6.128799999999999804e-01,5.682199999999999473e-01,5.888799999999999590e-01,5.773399999999999643e-01,5.885099999999999776e-01,5.848200000000000065e-01,5.663099999999999801e-01,5.739699999999999802e-01,5.618600000000000261e-01,5.551000000000000378e-01,5.801899999999999835e-01,6.118700000000000250e-01,6.262400000000000189e-01,6.199500000000000011e-01,6.179900000000000393e-01,6.122300000000000519e-01,6.308099999999999818e-01,5.984800000000000120e-01,6.048000000000000043e-01,6.315800000000000303e-01,6.091600000000000348e-01,6.281700000000000061e-01,5.809999999999999609e-01,6.499599999999999822e-01,6.048700000000000188e-01,5.694399999999999462e-01,5.915799999999999947e-01,6.016899999999999471e-01,6.221200000000000063e-01,6.240999999999999881e-01,5.884700000000000486e-01,6.148299999999999876e-01,6.100799999999999557e-01,5.963600000000000012e-01,5.974399999999999711e-01,6.043199999999999683e-01,5.970299999999999496e-01,6.121799999999999464e-01,6.156199999999999450e-01,5.620199999999999640e-01,5.798999999999999710e-01,6.078599999999999559e-01,6.013899999999999801e-01,6.108400000000000496e-01,5.719699999999999784e-01,6.011499999999999622e-01,5.784000000000000252e-01,5.794899999999999496e-01,5.833800000000000097e-01,5.786999999999999922e-01,5.822199999999999598e-01,5.731800000000000228e-01,5.867700000000000138e-01,5.790600000000000191e-01,5.588300000000000489e-01,5.948499999999999899e-01
5.884399999999999631e-01,5.845399999999999485e-01,5.672700000000000520e-01,6.016599999999999726e-01,6.023199999999999665e-01,5.599399999999999933e-01,6.052600000000000202e-01,6.343800000000000550e-01,5.870999999999999552e-01,5.805000000000000160e-01,6.071699999999999875e-01,6.089200000000000168e-01,5.995899999999999563e-01,6.051400000000000112e-01,5.754399999999999515e-01,5.739900000000000002e-01,5.856400000000000494e-01,5.900999999999999579e-01,5.851100000000000190e-01,5.557100000000000373e-01,6.148900000000000476e-01,5.622200000000000530e-01,5.837400000000000366e-01,5.825299999999999923e-01,5.783700000000000507e-01,5.840300000000000491e-01,5.597800000000000553e-01,5.694000000000000172e-01,5.527800000000000491e-01,5.468499999999999472e-01,5.784099999999999797e-01,6.008900000000000352e-01,6.352400000000000269e-01,6.240099999999999536e-01,6.160499999999999865e-01,6.111799999999999455e-01,6.302299999999999569e-01,6.027500000000000080e-01,6.013300000000000312e-01,6.370299999999999851e-01,6.157200000000000450e-01,6.329900000000000526e-01,5.741199999999999637e-01,6.510299999999999976e-01,5.989299999999999624e-01,5.814099999999999824e-01,5.820400000000000018e-01,5.981699999999999795e-01,6.181200000000000028e-01,6.177200000000000468e-01,5.837200000000000166e-01,6.098700000000000232e-01,6.033500000000000529e-01,5.912300000000000333e-01,5.867900000000000338e-01,5.995899999999999563e-01,6.031499999999999639e-01,6.110900000000000221e-01,6.118400000000000505e-01,5.661100000000000021e-01,5.686600000000000543e-01,6.001999999999999558e-01,6.002999999999999448e-01,6.065099999999999936e-01,5.654700000000000282e-01,6.069900000000000295e-01,5.689600000000000213e-01,5.766900000000000359e-01,5.895599999999999730e-01,5.722599999999999909e-01,5.828400000000000247e-01,5.658999999999999586e-01,5.826000000000000068e-01,5.715299999999999825e-01,5.543000000000000149e-01,5.961699999999999777e-01
5.728699999999999903e-01,5.869600000000000373e-01,5.661100000000000021e-01,5.989999999999999769e-01,5.982499999999999485e-01,5.601099999999999968e-01,5.983500000000000485e-01,6.272400000000000198e-01,5.873000000000000442e-01,5.775400000000000533e-01,6.011199999999999877e-01,5.995899999999999563e-01,5.921699999999999742e-01,5.981499999999999595e-01,5.701699999999999546e-01,5.780600000000000183e-01,5.794500000000000206e-01,5.922800000000000287e-01,5.823899999999999633e-01,5.601899999999999658e-01,6.018700000000000161e-01,5.637600000000000389e-01,5.801500000000000545e-01,5.719800000000000439e-01,5.811100000000000154e-01,5.776900000000000368e-01,5.610399999999999832e-01,5.665599999999999525e-01,5.567499999999999671e-01,5.495999999999999774e-01,5.733399999999999608e-01,6.021600000000000286e-01,6.169700000000000184e-01,6.104600000000000026e-01,6.086799999999999988e-01,5.996700000000000363e-01,6.192999999999999616e-01,5.927999999999999936e-01,5.998999999999999888e-01,6.173699999999999743e-01,6.008999999999999897e-01,6.221600000000000463e-01,5.712199999999999500e-01,6.381599999999999495e-01,5.957700000000000218e-01,5.637900000000000134e-01,5.828400000000000247e-01,5.958599999999999453e-01,6.145800000000000152e-01,6.126700000000000479e-01,5.805599999999999650e-01,6.041199999999999903e-01,6.012800000000000367e-01,5.896299999999999875e-01,5.882699999999999596e-01,5.948299999999999699e-01,5.902699999999999614e-01,6.048299999999999788e-01,6.046700000000000408e-01,5.586900000000000199e-01,5.697799999999999532e-01,5.970100000000000406e-01,5.942600000000000104e-01,6.024100000000000010e-01,5.636799999999999589e-01,5.943199999999999594e-01,5.701399999999999801e-01,5.737799999999999567e-01,5.774099999999999788e-01,5.724700000000000344e-01,5.772500000000000409e-01,5.663500000000000201e-01,5.789299999999999446e-01,5.714900000000000535e-01,5.491200000000000525e-01,5.881600000000000161e-01
5.700399999999999912e-01,5.925799999999999956e-01,5.714299999999999935e-01,6.027900000000000480e-01,6.058400000000000452e-01,5.676099999999999479e-01,6.059999999999999831e-01,6.333900000000000086e-01,5.970299999999999496e-01,5.896700000000000275e-01,6.091600000000000348e-01,6.051400000000000112e-01,5.981499999999999595e-01,6.025700000000000500e-01,5.737299999999999622e-01,5.823399999999999688e-01,5.901999999999999469e-01,5.934500000000000330e-01,5.895399999999999530e-01,5.616499999999999826e-01,6.086799999999999988e-01,5.659499999999999531e-01,5.826200000000000268e-01,5.722099999999999964e-01,5.856099999999999639e-01,5.799299999999999455e-01,5.652500000000000302e-01,5.704599999999999671e-01,5.614200000000000301e-01,5.571399999999999686e-01,5.763300000000000090e-01,6.082800000000000429e-01,6.181799999999999518e-01,6.140799999999999592e-01,6.149999999999999911e-01,6.107200000000000406e-01,6.299900000000000500e-01,6.031600000000000295e-01,6.017400000000000526e-01,6.218500000000000139e-01,6.054300000000000237e-01,6.236899999999999666e-01,5.795500000000000096e-01,6.404600000000000293e-01,6.002800000000000358e-01,5.643099999999999783e-01,5.853399999999999714e-01,5.997000000000000108e-01,6.083300000000000374e-01,6.170499999999999874e-01,5.870999999999999552e-01,6.114399999999999835e-01,6.116099999999999870e-01,5.967599999999999572e-01,5.993399999999999839e-01,6.030499999999999750e-01,5.951600000000000223e-01,6.102800000000000447e-01,6.095399999999999707e-01,5.619100000000000206e-01,5.767700000000000049e-01,6.070900000000000185e-01,5.975399999999999601e-01,6.117500000000000160e-01,5.710100000000000176e-01,6.014500000000000401e-01,5.742500000000000382e-01,5.794000000000000261e-01,5.798600000000000421e-01,5.770800000000000374e-01,5.789100000000000357e-01,5.728799999999999448e-01,5.841499999999999471e-01,5.748999999999999666e-01,5.557499999999999662e-01,5.887900000000000356e-01
5.773200000000000554e-01,5.643099999999999783e-01,5.565799999999999637e-01,5.745500000000000052e-01,5.664700000000000291e-01,5.496699999999999919e-01,5.714599999999999680e-01,6.099799999999999667e-01,5.662000000000000366e-01,5.519699999999999607e-01,5.741899999999999782e-01,5.754399999999999515e-01,5.701699999999999546e-01,5.737299999999999622e-01,5.739100000000000312e-01,5.574700000000000211e-01,5.546499999999999764e-01,5.694000000000000172e-01,5.689699999999999758e-01,5.408199999999999674e-01,5.916099999999999692e-01,5.433799999999999741e-01,5.692899999999999627e-01,5.767900000000000249e-01,5.559699999999999642e-01,5.628199999999999870e-01,5.401500000000000190e-01,5.507499999999999618e-01,0.000000000000000000e+00,0.000000000000000000e+00,5.561300000000000132e-01,5.787499999999999867e-01,5.986299999999999955e-01,5.930699999999999861e-01,5.915500000000000203e-01,5.709400000000000031e-01,5.903599999999999959e-01,5.807400000000000340e-01,5.767200000000000104e-01,5.948499999999999899e-01,5.891399999999999970e-01,5.967900000000000427e-01,5.434200000000000141e-01,5.837499999999999911e-01,5.857499999999999929e-01,5.696299999999999697e-01,5.652899999999999592e-01,5.840199999999999836e-01,5.803000000000000380e-01,5.824099999999999833e-01,5.664900000000000491e-01,5.807200000000000140e-01,5.774599999999999733e-01,5.751899999999999791e-01,5.590500000000000469e-01,5.728299999999999503e-01,5.698900000000000077e-01,5.808299999999999574e-01,5.745000000000000107e-01,5.629100000000000215e-01,5.518399999999999972e-01,5.816299999999999804e-01,5.784200000000000452e-01,5.824399999999999578e-01,5.562500000000000222e-01,5.782300000000000217e-01,5.553399999999999448e-01,5.627699999999999925e-01,5.842000000000000526e-01,5.552599999999999758e-01,5.625299999999999745e-01,5.517999999999999572e-01,5.578699999999999770e-01,5.564000000000000057e-01,0.000000000000000000e+00,5.760499999999999510e-01
5.544900000000000384e-01,5.713500000000000245e-01,5.530500000000000416e-01,5.824399999999999578e-01,5.799499999999999655e-01,5.530300000000000216e-01,5.822500000000000453e-01,6.072699999999999765e-01,5.772199999999999553e-01,5.662300000000000111e-01,5.855500000000000149e-01,5.739900000000000002e-01,5.780600000000000183e-01,5.823399999999999688e-01,5.574700000000000211e-01,5.580800000000000205e-01,5.655599999999999516e-01,5.745799999999999796e-01,5.649499999999999522e-01,5.527199999999999891e-01,5.840400000000000036e-01,5.541099999999999914e-01,5.669199999999999795e-01,5.535499999999999865e-01,5.683200000000000474e-01,5.640899999999999803e-01,5.550199999999999578e-01,5.546699999999999964e-01,5.492099999999999760e-01,5.407600000000000184e-01,5.620199999999999640e-01,5.873699999999999477e-01,6.009400000000000297e-01,5.925700000000000411e-01,5.940199999999999925e-01,5.811699999999999644e-01,6.028700000000000170e-01,5.800699999999999745e-01,5.847400000000000375e-01,5.968999999999999861e-01,5.815599999999999659e-01,6.024699999999999500e-01,5.596299999999999608e-01,6.127299999999999969e-01,5.812899999999999734e-01,5.430800000000000072e-01,5.716700000000000115e-01,5.833099999999999952e-01,5.948700000000000099e-01,5.952199999999999713e-01,5.674000000000000155e-01,5.879699999999999926e-01,5.942800000000000304e-01,5.774599999999999733e-01,5.764899999999999469e-01,5.818200000000000038e-01,5.684200000000000363e-01,5.886799999999999811e-01,5.888400000000000301e-01,5.465499999999999803e-01,5.660800000000000276e-01,5.874500000000000277e-01,5.766799999999999704e-01,5.914399999999999658e-01,5.570899999999999741e-01,5.768600000000000394e-01,5.612000000000000322e-01,5.627199999999999980e-01,5.637600000000000389e-01,5.611000000000000432e-01,5.634099999999999664e-01,5.588300000000000489e-01,5.676799999999999624e-01,5.595999999999999863e-01,5.402599999999999625e-01,5.748900000000000121e-01
5.623500000000000165e-01,5.704900000000000526e-01,5.545999999999999819e-01,5.822300000000000253e-01,5.860199999999999854e-01,5.496400000000000174e-01,5.872000000000000552e-01,6.142800000000000482e-01,5.749199999999999866e-01,5.668699999999999850e-01,5.893100000000000005e-01,5.856400000000000494e-01,5.794500000000000206e-01,5.901999999999999469e-01,5.546499999999999764e-01,5.655599999999999516e-01,5.683200000000000474e-01,5.733700000000000463e-01,5.702300000000000146e-01,5.488199999999999745e-01,5.934899999999999620e-01,5.507199999999999873e-01,5.686900000000000288e-01,5.577100000000000390e-01,5.668199999999999905e-01,5.645400000000000418e-01,5.483099999999999641e-01,5.567199999999999926e-01,5.442099999999999715e-01,5.469199999999999617e-01,5.596499999999999808e-01,5.764500000000000179e-01,6.025300000000000100e-01,5.959999999999999742e-01,5.933000000000000496e-01,5.938900000000000290e-01,6.027700000000000280e-01,5.816099999999999604e-01,5.771899999999999809e-01,6.028599999999999515e-01,5.883699999999999486e-01,6.039299999999999669e-01,5.705599999999999561e-01,6.216899999999999649e-01,5.759400000000000075e-01,5.522799999999999931e-01,5.692899999999999627e-01,5.840600000000000236e-01,5.936200000000000365e-01,5.988099999999999534e-01,5.699600000000000222e-01,5.924199999999999466e-01,5.905200000000000449e-01,5.754399999999999515e-01,5.778600000000000403e-01,5.823700000000000543e-01,5.751600000000000046e-01,5.921999999999999487e-01,5.967099999999999627e-01,5.481899999999999551e-01,5.597800000000000553e-01,5.887099999999999556e-01,5.808699999999999974e-01,5.919699999999999962e-01,5.548699999999999743e-01,5.842899999999999761e-01,5.572599999999999776e-01,5.612899999999999556e-01,5.598899999999999988e-01,5.610300000000000287e-01,5.624200000000000310e-01,5.543799999999999839e-01,5.690100000000000158e-01,5.611000000000000432e-01,5.438199999999999701e-01,5.729100000000000303e-01
5.639999999999999458e-01,5.832399999999999807e-01,5.701500000000000457e-01,5.971699999999999786e-01,5.912699999999999623e-01,5.675000000000000044e-01,5.942199999999999704e-01,6.211799999999999544e-01,5.901399999999999979e-01,5.726200000000000179e-01,5.985800000000000010e-01,5.900999999999999579e-01,5.922800000000000287e-01,5.934500000000000330e-01,5.694000000000000172e-01,5.745799999999999796e-01,5.733700000000000463e-01,5.907599999999999518e-01,5.806499999999999995e-01,5.608800000000000452e-01,5.922699999999999632e-01,5.659999999999999476e-01,5.788999999999999702e-01,5.703899999999999526e-01,5.791399999999999881e-01,5.763500000000000290e-01,5.663799999999999946e-01,5.671899999999999720e-01,5.609699999999999687e-01,5.461899999999999533e-01,5.728999999999999648e-01,6.000299999999999523e-01,6.223499999999999588e-01,6.091900000000000093e-01,6.085800000000000098e-01,5.911399999999999988e-01,6.128099999999999659e-01,5.942300000000000360e-01,6.000799999999999468e-01,6.158200000000000340e-01,5.993699999999999584e-01,6.215800000000000214e-01,5.666200000000000125e-01,6.264499999999999513e-01,5.923399999999999777e-01,5.568400000000000016e-01,5.858799999999999564e-01,5.983800000000000230e-01,6.105599999999999916e-01,6.066700000000000426e-01,5.810499999999999554e-01,6.023300000000000320e-01,6.012800000000000367e-01,5.920499999999999652e-01,5.852500000000000480e-01,5.939100000000000490e-01,5.836999999999999966e-01,6.028599999999999515e-01,6.016000000000000236e-01,5.617999999999999661e-01,5.741899999999999782e-01,5.952600000000000113e-01,5.912600000000000078e-01,6.020499999999999741e-01,5.658900000000000041e-01,5.865399999999999503e-01,5.733000000000000318e-01,5.732800000000000118e-01,5.778400000000000203e-01,5.749499999999999611e-01,5.801199999999999690e-01,5.702300000000000146e-01,5.798900000000000166e-01,5.713000000000000300e-01,5.486600000000000366e-01,5.905399999999999539e-01
5.734799999999999898e-01,5.758699999999999930e-01,5.626900000000000235e-01,5.858400000000000274e-01,5.860699999999999799e-01,5.558800000000000407e-01,5.862800000000000233e-01,6.183999999999999497e-01,5.768100000000000449e-01,5.662700000000000511e-01,5.900699999999999834e-01,5.851100000000000190e-01,5.823899999999999633e-01,5.895399999999999530e-01,5.689699999999999758e-01,5.649499999999999522e-01,5.702300000000000146e-01,5.806499999999999995e-01,5.732899999999999663e-01,5.488499999999999490e-01,5.942699999999999649e-01,5.530100000000000016e-01,5.744500000000000162e-01,5.694700000000000317e-01,5.689600000000000213e-01,5.704500000000000126e-01,5.514299999999999757e-01,5.603299999999999947e-01,5.471099999999999852e-01,5.427499999999999547e-01,5.657799999999999496e-01,5.854000000000000314e-01,6.081299999999999484e-01,6.030200000000000005e-01,5.978299999999999725e-01,5.921199999999999797e-01,6.069999999999999840e-01,5.863199999999999523e-01,5.816599999999999548e-01,6.099900000000000322e-01,5.943000000000000504e-01,6.080699999999999994e-01,5.658100000000000351e-01,6.176599999999999868e-01,5.880999999999999561e-01,5.614400000000000501e-01,5.737900000000000222e-01,5.864599999999999813e-01,5.997999999999999998e-01,5.989400000000000279e-01,5.722699999999999454e-01,5.935300000000000020e-01,5.869499999999999718e-01,5.807099999999999485e-01,5.760100000000000220e-01,5.850600000000000245e-01,5.775299999999999878e-01,5.927700000000000191e-01,5.932300000000000351e-01,5.535400000000000320e-01,5.636799999999999589e-01,5.890199999999999880e-01,5.875000000000000222e-01,5.924899999999999611e-01,5.582700000000000440e-01,5.830899999999999972e-01,5.625700000000000145e-01,5.661300000000000221e-01,5.718999999999999639e-01,5.639100000000000223e-01,5.686200000000000143e-01,5.584000000000000075e-01,5.708999999999999631e-01,5.644400000000000528e-01,5.443299999999999805e-01,5.808499999999999774e-01
0.000000000000000000e+00,5.543299999999999894e-01,0.000000000000000000e+00,5.625999999999999890e-01,5.594799999999999773e-01,0.000000000000000000e+00,5.632599999999999829e-01,5.874200000000000532e-01,5.602200000000000513e-01,5.492099999999999760e-01,5.639399999999999968e-01,5.557100000000000373e-01,5.601899999999999658e-01,5.616499999999999826e-01,5.408199999999999674e-01,5.527199999999999891e-01,5.488199999999999745e-01,5.608800000000000452e-01,5.488499999999999490e-01,0.000000000000000000e+00,5.612399999999999611e-01,5.392400000000000526e-01,5.514200000000000212e-01,0.000000000000000000e+00,5.517600000000000282e-01,5.461899999999999533e-01,0.000000000000000000e+00,5.409100000000000019e-01,0.000000000000000000e+00,0.000000000000000000e+00,5.447100000000000275e-01,5.617100000000000426e-01,5.742899999999999672e-01,5.690899999999999848e-01,5.682099999999999929e-01,5.601399999999999713e-01,5.781699999999999617e-01,5.593399999999999483e-01,5.597499999999999698e-01,5.740300000000000402e-01,5.615099999999999536e-01,5.762899999999999689e-01,5.455699999999999994e-01,5.871699999999999697e-01,5.610800000000000232e-01,0.000000000000000000e+00,5.514599999999999502e-01,5.648199999999999887e-01,5.749900000000000011e-01,5.723000000000000309e-01,5.523299999999999876e-01,5.668999999999999595e-01,5.689899999999999958e-01,5.587999999999999634e-01,5.583900000000000530e-01,5.608199999999999852e-01,5.477400000000000047e-01,5.678699999999999859e-01,5.667999999999999705e-01,0.000000000000000000e+00,5.473700000000000232e-01,5.682899999999999618e-01,5.602000000000000313e-01,5.685799999999999743e-01,5.426600000000000312e-01,5.554299999999999793e-01,5.455299999999999594e-01,5.463599999999999568e-01,5.457300000000000484e-01,5.458699999999999664e-01,5.456499999999999684e-01,5.440099999999999936e-01,5.520800000000000152e-01,5.466299999999999493e-01,0.000000000000000000e+00,5.548100000000000254e-01
6.024899999999999700e-01,5.912500000000000533e-01,5.774500000000000188e-01,6.059400000000000341e-01,6.073699999999999655e-01,5.646999999999999797e-01,6.073600000000000110e-01,6.435999999999999499e-01,5.934000000000000385e-01,5.853500000000000369e-01,6.128799999999999804e-01,6.148900000000000476e-01,6.018700000000000161e-01,6.086799999999999988e-01,5.916099999999999692e-01,5.840400000000000036e-01,5.934899999999999620e-01,5.922699999999999632e-01,5.942699999999999649e-01,5.612399999999999611e-01,6.329599999999999671e-01,5.646799999999999597e-01,5.968599999999999461e-01,5.973100000000000076e-01,5.820400000000000018e-01,5.892199999999999660e-01,5.625400000000000400e-01,5.733300000000000063e-01,5.558499999999999552e-01,5.574599999999999556e-01,5.778699999999999948e-01,6.118999999999999995e-01,6.319599999999999662e-01,6.244100000000000206e-01,6.200700000000000101e-01,6.146599999999999842e-01,6.293100000000000360e-01,6.077399999999999469e-01,6.121600000000000374e-01,6.267500000000000293e-01,6.161999999999999700e-01,6.367099999999999982e-01,5.786099999999999577e-01,6.468699999999999450e-01,6.125899999999999679e-01,5.926000000000000156e-01,5.891600000000000170e-01,6.055099999999999927e-01,6.138900000000000468e-01,6.215399999999999814e-01,5.867700000000000138e-01,6.159599999999999520e-01,6.186500000000000332e-01,5.975599999999999801e-01,5.958700000000000108e-01,6.024000000000000465e-01,6.054500000000000437e-01,6.147099999999999786e-01,6.143100000000000227e-01,5.780899999999999928e-01,5.761899999999999800e-01,6.105399999999999716e-01,6.047400000000000553e-01,6.139499999999999957e-01,5.710499999999999465e-01,6.200299999999999701e-01,5.736999999999999877e-01,5.823399999999999688e-01,6.019900000000000251e-01,5.768600000000000394e-01,5.840300000000000491e-01,5.698600000000000332e-01,5.828799999999999537e-01,5.773099999999999898e-01,5.572099999999999831e-01,5.990299999999999514e-01
