6.097000000000000197e-01,5.683799999999999963e-01,5.686299999999999688e-01,5.877400000000000402e-01,6.148500000000000076e-01,5.741199999999999637e-01,6.045700000000000518e-01,6.068599999999999550e-01,5.841499999999999471e-01,5.706900000000000306e-01,5.938299999999999690e-01,5.960999999999999632e-01,5.914599999999999858e-01,5.738699999999999912e-01,5.965899999999999537e-01,5.613599999999999701e-01,5.558800000000000407e-01,5.756900000000000350e-01,5.732599999999999918e-01,5.631800000000000139e-01,6.088799999999999768e-01,5.628400000000000070e-01,5.734399999999999498e-01,5.948299999999999699e-01,5.620699999999999585e-01,5.878200000000000092e-01,5.626400000000000290e-01,5.712800000000000100e-01,5.673300000000000010e-01,5.662599999999999856e-01,5.718400000000000150e-01,6.044699999999999518e-01,5.987500000000000044e-01,6.083499999999999464e-01,6.113499999999999490e-01,5.961199999999999832e-01,6.049200000000000133e-01,6.008400000000000407e-01,6.088200000000000278e-01,6.018000000000000016e-01,6.031400000000000095e-01,6.043100000000000138e-01,5.933100000000000041e-01,5.920699999999999852e-01,5.957999999999999963e-01,6.064300000000000246e-01,5.601099999999999968e-01,5.811600000000000099e-01,6.073399999999999910e-01,5.919600000000000417e-01,5.650500000000000522e-01,5.981199999999999850e-01,5.930199999999999916e-01,5.743099999999999872e-01,5.834000000000000297e-01,6.010900000000000132e-01,5.887200000000000211e-01,5.778999999999999693e-01,5.868900000000000228e-01,5.711199999999999610e-01,5.464499999999999913e-01,5.624700000000000255e-01,5.636299999999999644e-01,5.782599999999999962e-01,5.525099999999999456e-01,6.041400000000000103e-01,5.569100000000000161e-01,5.715999999999999970e-01,6.008999999999999897e-01,5.570100000000000051e-01,5.672199999999999465e-01,5.623399999999999510e-01,5.636499999999999844e-01,5.504700000000000149e-01,5.421200000000000463e-01,5.773700000000000498e-01
5.683799999999999963e-01,5.584299999999999820e-01,5.544000000000000039e-01,5.929600000000000426e-01,5.890800000000000480e-01,5.717900000000000205e-01,5.894300000000000095e-01,5.897499999999999964e-01,5.804300000000000015e-01,5.630899999999999794e-01,5.799299999999999455e-01,5.616299999999999626e-01,5.860199999999999854e-01,5.797400000000000331e-01,5.670699999999999630e-01,5.573799999999999866e-01,5.560800000000000187e-01,5.726799999999999669e-01,5.689400000000000013e-01,5.619899999999999896e-01,5.871600000000000152e-01,5.597199999999999953e-01,5.605400000000000382e-01,5.631500000000000394e-01,5.594099999999999628e-01,5.727400000000000269e-01,5.604200000000000292e-01,5.681899999999999729e-01,5.661100000000000021e-01,5.501800000000000024e-01,5.622200000000000530e-01,5.960299999999999487e-01,5.972199999999999731e-01,5.952600000000000113e-01,6.014699999999999491e-01,5.954000000000000403e-01,5.975700000000000456e-01,5.745400000000000507e-01,5.991699999999999804e-01,6.046700000000000408e-01,5.915799999999999947e-01,6.020600000000000396e-01,5.895799999999999930e-01,5.842800000000000216e-01,5.865599999999999703e-01,5.717999999999999750e-01,5.583799999999999875e-01,5.711100000000000065e-01,5.984500000000000375e-01,5.754099999999999770e-01,5.618199999999999861e-01,5.836799999999999766e-01,5.813000000000000389e-01,5.747999999999999776e-01,5.734799999999999898e-01,5.846700000000000230e-01,5.445400000000000240e-01,5.704200000000000381e-01,5.823300000000000143e-01,5.468100000000000183e-01,5.487800000000000455e-01,5.646900000000000253e-01,5.657400000000000206e-01,5.644299999999999873e-01,5.463299999999999823e-01,5.810499999999999554e-01,5.567199999999999926e-01,5.565099999999999492e-01,5.609600000000000142e-01,5.594099999999999628e-01,5.595499999999999918e-01,5.580699999999999550e-01,5.629499999999999504e-01,5.500800000000000134e-01,5.412099999999999689e-01,5.738600000000000367e-01
5.686299999999999688e-01,5.544000000000000039e-01,5.497800000000000464e-01,5.877999999999999892e-01,5.869400000000000173e-01,5.650100000000000122e-01,5.834899999999999531e-01,5.830800000000000427e-01,5.731699999999999573e-01,5.485200000000000076e-01,5.706799999999999651e-01,5.606700000000000017e-01,5.782699999999999507e-01,5.687600000000000433e-01,5.649699999999999722e-01,5.478699999999999681e-01,5.431899999999999507e-01,5.654900000000000482e-01,5.647600000000000398e-01,5.572799999999999976e-01,5.796099999999999586e-01,5.553700000000000303e-01,5.567299999999999471e-01,5.660399999999999876e-01,5.495400000000000285e-01,5.694700000000000317e-01,5.536400000000000210e-01,5.610199999999999632e-01,5.599199999999999733e-01,5.479199999999999626e-01,5.550199999999999578e-01,5.861100000000000199e-01,6.002800000000000358e-01,5.941499999999999559e-01,5.981300000000000505e-01,5.866900000000000448e-01,5.902199999999999669e-01,5.766400000000000414e-01,5.894099999999999895e-01,6.038400000000000434e-01,5.949900000000000189e-01,5.988200000000000189e-01,5.789299999999999446e-01,5.734500000000000153e-01,5.863300000000000178e-01,5.735799999999999788e-01,5.497800000000000464e-01,5.685000000000000053e-01,5.916299999999999892e-01,5.692599999999999882e-01,5.564599999999999547e-01,5.795900000000000496e-01,5.665999999999999925e-01,5.666099999999999470e-01,5.619499999999999496e-01,5.765700000000000269e-01,5.452399999999999469e-01,5.649399999999999977e-01,5.753399999999999626e-01,5.428500000000000547e-01,0.000000000000000000e+00,5.533400000000000540e-01,5.565400000000000347e-01,5.539399999999999880e-01,5.413999999999999924e-01,5.704500000000000126e-01,5.512899999999999467e-01,5.516499999999999737e-01,5.643299999999999983e-01,5.503200000000000314e-01,5.550599999999999978e-01,5.534000000000000030e-01,5.552000000000000268e-01,5.442700000000000315e-01,0.000000000000000000e+00,5.694799999999999862e-01
5.877400000000000402e-01,5.929600000000000426e-01,5.877999999999999892e-01,6.261700000000000044e-01,6.356600000000000028e-01,6.063800000000000301e-01,6.365800000000000347e-01,6.357899999999999663e-01,6.197300000000000031e-01,6.050799999999999512e-01,6.231799999999999562e-01,5.957400000000000473e-01,6.313800000000000523e-01,6.117399999999999505e-01,6.008900000000000352e-01,5.820400000000000018e-01,5.857299999999999729e-01,6.065000000000000391e-01,6.018000000000000016e-01,5.909200000000000008e-01,6.244800000000000351e-01,5.866700000000000248e-01,5.878499999999999837e-01,5.995800000000000018e-01,5.957099999999999618e-01,6.095899999999999652e-01,5.949999999999999734e-01,6.002100000000000213e-01,5.946500000000000119e-01,5.693399999999999572e-01,5.973899999999999766e-01,6.567899999999999849e-01,6.381900000000000350e-01,6.417599999999999971e-01,6.636199999999999877e-01,6.207000000000000295e-01,6.500099999999999767e-01,6.162400000000000100e-01,6.593499999999999917e-01,6.465999999999999526e-01,6.292900000000000160e-01,6.587800000000000322e-01,6.133899999999999908e-01,6.215100000000000069e-01,6.155500000000000416e-01,5.988999999999999879e-01,5.885399999999999521e-01,6.096200000000000507e-01,6.414699999999999847e-01,6.181900000000000173e-01,5.914399999999999658e-01,6.229400000000000492e-01,6.278899999999999482e-01,6.174500000000000544e-01,6.084300000000000264e-01,6.370500000000000052e-01,5.799699999999999855e-01,6.091699999999999893e-01,6.209099999999999620e-01,5.842500000000000471e-01,5.798600000000000421e-01,5.889799999999999480e-01,6.006599999999999717e-01,5.984699999999999465e-01,5.677900000000000169e-01,6.203400000000000025e-01,5.897099999999999564e-01,5.869900000000000118e-01,5.926099999999999701e-01,5.905500000000000194e-01,5.951100000000000279e-01,5.892899999999999805e-01,5.924099999999999921e-01,5.770199999999999774e-01,5.616100000000000536e-01,6.110299999999999621e-01
6.148500000000000076e-01,5.890800000000000480e-01,5.869400000000000173e-01,6.356600000000000028e-01,6.458899999999999642e-01,5.953899999999999748e-01,6.323800000000000532e-01,6.373299999999999521e-01,6.084899999999999753e-01,5.989499999999999824e-01,6.265300000000000313e-01,6.045899999999999608e-01,6.235199999999999632e-01,6.244499999999999496e-01,6.055000000000000382e-01,5.823899999999999633e-01,5.764000000000000234e-01,5.992100000000000204e-01,6.035000000000000364e-01,5.881199999999999761e-01,6.318099999999999827e-01,5.828999999999999737e-01,5.889199999999999990e-01,6.014699999999999491e-01,5.896099999999999675e-01,6.067399999999999460e-01,5.848400000000000265e-01,6.003399999999999848e-01,5.913000000000000478e-01,5.838799999999999546e-01,5.946900000000000519e-01,6.494600000000000373e-01,6.404300000000000548e-01,6.471200000000000285e-01,6.500399999999999512e-01,6.391000000000000014e-01,6.446600000000000108e-01,6.099799999999999667e-01,6.497699999999999587e-01,6.562200000000000255e-01,6.397300000000000209e-01,6.458899999999999642e-01,6.317099999999999937e-01,6.261799999999999589e-01,6.095099999999999962e-01,6.181699999999999973e-01,5.770699999999999719e-01,5.990199999999999969e-01,6.454999999999999627e-01,6.269799999999999818e-01,5.816400000000000459e-01,6.298200000000000465e-01,6.144300000000000317e-01,6.042800000000000393e-01,6.143699999999999717e-01,6.320999999999999952e-01,5.881399999999999961e-01,6.065000000000000391e-01,6.287500000000000311e-01,5.802000000000000490e-01,5.701500000000000457e-01,5.907400000000000428e-01,5.901600000000000179e-01,5.933000000000000496e-01,5.674799999999999844e-01,6.302200000000000024e-01,5.778200000000000003e-01,5.862300000000000288e-01,5.980999999999999650e-01,5.806400000000000450e-01,5.880499999999999616e-01,5.804799999999999960e-01,5.941699999999999759e-01,5.724900000000000544e-01,5.692300000000000137e-01,6.061499999999999666e-01
5.741199999999999637e-01,5.717900000000000205e-01,5.650100000000000122e-01,6.063800000000000301e-01,5.953899999999999748e-01,5.834599999999999786e-01,5.998499999999999943e-01,5.962399999999999922e-01,5.927299999999999791e-01,5.697299999999999587e-01,5.820899999999999963e-01,5.656999999999999806e-01,5.986000000000000210e-01,5.868900000000000228e-01,5.780300000000000438e-01,5.656400000000000317e-01,5.597499999999999698e-01,5.826099999999999612e-01,5.768799999999999484e-01,5.741899999999999782e-01,5.975099999999999856e-01,5.720399999999999929e-01,5.697900000000000187e-01,5.727600000000000469e-01,5.679499999999999549e-01,5.856599999999999584e-01,5.702800000000000091e-01,5.775000000000000133e-01,5.774299999999999988e-01,5.564900000000000402e-01,5.686900000000000288e-01,6.122100000000000319e-01,6.102899999999999991e-01,6.072499999999999565e-01,6.222600000000000353e-01,6.040100000000000469e-01,6.123699999999999699e-01,5.858299999999999619e-01,6.130700000000000038e-01,6.231400000000000272e-01,6.061400000000000121e-01,6.171499999999999764e-01,5.964699999999999447e-01,5.875799999999999912e-01,6.048999999999999932e-01,5.785299999999999887e-01,5.669300000000000450e-01,5.844099999999999850e-01,6.085800000000000098e-01,5.846599999999999575e-01,5.779300000000000548e-01,5.947099999999999609e-01,5.905700000000000394e-01,5.922500000000000542e-01,5.783700000000000507e-01,5.965599999999999792e-01,5.445299999999999585e-01,5.806700000000000195e-01,5.939900000000000180e-01,5.558300000000000463e-01,5.582899999999999530e-01,5.719400000000000039e-01,5.806200000000000250e-01,5.695999999999999952e-01,5.551099999999999923e-01,5.850300000000000500e-01,5.702399999999999691e-01,5.662800000000000056e-01,5.692000000000000393e-01,5.674599999999999644e-01,5.691800000000000193e-01,5.705900000000000416e-01,5.724399999999999489e-01,5.617900000000000116e-01,5.469899999999999762e-01,5.849800000000000555e-01
6.045700000000000518e-01,5.894300000000000095e-01,5.834899999999999531e-01,6.365800000000000347e-01,6.323800000000000532e-01,5.998499999999999943e-01,6.300000000000000044e-01,6.336199999999999610e-01,6.123199999999999754e-01,5.956799999999999873e-01,6.187599999999999767e-01,5.960600000000000342e-01,6.240299999999999736e-01,6.167099999999999804e-01,5.987999999999999989e-01,5.848400000000000265e-01,5.781600000000000072e-01,6.017400000000000526e-01,5.997799999999999798e-01,5.888299999999999645e-01,6.266800000000000148e-01,5.859999999999999654e-01,5.892600000000000060e-01,5.976399999999999491e-01,5.914700000000000513e-01,6.067799999999999860e-01,5.867499999999999938e-01,6.000400000000000178e-01,5.944199999999999484e-01,5.765400000000000524e-01,5.928400000000000336e-01,6.474100000000000410e-01,6.409099999999999797e-01,6.432799999999999629e-01,6.518800000000000150e-01,6.344600000000000239e-01,6.464900000000000091e-01,6.073100000000000165e-01,6.513799999999999590e-01,6.549199999999999466e-01,6.351099999999999524e-01,6.503100000000000547e-01,6.255800000000000249e-01,6.229099999999999637e-01,6.163699999999999735e-01,6.085399999999999698e-01,5.828400000000000247e-01,6.012300000000000422e-01,6.402799999999999603e-01,6.194199999999999706e-01,5.862699999999999578e-01,6.248299999999999965e-01,6.149599999999999511e-01,6.098799999999999777e-01,6.081600000000000339e-01,6.287800000000000056e-01,5.756400000000000405e-01,6.055199999999999472e-01,6.256899999999999684e-01,5.726400000000000379e-01,5.735799999999999788e-01,5.911199999999999788e-01,5.959900000000000198e-01,5.928799999999999626e-01,5.691000000000000503e-01,6.201900000000000190e-01,5.824300000000000033e-01,5.846700000000000230e-01,5.911300000000000443e-01,5.837400000000000366e-01,5.884800000000000031e-01,5.855299999999999949e-01,5.938200000000000145e-01,5.754599999999999715e-01,5.638199999999999878e-01,6.054599999999999982e-01
6.068599999999999550e-01,5.897499999999999964e-01,5.830800000000000427e-01,6.357899999999999663e-01,6.373299999999999521e-01,5.962300000000000377e-01,6.336199999999999610e-01,6.300599999999999534e-01,6.107599999999999696e-01,5.938900000000000290e-01,6.197200000000000486e-01,6.014800000000000146e-01,6.237599999999999811e-01,6.198500000000000121e-01,6.056500000000000217e-01,5.881300000000000416e-01,5.744099999999999762e-01,6.047000000000000153e-01,6.031400000000000095e-01,5.939900000000000180e-01,6.333100000000000396e-01,5.868900000000000228e-01,5.907499999999999973e-01,5.993899999999999784e-01,5.875899999999999457e-01,6.109900000000000331e-01,5.895200000000000440e-01,6.004300000000000193e-01,5.957799999999999763e-01,5.798900000000000166e-01,5.925300000000000011e-01,6.516100000000000225e-01,6.496199999999999752e-01,6.480399999999999494e-01,6.540300000000000002e-01,6.420500000000000096e-01,6.539599999999999858e-01,6.113300000000000400e-01,6.588500000000000467e-01,6.626999999999999558e-01,6.402499999999999858e-01,6.515100000000000335e-01,6.332299999999999596e-01,6.240299999999999736e-01,6.234399999999999942e-01,6.060499999999999776e-01,5.840100000000000291e-01,6.057599999999999651e-01,6.451299999999999812e-01,6.230700000000000127e-01,5.860400000000000054e-01,6.279599999999999627e-01,6.142300000000000537e-01,6.060900000000000176e-01,6.058299999999999796e-01,6.347899999999999654e-01,5.770600000000000174e-01,6.068299999999999805e-01,6.320799999999999752e-01,5.767600000000000504e-01,5.682399999999999674e-01,5.825200000000000378e-01,5.911499999999999533e-01,5.966200000000000392e-01,5.719699999999999784e-01,6.205399999999999805e-01,5.812100000000000044e-01,5.866799999999999793e-01,5.902199999999999669e-01,5.868100000000000538e-01,5.890400000000000080e-01,5.870100000000000318e-01,5.912500000000000533e-01,5.757100000000000550e-01,5.618600000000000261e-01,6.088299999999999823e-01
5.841499999999999471e-01,5.804300000000000015e-01,5.731699999999999573e-01,6.197399999999999576e-01,6.084899999999999753e-01,5.927299999999999791e-01,6.123199999999999754e-01,6.107599999999999696e-01,6.007000000000000117e-01,5.776000000000000023e-01,5.963899999999999757e-01,5.740499999999999492e-01,6.084399999999999809e-01,5.966700000000000337e-01,5.872399999999999842e-01,5.736700000000000133e-01,5.685400000000000453e-01,5.918600000000000527e-01,5.873899999999999677e-01,5.808600000000000430e-01,6.080400000000000249e-01,5.800800000000000400e-01,5.783800000000000052e-01,5.812500000000000444e-01,5.769800000000000484e-01,5.948799999999999644e-01,5.778600000000000403e-01,5.870499999999999607e-01,5.862399999999999833e-01,5.664299999999999891e-01,5.790699999999999736e-01,6.247700000000000475e-01,6.246099999999999985e-01,6.235300000000000287e-01,6.366399999999999837e-01,6.156300000000000106e-01,6.261100000000000554e-01,5.945399999999999574e-01,6.277199999999999447e-01,6.370400000000000507e-01,6.194399999999999906e-01,6.320000000000000062e-01,6.074800000000000200e-01,6.004599999999999937e-01,6.127399999999999514e-01,5.867799999999999683e-01,5.750199999999999756e-01,5.927799999999999736e-01,6.208399999999999475e-01,5.964800000000000102e-01,5.820300000000000473e-01,6.053699999999999637e-01,5.988999999999999879e-01,6.002199999999999758e-01,5.876099999999999657e-01,6.083300000000000374e-01,5.542899999999999494e-01,5.905500000000000194e-01,6.046599999999999753e-01,5.638100000000000334e-01,5.658400000000000096e-01,5.794599999999999751e-01,5.877999999999999892e-01,5.799600000000000311e-01,5.612599999999999811e-01,5.958999999999999853e-01,5.762699999999999489e-01,5.742599999999999927e-01,5.806900000000000395e-01,5.758699999999999930e-01,5.774399999999999533e-01,5.766099999999999559e-01,5.812399999999999789e-01,5.678499999999999659e-01,5.565600000000000547e-01,5.936599999999999655e-01
5.706900000000000306e-01,5.630899999999999794e-01,5.485200000000000076e-01,6.050799999999999512e-01,5.989499999999999824e-01,5.697299999999999587e-01,5.956799999999999873e-01,5.938900000000000290e-01,5.776000000000000023e-01,5.698800000000000532e-01,5.879199999999999982e-01,5.618699999999999806e-01,5.884200000000000541e-01,5.928600000000000536e-01,5.632899999999999574e-01,5.589499999999999469e-01,5.534799999999999720e-01,5.693300000000000027e-01,5.648199999999999887e-01,5.591300000000000159e-01,5.884700000000000486e-01,5.564700000000000202e-01,5.572399999999999576e-01,5.598800000000000443e-01,5.646099999999999453e-01,5.714900000000000535e-01,5.606299999999999617e-01,5.714099999999999735e-01,5.654400000000000537e-01,5.539300000000000335e-01,5.626999999999999780e-01,5.949799999999999534e-01,5.932500000000000551e-01,5.935599999999999765e-01,5.965500000000000247e-01,5.994199999999999529e-01,6.060900000000000176e-01,5.667400000000000215e-01,6.030699999999999950e-01,6.081100000000000394e-01,5.877900000000000347e-01,6.032300000000000439e-01,5.923800000000000177e-01,5.925200000000000466e-01,5.723700000000000454e-01,5.700899999999999856e-01,5.552399999999999558e-01,5.629499999999999504e-01,6.002800000000000358e-01,5.861899999999999888e-01,5.531099999999999905e-01,5.875200000000000422e-01,5.842399999999999816e-01,5.732199999999999518e-01,5.813199999999999479e-01,5.898900000000000254e-01,5.457199999999999829e-01,5.756599999999999495e-01,5.940600000000000325e-01,5.441000000000000281e-01,5.475999999999999757e-01,5.662800000000000056e-01,5.693099999999999827e-01,5.611500000000000377e-01,5.413200000000000234e-01,5.855000000000000204e-01,5.517600000000000282e-01,5.540199999999999569e-01,5.535499999999999865e-01,5.609300000000000397e-01,5.597299999999999498e-01,5.562899999999999512e-01,5.691699999999999537e-01,5.498100000000000209e-01,5.469300000000000272e-01,5.713700000000000445e-01
5.938299999999999690e-01,5.799299999999999455e-01,5.706799999999999651e-01,6.231799999999999562e-01,6.265300000000000313e-01,5.820899999999999963e-01,6.187599999999999767e-01,6.197200000000000486e-01,5.963899999999999757e-01,5.879199999999999982e-01,6.069700000000000095e-01,5.828999999999999737e-01,6.107200000000000406e-01,6.114100000000000090e-01,5.859600000000000364e-01,5.744899999999999451e-01,5.681599999999999984e-01,5.885799999999999921e-01,5.867499999999999938e-01,5.776200000000000223e-01,6.156599999999999850e-01,5.733800000000000008e-01,5.774200000000000443e-01,5.825799999999999867e-01,5.805599999999999650e-01,5.926000000000000156e-01,5.747900000000000231e-01,5.899299999999999544e-01,5.825799999999999867e-01,5.731800000000000228e-01,5.829900000000000082e-01,6.296500000000000430e-01,6.221799999999999553e-01,6.251299999999999635e-01,6.322200000000000042e-01,6.228099999999999747e-01,6.321200000000000152e-01,5.895899999999999475e-01,6.329799999999999871e-01,6.353600000000000358e-01,6.153399999999999981e-01,6.258700000000000374e-01,6.164800000000000280e-01,6.086000000000000298e-01,5.962399999999999922e-01,5.890499999999999625e-01,5.704900000000000526e-01,5.868900000000000228e-01,6.270499999999999963e-01,6.093699999999999672e-01,5.727600000000000469e-01,6.116099999999999870e-01,6.020600000000000396e-01,5.929799999999999516e-01,5.949799999999999534e-01,6.162900000000000045e-01,5.624200000000000310e-01,5.927999999999999936e-01,6.160400000000000320e-01,5.643299999999999983e-01,5.625000000000000000e-01,5.798600000000000421e-01,5.820600000000000218e-01,5.816999999999999948e-01,5.553099999999999703e-01,6.073899999999999855e-01,5.684399999999999453e-01,5.724200000000000399e-01,5.752500000000000391e-01,5.745900000000000452e-01,5.766200000000000214e-01,5.696700000000000097e-01,5.827099999999999502e-01,5.633700000000000374e-01,5.595999999999999863e-01,5.942399999999999904e-01
5.960999999999999632e-01,5.616200000000000081e-01,5.606700000000000017e-01,5.957400000000000473e-01,6.045899999999999608e-01,5.656999999999999806e-01,5.960600000000000342e-01,6.014800000000000146e-01,5.740499999999999492e-01,5.618699999999999806e-01,5.828999999999999737e-01,5.890499999999999625e-01,5.844599999999999795e-01,5.789900000000000047e-01,5.821100000000000163e-01,5.556400000000000228e-01,5.442299999999999915e-01,5.674400000000000555e-01,5.709600000000000231e-01,5.596700000000000008e-01,5.990900000000000114e-01,5.557800000000000518e-01,5.650399999999999867e-01,5.848900000000000210e-01,5.557400000000000118e-01,5.808999999999999719e-01,5.581500000000000350e-01,5.665900000000000380e-01,5.607499999999999707e-01,5.539100000000000135e-01,5.653599999999999737e-01,5.986599999999999699e-01,6.079799999999999649e-01,6.139799999999999702e-01,6.092300000000000493e-01,5.967000000000000082e-01,6.057599999999999651e-01,5.858999999999999764e-01,6.030200000000000005e-01,6.146200000000000552e-01,6.085300000000000153e-01,6.059900000000000286e-01,5.897700000000000164e-01,5.911100000000000243e-01,5.953899999999999748e-01,6.034800000000000164e-01,5.522799999999999931e-01,5.721100000000000074e-01,6.033800000000000274e-01,5.885299999999999976e-01,5.569100000000000161e-01,5.958900000000000308e-01,5.844399999999999595e-01,5.668600000000000305e-01,5.782199999999999562e-01,5.920400000000000107e-01,5.772399999999999753e-01,5.724299999999999944e-01,5.910400000000000098e-01,5.611300000000000177e-01,5.427199999999999802e-01,5.595499999999999918e-01,5.598400000000000043e-01,5.632399999999999629e-01,5.465900000000000203e-01,5.963199999999999612e-01,5.516999999999999682e-01,5.636100000000000554e-01,5.840100000000000291e-01,5.528499999999999526e-01,5.635900000000000354e-01,5.588100000000000289e-01,5.616100000000000536e-01,5.470699999999999452e-01,0.000000000000000000e+00,5.766099999999999559e-01
5.914599999999999858e-01,5.860199999999999854e-01,5.782699999999999507e-01,6.313800000000000523e-01,6.235199999999999632e-01,5.986000000000000210e-01,6.240299999999999736e-01,6.237599999999999811e-01,6.084399999999999809e-01,5.884200000000000541e-01,6.107299999999999951e-01,5.844599999999999795e-01,6.184600000000000097e-01,6.081299999999999484e-01,5.919499999999999762e-01,5.804599999999999760e-01,5.755200000000000315e-01,5.992600000000000149e-01,5.942499999999999449e-01,5.853000000000000425e-01,6.165699999999999514e-01,5.832600000000000007e-01,5.825399999999999467e-01,5.912699999999999623e-01,5.843399999999999705e-01,6.010400000000000187e-01,5.844599999999999795e-01,5.938600000000000545e-01,5.909200000000000008e-01,5.726799999999999669e-01,5.875899999999999457e-01,6.389700000000000379e-01,6.342799999999999550e-01,6.319599999999999662e-01,6.447800000000000198e-01,6.239999999999999991e-01,6.377500000000000391e-01,6.008299999999999752e-01,6.461299999999999821e-01,6.453999999999999737e-01,6.269099999999999673e-01,6.448500000000000343e-01,6.154500000000000526e-01,6.125199999999999534e-01,6.114800000000000235e-01,5.991900000000000004e-01,5.802500000000000435e-01,6.006500000000000172e-01,6.325300000000000367e-01,6.104100000000000081e-01,5.840400000000000036e-01,6.154699999999999616e-01,6.104699999999999571e-01,6.074399999999999800e-01,5.964500000000000357e-01,6.227399999999999602e-01,5.644900000000000473e-01,6.004300000000000193e-01,6.169900000000000384e-01,5.676200000000000134e-01,5.735799999999999788e-01,5.827299999999999702e-01,5.931400000000000006e-01,5.899299999999999544e-01,5.647999999999999687e-01,6.091299999999999493e-01,5.805500000000000105e-01,5.795500000000000096e-01,5.838900000000000201e-01,5.816799999999999748e-01,5.846799999999999775e-01,5.812199999999999589e-01,5.878400000000000292e-01,5.721399999999999819e-01,5.605400000000000382e-01,6.027799999999999825e-01
5.738699999999999912e-01,5.797400000000000331e-01,5.687600000000000433e-01,6.117399999999999505e-01,6.244499999999999496e-01,5.868900000000000228e-01,6.167099999999999804e-01,6.198500000000000121e-01,5.966700000000000337e-01,5.928600000000000536e-01,6.114100000000000090e-01,5.789900000000000047e-01,6.081299999999999484e-01,6.001800000000000468e-01,5.834399999999999586e-01,5.691300000000000248e-01,5.805799999999999850e-01,5.916099999999999692e-01,5.886299999999999866e-01,5.760199999999999765e-01,6.067599999999999660e-01,5.720300000000000384e-01,5.703599999999999781e-01,5.799800000000000511e-01,5.811399999999999899e-01,5.885700000000000376e-01,5.756700000000000150e-01,5.855200000000000404e-01,5.816400000000000459e-01,5.711600000000000010e-01,5.785299999999999887e-01,6.279400000000000537e-01,6.189999999999999947e-01,6.185599999999999987e-01,6.297899999999999610e-01,6.143399999999999972e-01,6.289000000000000146e-01,5.977200000000000291e-01,6.359399999999999498e-01,6.287199999999999456e-01,6.129900000000000349e-01,6.322100000000000497e-01,6.131400000000000183e-01,6.074199999999999600e-01,5.982800000000000340e-01,5.780300000000000438e-01,5.658100000000000351e-01,5.850600000000000245e-01,6.239900000000000446e-01,6.064100000000000046e-01,5.699800000000000422e-01,6.086200000000000498e-01,6.055800000000000072e-01,5.943699999999999539e-01,6.003899999999999793e-01,6.173399999999999999e-01,5.629399999999999959e-01,5.943100000000000049e-01,6.099099999999999522e-01,5.599100000000000188e-01,5.673899999999999499e-01,5.791199999999999681e-01,5.816299999999999804e-01,5.798799999999999510e-01,5.546799999999999509e-01,6.028499999999999970e-01,5.694099999999999717e-01,5.658400000000000096e-01,5.683399999999999563e-01,5.720199999999999729e-01,5.730499999999999483e-01,5.682500000000000329e-01,5.800499999999999545e-01,5.628600000000000270e-01,5.526100000000000456e-01,5.914099999999999913e-01
5.965899999999999537e-01,5.670699999999999630e-01,5.649699999999999722e-01,6.008900000000000352e-01,6.055000000000000382e-01,5.780300000000000438e-01,5.987999999999999989e-01,6.056500000000000217e-01,5.872399999999999842e-01,5.632899999999999574e-01,5.859600000000000364e-01,5.821100000000000163e-01,5.919499999999999762e-01,5.834399999999999586e-01,6.017700000000000271e-01,5.637999999999999678e-01,5.490800000000000125e-01,5.752800000000000136e-01,5.750300000000000411e-01,5.715999999999999970e-01,6.062999999999999501e-01,5.685200000000000253e-01,5.724700000000000344e-01,5.850600000000000245e-01,5.583700000000000330e-01,5.861800000000000344e-01,5.645799999999999708e-01,5.732899999999999663e-01,5.732300000000000173e-01,5.626100000000000545e-01,5.696299999999999697e-01,6.055099999999999927e-01,6.042399999999999993e-01,6.127200000000000424e-01,6.177300000000000013e-01,6.050900000000000167e-01,6.094500000000000473e-01,5.858400000000000274e-01,6.088599999999999568e-01,6.173399999999999999e-01,6.082100000000000284e-01,6.109499999999999931e-01,5.939400000000000235e-01,5.858600000000000474e-01,6.046099999999999808e-01,5.906099999999999683e-01,5.634000000000000119e-01,5.806900000000000395e-01,6.052899999999999947e-01,5.862199999999999633e-01,5.698199999999999932e-01,5.971300000000000496e-01,5.860600000000000254e-01,5.795000000000000151e-01,5.757700000000000040e-01,5.963600000000000012e-01,5.626700000000000035e-01,5.776499999999999968e-01,5.934000000000000385e-01,5.733000000000000318e-01,5.508499999999999508e-01,5.651699999999999502e-01,5.675000000000000044e-01,5.705099999999999616e-01,5.555200000000000138e-01,5.914899999999999602e-01,5.628199999999999870e-01,5.703700000000000436e-01,5.865299999999999958e-01,5.583500000000000130e-01,5.634200000000000319e-01,5.637100000000000444e-01,5.644700000000000273e-01,5.565700000000000092e-01,5.443200000000000260e-01,5.796900000000000386e-01
5.613599999999999701e-01,5.573799999999999866e-01,5.478699999999999681e-01,5.820400000000000018e-01,5.823899999999999633e-01,5.656400000000000317e-01,5.848400000000000265e-01,5.881300000000000416e-01,5.736700000000000133e-01,5.589499999999999469e-01,5.744899999999999451e-01,5.556400000000000228e-01,5.804599999999999760e-01,5.691300000000000248e-01,5.637999999999999678e-01,5.526299999999999546e-01,5.525900000000000256e-01,5.665499999999999980e-01,5.633099999999999774e-01,5.565799999999999637e-01,5.826500000000000012e-01,5.542300000000000004e-01,5.538199999999999790e-01,5.586999999999999744e-01,5.559899999999999842e-01,5.649300000000000432e-01,5.541000000000000369e-01,5.616200000000000081e-01,5.620899999999999785e-01,5.479899999999999771e-01,5.537900000000000045e-01,5.891899999999999915e-01,5.816200000000000259e-01,5.845099999999999740e-01,5.929600000000000426e-01,5.866599999999999593e-01,5.977500000000000036e-01,5.622000000000000330e-01,5.952399999999999913e-01,5.931800000000000406e-01,5.777200000000000113e-01,5.876200000000000312e-01,5.817900000000000293e-01,5.767600000000000504e-01,5.813599999999999879e-01,5.587299999999999489e-01,5.518300000000000427e-01,5.628900000000000015e-01,5.887299999999999756e-01,5.719300000000000495e-01,5.558199999999999807e-01,5.769699999999999829e-01,5.800100000000000255e-01,5.699999999999999512e-01,5.690600000000000103e-01,5.817099999999999493e-01,0.000000000000000000e+00,5.664099999999999691e-01,5.786999999999999922e-01,5.397800000000000376e-01,5.481800000000000006e-01,5.590300000000000269e-01,5.615499999999999936e-01,5.589100000000000179e-01,5.399599999999999955e-01,5.712199999999999500e-01,5.515999999999999792e-01,5.505400000000000293e-01,5.510199999999999543e-01,5.524999999999999911e-01,5.504599999999999493e-01,5.524499999999999966e-01,5.576299999999999590e-01,5.467699999999999783e-01,0.000000000000000000e+00,5.663500000000000201e-01
5.558800000000000407e-01,5.560800000000000187e-01,5.431899999999999507e-01,5.857299999999999729e-01,5.764000000000000234e-01,5.597499999999999698e-01,5.781600000000000072e-01,5.744099999999999762e-01,5.685400000000000453e-01,5.534799999999999720e-01,5.681599999999999984e-01,5.442299999999999915e-01,5.755200000000000315e-01,5.805799999999999850e-01,5.490800000000000125e-01,5.525900000000000256e-01,5.403000000000000025e-01,5.603099999999999747e-01,5.572599999999999776e-01,5.513500000000000068e-01,5.721100000000000074e-01,5.508499999999999508e-01,5.509699999999999598e-01,5.467400000000000038e-01,5.549399999999999888e-01,5.609399999999999942e-01,5.477100000000000302e-01,5.617900000000000116e-01,5.578499999999999570e-01,5.481800000000000006e-01,5.524099999999999566e-01,5.767299999999999649e-01,5.875899999999999457e-01,5.799699999999999855e-01,5.841899999999999871e-01,5.958999999999999853e-01,5.917099999999999582e-01,5.534299999999999775e-01,5.824099999999999833e-01,6.011400000000000077e-01,5.782000000000000473e-01,5.853000000000000425e-01,5.875200000000000422e-01,5.785099999999999687e-01,5.738400000000000167e-01,5.525400000000000311e-01,5.474900000000000322e-01,5.557100000000000373e-01,5.880199999999999871e-01,5.669899999999999940e-01,5.509600000000000053e-01,5.749199999999999866e-01,5.605900000000000327e-01,5.642599999999999838e-01,5.662700000000000511e-01,5.699999999999999512e-01,0.000000000000000000e+00,5.625700000000000145e-01,5.820100000000000273e-01,0.000000000000000000e+00,5.392900000000000471e-01,5.577100000000000390e-01,5.562000000000000277e-01,5.480199999999999516e-01,0.000000000000000000e+00,5.626900000000000235e-01,5.448800000000000310e-01,5.419300000000000228e-01,0.000000000000000000e+00,5.507300000000000528e-01,5.463900000000000423e-01,5.465299999999999603e-01,5.571399999999999686e-01,5.429399999999999782e-01,0.000000000000000000e+00,5.608499999999999597e-01
5.756900000000000350e-01,5.726799999999999669e-01,5.654900000000000482e-01,6.065000000000000391e-01,5.991999999999999549e-01,5.826099999999999612e-01,6.017400000000000526e-01,6.047000000000000153e-01,5.918600000000000527e-01,5.693300000000000027e-01,5.885799999999999921e-01,5.674400000000000555e-01,5.992600000000000149e-01,5.916099999999999692e-01,5.752800000000000136e-01,5.665499999999999980e-01,5.603099999999999747e-01,5.788799999999999502e-01,5.793899999999999606e-01,5.724299999999999944e-01,5.973899999999999766e-01,5.707600000000000451e-01,5.693300000000000027e-01,5.742099999999999982e-01,5.681100000000000039e-01,5.846599999999999575e-01,5.673300000000000010e-01,5.765000000000000124e-01,5.768799999999999484e-01,5.589199999999999724e-01,5.703099999999999836e-01,6.085500000000000353e-01,6.134500000000000508e-01,6.138799999999999812e-01,6.216399999999999704e-01,6.083399999999999919e-01,6.149200000000000221e-01,5.845900000000000540e-01,6.141199999999999992e-01,6.294100000000000250e-01,6.116599999999999815e-01,6.184899999999999842e-01,6.024100000000000010e-01,5.908999999999999808e-01,6.022899999999999920e-01,5.836099999999999621e-01,5.635999999999999899e-01,5.806499999999999995e-01,6.101900000000000102e-01,5.895700000000000385e-01,5.729199999999999848e-01,5.977599999999999580e-01,5.911800000000000388e-01,5.887400000000000411e-01,5.829499999999999682e-01,5.963199999999999612e-01,5.475600000000000467e-01,5.830400000000000027e-01,5.955099999999999838e-01,5.485900000000000221e-01,5.601300000000000168e-01,5.742399999999999727e-01,5.781899999999999817e-01,5.683500000000000218e-01,5.538499999999999535e-01,5.878799999999999581e-01,5.662000000000000366e-01,5.634099999999999664e-01,5.683899999999999508e-01,5.654799999999999827e-01,5.670300000000000340e-01,5.674000000000000155e-01,5.737900000000000222e-01,5.609300000000000397e-01,5.470399999999999707e-01,5.844099999999999850e-01
5.732599999999999918e-01,5.689400000000000013e-01,5.647600000000000398e-01,6.017900000000000471e-01,6.035000000000000364e-01,5.768799999999999484e-01,5.997799999999999798e-01,6.031400000000000095e-01,5.873899999999999677e-01,5.648199999999999887e-01,5.867499999999999938e-01,5.709600000000000231e-01,5.942499999999999449e-01,5.886299999999999866e-01,5.750300000000000411e-01,5.633099999999999774e-01,5.572599999999999776e-01,5.793899999999999606e-01,5.775500000000000078e-01,5.710199999999999720e-01,5.975000000000000311e-01,5.669600000000000195e-01,5.677799999999999514e-01,5.761800000000000255e-01,5.653000000000000247e-01,5.818799999999999528e-01,5.663099999999999801e-01,5.757700000000000040e-01,5.733800000000000008e-01,5.605999999999999872e-01,5.690499999999999448e-01,6.072100000000000275e-01,6.143600000000000172e-01,6.143100000000000227e-01,6.182299999999999462e-01,6.064500000000000446e-01,6.124699999999999589e-01,5.896599999999999620e-01,6.099599999999999467e-01,6.232600000000000362e-01,6.094500000000000473e-01,6.136099999999999888e-01,6.022300000000000431e-01,5.921100000000000252e-01,6.008099999999999552e-01,5.803599999999999870e-01,5.593299999999999939e-01,5.796299999999999786e-01,6.067599999999999660e-01,5.865799999999999903e-01,5.670300000000000340e-01,5.960800000000000542e-01,5.854800000000000004e-01,5.808499999999999774e-01,5.773700000000000498e-01,5.945200000000000484e-01,5.524700000000000166e-01,5.799800000000000511e-01,5.965700000000000447e-01,5.503500000000000059e-01,5.534000000000000030e-01,5.667699999999999960e-01,5.698699999999999877e-01,5.682399999999999674e-01,5.501700000000000479e-01,5.875899999999999457e-01,5.615299999999999736e-01,5.616499999999999826e-01,5.711899999999999755e-01,5.620100000000000096e-01,5.649800000000000377e-01,5.632399999999999629e-01,5.685900000000000398e-01,5.556299999999999573e-01,5.415600000000000414e-01,5.836400000000000476e-01
5.631800000000000139e-01,5.619899999999999896e-01,5.572799999999999976e-01,5.909200000000000008e-01,5.881199999999999761e-01,5.741899999999999782e-01,5.888299999999999645e-01,5.939900000000000180e-01,5.808600000000000430e-01,5.591300000000000159e-01,5.776200000000000223e-01,5.596700000000000008e-01,5.853000000000000425e-01,5.760199999999999765e-01,5.715999999999999970e-01,5.565799999999999637e-01,5.513500000000000068e-01,5.724299999999999944e-01,5.710199999999999720e-01,5.658499999999999641e-01,5.878799999999999581e-01,5.624500000000000055e-01,5.617900000000000116e-01,5.635599999999999499e-01,5.571399999999999686e-01,5.750699999999999701e-01,5.606600000000000472e-01,5.664200000000000346e-01,5.688600000000000323e-01,5.514400000000000412e-01,5.593799999999999883e-01,5.975099999999999856e-01,5.984599999999999920e-01,5.995300000000000074e-01,6.080900000000000194e-01,5.963699999999999557e-01,5.975899999999999546e-01,5.754899999999999460e-01,6.000799999999999468e-01,6.134199999999999653e-01,5.994800000000000129e-01,6.061900000000000066e-01,5.873000000000000442e-01,5.777900000000000258e-01,5.970199999999999951e-01,5.673799999999999955e-01,5.563599999999999657e-01,5.736799999999999677e-01,5.923500000000000432e-01,5.728499999999999703e-01,5.665499999999999980e-01,5.864399999999999613e-01,5.779300000000000548e-01,5.780199999999999783e-01,5.703899999999999526e-01,5.851499999999999480e-01,0.000000000000000000e+00,5.724599999999999689e-01,5.810600000000000209e-01,5.466400000000000148e-01,5.528199999999999781e-01,5.631300000000000194e-01,5.665599999999999525e-01,5.615499999999999936e-01,5.484700000000000131e-01,5.753000000000000336e-01,5.602300000000000058e-01,5.567100000000000382e-01,5.628999999999999559e-01,5.568699999999999761e-01,5.589100000000000179e-01,5.616700000000000026e-01,5.634299999999999864e-01,5.540500000000000425e-01,5.407199999999999784e-01,5.736200000000000188e-01
6.088799999999999768e-01,5.871600000000000152e-01,5.796000000000000041e-01,6.244800000000000351e-01,6.318099999999999827e-01,5.975099999999999856e-01,6.266800000000000148e-01,6.333100000000000396e-01,6.080400000000000249e-01,5.884700000000000486e-01,6.156599999999999850e-01,5.990900000000000114e-01,6.165699999999999514e-01,6.067599999999999660e-01,6.062999999999999501e-01,5.826500000000000012e-01,5.721100000000000074e-01,5.973899999999999766e-01,5.975000000000000311e-01,5.878799999999999581e-01,6.301400000000000334e-01,5.828699999999999992e-01,5.885700000000000376e-01,6.001600000000000268e-01,5.843899999999999650e-01,6.034899999999999709e-01,5.844399999999999595e-01,5.954800000000000093e-01,5.925099999999999811e-01,5.789299999999999446e-01,5.890800000000000480e-01,6.401999999999999913e-01,6.333699999999999886e-01,6.380000000000000115e-01,6.387800000000000145e-01,6.303900000000000059e-01,6.402099999999999458e-01,6.082199999999999829e-01,6.466699999999999671e-01,6.477800000000000225e-01,6.286500000000000421e-01,6.399299999999999988e-01,6.243600000000000261e-01,6.181799999999999518e-01,6.124800000000000244e-01,6.068799999999999750e-01,5.796999999999999931e-01,5.982899999999999885e-01,6.311499999999999888e-01,6.144300000000000317e-01,5.817700000000000093e-01,6.224699999999999678e-01,6.156500000000000306e-01,5.992300000000000404e-01,6.034199999999999564e-01,6.247500000000000275e-01,5.771199999999999664e-01,6.007299999999999862e-01,6.203499999999999570e-01,5.780399999999999983e-01,5.697900000000000187e-01,5.856400000000000494e-01,5.865099999999999758e-01,5.938099999999999490e-01,5.664200000000000346e-01,6.185699999999999532e-01,5.764799999999999924e-01,5.844099999999999850e-01,5.932800000000000296e-01,5.806599999999999540e-01,5.834000000000000297e-01,5.812500000000000444e-01,5.873899999999999677e-01,5.717999999999999750e-01,5.582099999999999840e-01,6.005399999999999627e-01
