5.648999999999999577e-01,5.636400000000000299e-01,5.613599999999999701e-01,5.743300000000000072e-01,5.759199999999999875e-01,5.592599999999999794e-01,5.719100000000000295e-01,5.743500000000000272e-01,5.640199999999999658e-01,5.608400000000000052e-01,5.735500000000000043e-01,5.787499999999999867e-01,5.661699999999999511e-01,5.518600000000000172e-01,5.398100000000000120e-01,5.665799999999999725e-01,5.617299999999999516e-01,5.683399999999999563e-01,5.652599999999999847e-01,5.397100000000000231e-01,5.689699999999999758e-01,5.529800000000000271e-01,5.439199999999999591e-01,5.713200000000000500e-01,5.769600000000000284e-01,5.659800000000000386e-01,0.000000000000000000e+00,5.568400000000000016e-01,5.426900000000000057e-01,0.000000000000000000e+00,5.756900000000000350e-01,5.866200000000000303e-01,5.792599999999999971e-01,5.969600000000000461e-01,5.919299999999999562e-01,5.619399999999999951e-01,5.906000000000000139e-01,5.645999999999999908e-01,5.922699999999999632e-01,5.999100000000000543e-01,5.693899999999999517e-01,6.123499999999999499e-01,5.478399999999999936e-01,5.598699999999999788e-01,5.701300000000000257e-01,5.604400000000000492e-01,5.596100000000000518e-01,5.578999999999999515e-01,5.801399999999999890e-01,5.716099999999999515e-01,5.742899999999999672e-01,5.864599999999999813e-01,5.721500000000000474e-01,5.640899999999999803e-01,5.805799999999999850e-01,5.632500000000000284e-01,5.745500000000000052e-01,5.766900000000000359e-01,5.649899999999999922e-01,0.000000000000000000e+00,5.412099999999999689e-01,5.614900000000000446e-01,5.599600000000000133e-01,5.459899999999999753e-01,0.000000000000000000e+00,5.567800000000000527e-01,5.411000000000000254e-01,5.539100000000000135e-01,5.607299999999999507e-01,5.658300000000000551e-01,5.761100000000000110e-01,5.409199999999999564e-01,5.566699999999999982e-01,5.516199999999999992e-01,0.000000000000000000e+00,5.514099999999999557e-01
5.636400000000000299e-01,5.687600000000000433e-01,5.699499999999999567e-01,5.741399999999999837e-01,5.843800000000000106e-01,5.687600000000000433e-01,5.812100000000000044e-01,5.575900000000000301e-01,5.799499999999999655e-01,5.727900000000000214e-01,5.789999999999999591e-01,5.678999999999999604e-01,5.742000000000000437e-01,5.588499999999999579e-01,5.419800000000000173e-01,5.764000000000000234e-01,5.596799999999999553e-01,5.762300000000000200e-01,5.742399999999999727e-01,5.479100000000000081e-01,5.675000000000000044e-01,5.625099999999999545e-01,5.496100000000000430e-01,5.675900000000000389e-01,5.800199999999999800e-01,5.656600000000000517e-01,0.000000000000000000e+00,5.640300000000000313e-01,5.536999999999999700e-01,0.000000000000000000e+00,5.842800000000000216e-01,5.953000000000000513e-01,5.914300000000000113e-01,6.019799999999999596e-01,5.883699999999999486e-01,5.695999999999999952e-01,6.144100000000000117e-01,5.527199999999999891e-01,6.088299999999999823e-01,6.046300000000000008e-01,5.755900000000000460e-01,6.155699999999999505e-01,5.752899999999999681e-01,6.022800000000000376e-01,5.813899999999999624e-01,5.647900000000000142e-01,5.655000000000000027e-01,5.627100000000000435e-01,5.985200000000000520e-01,5.815599999999999659e-01,5.827200000000000157e-01,5.975899999999999546e-01,5.752199999999999536e-01,5.752699999999999481e-01,5.900499999999999634e-01,5.697699999999999987e-01,5.666700000000000070e-01,5.894899999999999585e-01,5.803199999999999470e-01,5.404999999999999805e-01,5.518600000000000172e-01,5.756799999999999695e-01,5.654500000000000082e-01,5.502399999999999514e-01,5.436100000000000376e-01,5.589100000000000179e-01,5.518999999999999462e-01,5.630699999999999594e-01,5.589199999999999724e-01,5.778900000000000148e-01,5.824899999999999523e-01,5.536999999999999700e-01,5.713500000000000245e-01,5.661599999999999966e-01,5.487300000000000511e-01,5.595799999999999663e-01
5.613599999999999701e-01,5.699499999999999567e-01,5.759999999999999565e-01,5.739100000000000312e-01,5.785400000000000542e-01,5.698499999999999677e-01,5.734500000000000153e-01,5.546299999999999564e-01,5.786299999999999777e-01,5.666299999999999670e-01,5.740399999999999947e-01,5.630899999999999794e-01,5.688499999999999668e-01,5.520599999999999952e-01,5.436499999999999666e-01,5.788200000000000012e-01,5.597299999999999498e-01,5.739900000000000002e-01,5.775400000000000533e-01,5.495799999999999574e-01,5.620300000000000296e-01,5.629899999999999904e-01,5.498899999999999899e-01,5.649300000000000432e-01,5.783199999999999452e-01,5.645599999999999508e-01,5.402500000000000080e-01,5.616999999999999771e-01,5.515600000000000502e-01,0.000000000000000000e+00,5.827200000000000157e-01,5.907599999999999518e-01,5.906200000000000339e-01,5.987700000000000244e-01,5.824300000000000033e-01,5.650399999999999867e-01,6.065500000000000336e-01,5.564200000000000257e-01,6.021100000000000341e-01,6.015000000000000346e-01,5.779900000000000038e-01,6.200799999999999645e-01,5.664200000000000346e-01,5.882600000000000051e-01,5.864500000000000268e-01,5.664400000000000546e-01,5.663300000000000001e-01,5.682599999999999874e-01,6.012600000000000167e-01,5.712599999999999900e-01,5.822899999999999743e-01,5.885200000000000431e-01,5.672599999999999865e-01,5.718699999999999894e-01,5.840600000000000236e-01,5.643299999999999983e-01,5.636999999999999789e-01,5.852199999999999624e-01,5.757700000000000040e-01,5.452399999999999469e-01,5.521599999999999842e-01,5.685499999999999998e-01,5.653500000000000192e-01,5.482200000000000406e-01,5.451200000000000490e-01,5.575999999999999845e-01,5.525499999999999856e-01,5.620000000000000551e-01,5.628400000000000070e-01,5.740199999999999747e-01,5.814899999999999514e-01,5.533099999999999685e-01,5.684799999999999853e-01,5.646900000000000253e-01,5.477100000000000302e-01,5.604900000000000437e-01
5.743300000000000072e-01,5.741399999999999837e-01,5.739100000000000312e-01,5.930600000000000316e-01,5.899900000000000144e-01,5.828400000000000247e-01,5.852500000000000480e-01,5.556400000000000228e-01,5.820300000000000473e-01,5.798400000000000221e-01,5.822699999999999543e-01,5.784299999999999997e-01,5.783599999999999852e-01,5.645299999999999763e-01,5.496100000000000430e-01,5.798999999999999710e-01,5.727900000000000214e-01,5.802100000000000035e-01,5.782100000000000017e-01,5.470199999999999507e-01,5.697900000000000187e-01,5.625599999999999490e-01,5.476299999999999502e-01,5.768100000000000449e-01,5.840100000000000291e-01,5.703000000000000291e-01,5.399899999999999700e-01,5.677100000000000479e-01,5.547699999999999854e-01,0.000000000000000000e+00,5.896500000000000075e-01,6.108099999999999641e-01,5.986099999999999755e-01,6.158200000000000340e-01,6.000799999999999468e-01,5.774700000000000388e-01,6.202499999999999680e-01,5.706499999999999906e-01,6.185899999999999732e-01,6.178399999999999448e-01,5.932500000000000551e-01,6.267300000000000093e-01,5.797600000000000531e-01,5.879799999999999471e-01,5.945300000000000029e-01,5.689400000000000013e-01,5.745299999999999851e-01,5.742699999999999472e-01,6.039700000000000069e-01,5.890900000000000025e-01,5.890199999999999880e-01,5.976299999999999946e-01,5.769600000000000284e-01,5.760899999999999910e-01,5.870900000000000007e-01,5.782199999999999562e-01,5.720499999999999474e-01,5.861499999999999488e-01,5.860400000000000054e-01,5.486999999999999655e-01,5.589800000000000324e-01,5.734099999999999753e-01,5.697699999999999987e-01,5.596600000000000463e-01,5.450500000000000345e-01,5.573200000000000376e-01,5.527900000000000036e-01,5.618100000000000316e-01,5.745400000000000507e-01,5.842500000000000471e-01,5.884500000000000286e-01,5.539600000000000080e-01,5.721899999999999764e-01,5.659800000000000386e-01,5.458600000000000119e-01,5.671800000000000175e-01
5.759199999999999875e-01,5.843800000000000106e-01,5.785400000000000542e-01,5.899900000000000144e-01,5.999999999999999778e-01,5.807600000000000540e-01,5.981199999999999850e-01,5.755599999999999605e-01,5.901999999999999469e-01,5.880100000000000326e-01,5.947500000000000009e-01,5.859999999999999654e-01,5.875500000000000167e-01,5.748799999999999466e-01,5.479600000000000026e-01,5.879999999999999671e-01,5.801399999999999890e-01,5.876900000000000457e-01,5.845399999999999485e-01,5.525900000000000256e-01,5.842300000000000271e-01,5.685900000000000398e-01,5.542799999999999949e-01,5.803199999999999470e-01,5.936299999999999910e-01,5.779499999999999638e-01,5.458600000000000119e-01,5.767799999999999594e-01,5.617299999999999516e-01,0.000000000000000000e+00,5.953300000000000258e-01,6.143600000000000172e-01,6.058099999999999596e-01,6.176000000000000378e-01,6.067399999999999460e-01,5.878700000000000037e-01,6.316100000000000048e-01,5.675799999999999734e-01,6.256399999999999739e-01,6.214300000000000379e-01,5.920100000000000362e-01,6.318500000000000227e-01,5.888099999999999445e-01,6.128799999999999804e-01,5.911999999999999478e-01,5.752399999999999736e-01,5.778100000000000458e-01,5.725099999999999634e-01,6.121900000000000119e-01,6.056000000000000272e-01,5.954899999999999638e-01,6.129000000000000004e-01,5.905799999999999939e-01,5.865200000000000413e-01,6.046200000000000463e-01,5.865899999999999448e-01,5.808400000000000230e-01,6.018000000000000016e-01,5.960499999999999687e-01,5.504000000000000004e-01,5.643700000000000383e-01,5.849699999999999900e-01,5.778299999999999548e-01,5.628900000000000015e-01,5.503099999999999659e-01,5.737499999999999822e-01,5.598600000000000243e-01,5.717100000000000515e-01,5.733200000000000518e-01,5.895599999999999730e-01,5.942100000000000160e-01,5.589499999999999469e-01,5.835200000000000387e-01,5.752899999999999681e-01,5.547800000000000509e-01,5.713399999999999590e-01
5.592599999999999794e-01,5.687600000000000433e-01,5.698499999999999677e-01,5.828400000000000247e-01,5.807600000000000540e-01,5.699499999999999567e-01,5.779400000000000093e-01,5.572200000000000486e-01,5.781100000000000128e-01,5.716700000000000115e-01,5.742899999999999672e-01,5.662099999999999911e-01,5.708800000000000541e-01,5.587999999999999634e-01,5.437100000000000266e-01,5.755500000000000060e-01,5.621899999999999675e-01,5.769800000000000484e-01,5.720100000000000184e-01,5.484099999999999531e-01,5.630899999999999794e-01,5.612700000000000466e-01,5.468899999999999872e-01,5.649699999999999722e-01,5.789199999999999902e-01,5.658999999999999586e-01,5.404700000000000060e-01,5.628499999999999615e-01,5.522000000000000242e-01,0.000000000000000000e+00,5.809900000000000064e-01,5.938200000000000145e-01,5.863500000000000378e-01,5.992800000000000349e-01,5.872699999999999587e-01,5.699400000000000022e-01,6.116399999999999615e-01,5.558699999999999752e-01,5.988200000000000189e-01,6.059499999999999886e-01,5.776000000000000023e-01,6.100600000000000467e-01,5.665700000000000180e-01,5.994699999999999473e-01,5.839100000000000401e-01,5.644400000000000528e-01,5.678699999999999859e-01,5.642300000000000093e-01,5.959299999999999597e-01,5.776700000000000168e-01,5.827799999999999647e-01,5.916099999999999692e-01,5.737700000000000022e-01,5.728699999999999903e-01,5.853000000000000425e-01,5.694200000000000372e-01,5.639100000000000223e-01,5.828499999999999792e-01,5.754700000000000371e-01,5.422500000000000098e-01,5.557600000000000318e-01,5.751500000000000501e-01,5.679199999999999804e-01,5.501300000000000079e-01,5.470500000000000362e-01,5.550199999999999578e-01,5.542799999999999949e-01,5.615499999999999936e-01,5.634500000000000064e-01,5.757799999999999585e-01,5.799699999999999855e-01,5.519500000000000517e-01,5.688900000000000068e-01,5.653500000000000192e-01,5.472099999999999742e-01,5.615900000000000336e-01
5.719100000000000295e-01,5.812100000000000044e-01,5.734500000000000153e-01,5.852500000000000480e-01,5.981199999999999850e-01,5.779400000000000093e-01,5.925500000000000211e-01,5.732699999999999463e-01,5.884399999999999631e-01,5.855099999999999749e-01,5.943199999999999594e-01,5.840199999999999836e-01,5.844500000000000250e-01,5.715700000000000225e-01,5.447400000000000020e-01,5.834899999999999531e-01,5.790800000000000392e-01,5.860699999999999799e-01,5.841499999999999471e-01,5.519399999999999862e-01,5.785599999999999632e-01,5.676600000000000534e-01,5.532000000000000250e-01,5.780499999999999527e-01,5.904800000000000049e-01,5.744500000000000162e-01,5.452200000000000379e-01,5.748799999999999466e-01,5.615799999999999681e-01,0.000000000000000000e+00,5.930600000000000316e-01,6.083600000000000119e-01,6.032100000000000239e-01,6.147200000000000442e-01,6.016599999999999726e-01,5.807099999999999485e-01,6.250700000000000145e-01,5.665599999999999525e-01,6.219299999999999828e-01,6.154699999999999616e-01,5.885399999999999521e-01,6.302499999999999769e-01,5.856700000000000239e-01,6.110799999999999566e-01,5.892199999999999660e-01,5.743800000000000017e-01,5.761300000000000310e-01,5.674299999999999899e-01,6.062899999999999956e-01,5.999700000000000033e-01,5.930600000000000316e-01,6.129099999999999548e-01,5.900400000000000089e-01,5.836299999999999821e-01,6.029200000000000115e-01,5.833800000000000097e-01,5.792300000000000226e-01,5.986099999999999755e-01,5.899600000000000399e-01,5.492200000000000415e-01,5.616299999999999626e-01,5.859299999999999509e-01,5.774899999999999478e-01,5.587699999999999889e-01,5.493400000000000505e-01,5.719600000000000239e-01,5.585599999999999454e-01,5.698900000000000077e-01,5.691300000000000248e-01,5.862500000000000488e-01,5.916900000000000492e-01,5.575099999999999500e-01,5.793199999999999461e-01,5.730199999999999738e-01,5.508999999999999453e-01,5.677799999999999514e-01
5.743500000000000272e-01,5.575900000000000301e-01,5.546299999999999564e-01,5.556400000000000228e-01,5.755599999999999605e-01,5.572200000000000486e-01,5.732699999999999463e-01,5.874200000000000532e-01,5.687600000000000433e-01,5.536999999999999700e-01,5.732000000000000428e-01,5.655299999999999772e-01,5.698699999999999877e-01,5.648400000000000087e-01,0.000000000000000000e+00,5.649999999999999467e-01,5.632200000000000539e-01,5.728499999999999703e-01,5.451599999999999779e-01,0.000000000000000000e+00,5.677600000000000424e-01,5.490599999999999925e-01,5.499399999999999844e-01,5.667900000000000160e-01,5.692899999999999627e-01,5.669300000000000450e-01,0.000000000000000000e+00,5.592899999999999539e-01,5.491599999999999815e-01,0.000000000000000000e+00,5.664299999999999891e-01,5.772100000000000009e-01,5.715000000000000080e-01,5.680899999999999839e-01,5.725900000000000434e-01,5.601699999999999458e-01,5.908799999999999608e-01,0.000000000000000000e+00,5.785900000000000487e-01,5.831499999999999462e-01,5.465299999999999603e-01,5.823199999999999488e-01,5.575599999999999445e-01,5.749600000000000266e-01,5.425100000000000477e-01,5.498800000000000354e-01,5.591800000000000104e-01,5.467899999999999983e-01,5.872000000000000552e-01,5.769199999999999884e-01,5.715700000000000225e-01,5.837799999999999656e-01,5.723399999999999599e-01,5.683300000000000018e-01,5.699800000000000422e-01,5.617299999999999516e-01,5.641899999999999693e-01,5.766799999999999704e-01,5.745400000000000507e-01,0.000000000000000000e+00,5.529899999999999816e-01,5.655000000000000027e-01,5.645700000000000163e-01,0.000000000000000000e+00,0.000000000000000000e+00,5.580000000000000515e-01,5.486600000000000366e-01,5.573700000000000321e-01,5.490599999999999925e-01,5.665099999999999580e-01,5.663700000000000401e-01,5.480800000000000116e-01,5.604299999999999837e-01,5.476100000000000412e-01,0.000000000000000000e+00,5.512000000000000233e-01
5.640199999999999658e-01,5.799499999999999655e-01,5.786299999999999777e-01,5.820300000000000473e-01,5.901999999999999469e-01,5.781100000000000128e-01,5.884399999999999631e-01,5.687600000000000433e-01,5.902399999999999869e-01,5.781100000000000128e-01,5.846299999999999830e-01,5.688499999999999668e-01,5.814599999999999769e-01,5.650399999999999867e-01,5.471799999999999997e-01,5.876400000000000512e-01,5.697600000000000442e-01,5.859299999999999509e-01,5.822899999999999743e-01,5.574500000000000011e-01,5.704500000000000126e-01,5.721300000000000274e-01,5.572000000000000286e-01,5.695799999999999752e-01,5.886599999999999611e-01,5.732800000000000118e-01,5.491000000000000325e-01,5.721899999999999764e-01,5.615499999999999936e-01,0.000000000000000000e+00,5.894500000000000295e-01,6.039499999999999869e-01,5.932600000000000096e-01,6.032600000000000184e-01,5.938600000000000545e-01,5.801399999999999890e-01,6.258200000000000429e-01,5.621800000000000130e-01,6.111999999999999655e-01,6.099299999999999722e-01,5.810499999999999554e-01,6.184199999999999697e-01,5.813099999999999934e-01,6.088799999999999768e-01,5.919699999999999962e-01,5.662700000000000511e-01,5.742500000000000382e-01,5.728999999999999648e-01,6.094000000000000528e-01,5.875500000000000167e-01,5.927700000000000191e-01,6.029999999999999805e-01,5.847499999999999920e-01,5.865099999999999758e-01,5.969499999999999806e-01,5.788999999999999702e-01,5.686200000000000143e-01,5.961499999999999577e-01,5.871699999999999697e-01,5.475200000000000067e-01,5.630800000000000249e-01,5.829499999999999682e-01,5.758299999999999530e-01,5.579199999999999715e-01,5.545799999999999619e-01,5.649999999999999467e-01,5.639399999999999968e-01,5.709999999999999520e-01,5.639899999999999913e-01,5.849299999999999500e-01,5.879699999999999926e-01,5.617499999999999716e-01,5.794899999999999496e-01,5.760999999999999455e-01,5.556699999999999973e-01,5.666099999999999470e-01
5.608499999999999597e-01,5.727900000000000214e-01,5.666299999999999670e-01,5.798400000000000221e-01,5.880100000000000326e-01,5.716700000000000115e-01,5.855099999999999749e-01,5.536999999999999700e-01,5.781100000000000128e-01,5.719699999999999784e-01,5.812800000000000189e-01,5.704799999999999871e-01,5.752500000000000391e-01,5.658699999999999841e-01,5.397600000000000176e-01,5.734000000000000208e-01,5.666700000000000070e-01,5.760999999999999455e-01,5.730899999999999883e-01,5.450000000000000400e-01,5.686099999999999488e-01,5.593000000000000194e-01,5.440300000000000136e-01,5.673799999999999955e-01,5.824799999999999978e-01,5.672599999999999865e-01,0.000000000000000000e+00,5.664200000000000346e-01,5.526200000000000001e-01,0.000000000000000000e+00,5.853199999999999514e-01,5.951100000000000279e-01,5.886700000000000266e-01,6.031100000000000350e-01,5.850199999999999845e-01,5.766700000000000159e-01,6.116399999999999615e-01,5.534200000000000230e-01,6.061400000000000121e-01,6.085399999999999698e-01,5.814200000000000479e-01,6.143499999999999517e-01,5.774500000000000188e-01,6.098299999999999832e-01,5.810600000000000209e-01,5.726999999999999869e-01,5.685099999999999598e-01,5.624500000000000055e-01,6.004699999999999482e-01,5.889900000000000135e-01,5.790600000000000191e-01,6.001999999999999558e-01,5.738799999999999457e-01,5.726900000000000324e-01,5.921399999999999997e-01,5.745799999999999796e-01,5.684799999999999853e-01,5.879199999999999982e-01,5.837200000000000166e-01,5.399699999999999500e-01,5.523400000000000531e-01,5.765099999999999669e-01,5.666400000000000325e-01,5.533099999999999685e-01,5.444700000000000095e-01,5.593900000000000539e-01,5.512099999999999778e-01,5.616499999999999826e-01,5.606400000000000272e-01,5.786999999999999922e-01,5.828999999999999737e-01,5.501500000000000279e-01,5.733000000000000318e-01,5.642200000000000548e-01,5.522000000000000242e-01,5.619600000000000151e-01
5.735500000000000043e-01,5.789999999999999591e-01,5.740399999999999947e-01,5.822699999999999543e-01,5.947500000000000009e-01,5.742899999999999672e-01,5.943199999999999594e-01,5.732000000000000428e-01,5.846299999999999830e-01,5.812800000000000189e-01,5.880300000000000527e-01,5.769800000000000484e-01,5.843699999999999450e-01,5.735000000000000098e-01,5.440700000000000536e-01,5.804899999999999505e-01,5.743000000000000327e-01,5.837299999999999711e-01,5.789499999999999647e-01,5.483099999999999641e-01,5.799800000000000511e-01,5.650600000000000067e-01,5.542700000000000404e-01,5.759600000000000275e-01,5.889600000000000390e-01,5.732000000000000428e-01,5.425900000000000167e-01,5.737999999999999767e-01,5.586499999999999799e-01,0.000000000000000000e+00,5.900499999999999634e-01,6.060499999999999776e-01,5.986500000000000155e-01,6.072899999999999965e-01,5.967900000000000427e-01,5.842500000000000471e-01,6.249200000000000310e-01,5.595099999999999518e-01,6.137000000000000233e-01,6.144399999999999862e-01,5.826900000000000412e-01,6.189900000000000402e-01,5.866200000000000303e-01,6.151499999999999746e-01,5.839699999999999891e-01,5.746599999999999486e-01,5.748900000000000121e-01,5.669499999999999540e-01,6.075000000000000400e-01,6.004300000000000193e-01,5.892600000000000060e-01,6.091400000000000148e-01,5.837200000000000166e-01,5.845900000000000540e-01,5.983899999999999775e-01,5.821399999999999908e-01,5.747100000000000541e-01,5.978599999999999470e-01,5.932199999999999696e-01,5.454999999999999849e-01,5.626499999999999835e-01,5.832100000000000062e-01,5.755400000000000515e-01,5.570899999999999741e-01,5.474999999999999867e-01,5.693399999999999572e-01,5.584700000000000220e-01,5.696099999999999497e-01,5.661399999999999766e-01,5.854800000000000004e-01,5.881800000000000361e-01,5.582799999999999985e-01,5.809999999999999609e-01,5.706200000000000161e-01,5.566400000000000237e-01,5.680800000000000294e-01
5.787499999999999867e-01,5.678999999999999604e-01,5.630899999999999794e-01,5.784299999999999997e-01,5.859999999999999654e-01,5.662099999999999911e-01,5.840199999999999836e-01,5.655299999999999772e-01,5.688499999999999668e-01,5.704799999999999871e-01,5.769800000000000484e-01,5.802300000000000235e-01,5.723500000000000254e-01,5.642000000000000348e-01,5.429599999999999982e-01,5.647299999999999542e-01,5.621500000000000385e-01,5.704399999999999471e-01,5.655299999999999772e-01,0.000000000000000000e+00,5.790499999999999536e-01,5.507300000000000528e-01,5.447800000000000420e-01,5.740300000000000402e-01,5.782000000000000473e-01,5.694700000000000317e-01,0.000000000000000000e+00,5.643399999999999528e-01,5.469699999999999562e-01,0.000000000000000000e+00,5.851600000000000135e-01,5.915899999999999492e-01,5.970800000000000551e-01,6.095399999999999707e-01,5.909600000000000408e-01,5.738400000000000167e-01,6.052800000000000402e-01,5.632500000000000284e-01,6.016500000000000181e-01,6.106399999999999606e-01,5.794599999999999751e-01,6.172999999999999599e-01,5.680800000000000294e-01,5.889199999999999990e-01,5.742199999999999527e-01,5.736299999999999732e-01,5.641100000000000003e-01,5.563200000000000367e-01,5.897000000000000020e-01,5.858999999999999764e-01,5.761399999999999855e-01,5.939299999999999580e-01,5.770899999999999919e-01,5.664799999999999836e-01,5.844399999999999595e-01,5.661599999999999966e-01,5.771600000000000064e-01,5.830199999999999827e-01,5.808699999999999974e-01,5.403499999999999970e-01,5.437800000000000411e-01,5.686200000000000143e-01,5.621199999999999530e-01,5.479800000000000226e-01,0.000000000000000000e+00,5.628699999999999815e-01,5.434900000000000286e-01,5.580100000000000060e-01,5.607400000000000162e-01,5.735400000000000498e-01,5.815799999999999859e-01,5.422900000000000498e-01,5.655099999999999572e-01,5.568800000000000416e-01,5.416400000000000103e-01,5.605799999999999672e-01
5.661699999999999511e-01,5.742000000000000437e-01,5.688499999999999668e-01,5.783599999999999852e-01,5.875500000000000167e-01,5.708800000000000541e-01,5.844500000000000250e-01,5.698699999999999877e-01,5.814599999999999769e-01,5.752500000000000391e-01,5.843699999999999450e-01,5.723500000000000254e-01,5.771899999999999809e-01,5.649499999999999522e-01,5.407699999999999729e-01,5.787099999999999467e-01,5.685499999999999998e-01,5.806000000000000050e-01,5.751100000000000101e-01,5.485600000000000476e-01,5.701000000000000512e-01,5.629199999999999759e-01,5.500399999999999734e-01,5.696700000000000097e-01,5.840999999999999526e-01,5.682300000000000129e-01,5.400199999999999445e-01,5.690199999999999703e-01,5.557400000000000118e-01,0.000000000000000000e+00,5.848799999999999555e-01,5.962600000000000122e-01,5.890900000000000025e-01,6.001800000000000468e-01,5.888600000000000501e-01,5.753599999999999826e-01,6.136899999999999578e-01,5.574500000000000011e-01,6.069900000000000295e-01,6.062899999999999956e-01,5.757299999999999640e-01,6.147599999999999731e-01,5.788799999999999502e-01,6.042800000000000393e-01,5.804099999999999815e-01,5.655000000000000027e-01,5.689600000000000213e-01,5.636100000000000554e-01,6.026399999999999535e-01,5.898999999999999799e-01,5.853099999999999969e-01,6.012999999999999456e-01,5.798600000000000421e-01,5.780899999999999928e-01,5.935200000000000475e-01,5.767099999999999449e-01,5.693300000000000027e-01,5.919100000000000472e-01,5.859799999999999454e-01,5.417699999999999738e-01,5.580000000000000515e-01,5.805099999999999705e-01,5.712099999999999955e-01,5.542599999999999749e-01,5.438699999999999646e-01,5.625499999999999945e-01,5.546600000000000419e-01,5.641800000000000148e-01,5.595299999999999718e-01,5.790999999999999481e-01,5.828699999999999992e-01,5.533700000000000285e-01,5.742300000000000182e-01,5.659899999999999931e-01,5.509600000000000053e-01,5.625000000000000000e-01
5.518600000000000172e-01,5.588499999999999579e-01,5.520599999999999952e-01,5.645299999999999763e-01,5.748799999999999466e-01,5.587999999999999634e-01,5.715700000000000225e-01,5.648400000000000087e-01,5.650399999999999867e-01,5.658699999999999841e-01,5.735099999999999643e-01,5.642000000000000348e-01,5.649499999999999522e-01,5.625799999999999690e-01,0.000000000000000000e+00,5.626200000000000090e-01,5.696900000000000297e-01,5.664500000000000091e-01,5.575299999999999701e-01,0.000000000000000000e+00,5.627699999999999925e-01,5.454900000000000304e-01,0.000000000000000000e+00,5.566799999999999526e-01,5.703599999999999781e-01,5.559399999999999897e-01,0.000000000000000000e+00,5.570300000000000251e-01,5.453599999999999559e-01,0.000000000000000000e+00,5.640399999999999858e-01,5.766599999999999504e-01,5.669100000000000250e-01,5.734200000000000408e-01,5.760300000000000420e-01,5.692899999999999627e-01,5.906599999999999628e-01,5.462500000000000133e-01,5.844399999999999595e-01,5.789900000000000047e-01,5.570699999999999541e-01,5.889799999999999480e-01,5.661000000000000476e-01,5.780399999999999983e-01,5.515200000000000102e-01,5.484299999999999731e-01,5.598400000000000043e-01,5.483400000000000496e-01,5.750399999999999956e-01,5.838499999999999801e-01,5.705200000000000271e-01,5.876700000000000257e-01,5.713899999999999535e-01,5.647600000000000398e-01,5.747900000000000231e-01,5.685400000000000453e-01,5.557900000000000063e-01,5.740899999999999892e-01,5.730300000000000393e-01,0.000000000000000000e+00,5.484700000000000131e-01,5.673500000000000210e-01,5.617699999999999916e-01,5.446600000000000330e-01,0.000000000000000000e+00,5.527400000000000091e-01,5.439199999999999591e-01,5.505999999999999783e-01,5.491899999999999560e-01,5.661300000000000221e-01,5.652199999999999447e-01,0.000000000000000000e+00,5.604400000000000492e-01,5.501000000000000334e-01,0.000000000000000000e+00,5.467499999999999583e-01
5.398100000000000120e-01,5.419800000000000173e-01,5.436499999999999666e-01,5.496100000000000430e-01,5.479600000000000026e-01,5.437100000000000266e-01,5.447400000000000020e-01,0.000000000000000000e+00,5.471799999999999997e-01,5.397600000000000176e-01,5.440700000000000536e-01,5.429599999999999982e-01,5.407699999999999729e-01,0.000000000000000000e+00,0.000000000000000000e+00,5.467400000000000038e-01,0.000000000000000000e+00,5.429699999999999527e-01,5.424400000000000333e-01,0.000000000000000000e+00,0.000000000000000000e+00,0.000000000000000000e+00,0.000000000000000000e+00,5.398800000000000265e-01,5.462799999999999878e-01,0.000000000000000000e+00,0.000000000000000000e+00,0.000000000000000000e+00,0.000000000000000000e+00,0.000000000000000000e+00,5.499600000000000044e-01,5.512200000000000433e-01,5.667999999999999705e-01,5.659300000000000441e-01,5.527400000000000091e-01,0.000000000000000000e+00,5.661100000000000021e-01,5.441799999999999971e-01,5.558100000000000263e-01,5.639399999999999968e-01,5.483400000000000496e-01,5.771199999999999664e-01,0.000000000000000000e+00,5.509500000000000508e-01,5.556999999999999718e-01,5.399000000000000465e-01,5.409800000000000164e-01,0.000000000000000000e+00,5.574799999999999756e-01,5.459899999999999753e-01,5.504000000000000004e-01,5.527300000000000546e-01,5.447800000000000420e-01,5.407800000000000384e-01,5.488899999999999890e-01,0.000000000000000000e+00,5.417600000000000193e-01,5.457899999999999974e-01,5.399399999999999755e-01,0.000000000000000000e+00,0.000000000000000000e+00,5.403000000000000025e-01,5.448300000000000365e-01,0.000000000000000000e+00,0.000000000000000000e+00,0.000000000000000000e+00,0.000000000000000000e+00,0.000000000000000000e+00,0.000000000000000000e+00,5.431500000000000217e-01,5.509699999999999598e-01,0.000000000000000000e+00,0.000000000000000000e+00,0.000000000000000000e+00,0.000000000000000000e+00,0.000000000000000000e+00
5.665799999999999725e-01,5.764000000000000234e-01,5.788200000000000012e-01,5.798999999999999710e-01,5.879999999999999671e-01,5.755500000000000060e-01,5.834899999999999531e-01,5.649999999999999467e-01,5.876400000000000512e-01,5.734000000000000208e-01,5.804899999999999505e-01,5.647299999999999542e-01,5.787099999999999467e-01,5.626200000000000090e-01,5.467400000000000038e-01,5.810899999999999954e-01,5.683000000000000274e-01,5.794099999999999806e-01,5.783599999999999852e-01,5.539100000000000135e-01,5.656900000000000261e-01,5.678100000000000369e-01,5.563500000000000112e-01,5.711500000000000465e-01,5.836599999999999566e-01,5.698600000000000332e-01,5.465200000000000058e-01,5.700100000000000167e-01,5.598600000000000243e-01,0.000000000000000000e+00,5.861800000000000344e-01,5.974300000000000166e-01,5.928799999999999626e-01,5.972100000000000186e-01,5.854200000000000514e-01,5.726200000000000179e-01,6.108900000000000441e-01,5.586699999999999999e-01,6.109099999999999531e-01,6.061199999999999921e-01,5.764099999999999779e-01,6.209999999999999964e-01,5.805599999999999650e-01,5.996000000000000218e-01,5.829699999999999882e-01,5.659199999999999786e-01,5.684700000000000308e-01,5.685000000000000053e-01,6.049999999999999822e-01,5.832500000000000462e-01,5.874800000000000022e-01,5.969999999999999751e-01,5.781500000000000528e-01,5.803199999999999470e-01,5.898299999999999654e-01,5.743399999999999617e-01,5.633299999999999974e-01,5.917900000000000382e-01,5.859999999999999654e-01,5.470099999999999962e-01,5.622000000000000330e-01,5.766499999999999959e-01,5.723899999999999544e-01,5.567299999999999471e-01,5.508499999999999508e-01,5.604000000000000092e-01,5.600100000000000078e-01,5.655999999999999917e-01,5.651599999999999957e-01,5.806299999999999795e-01,5.843800000000000106e-01,5.591000000000000414e-01,5.745500000000000052e-01,5.713099999999999845e-01,5.534499999999999975e-01,5.645400000000000418e-01
5.617299999999999516e-01,5.596799999999999553e-01,5.597299999999999498e-01,5.727900000000000214e-01,5.801399999999999890e-01,5.621899999999999675e-01,5.790800000000000392e-01,5.632099999999999884e-01,5.697600000000000442e-01,5.666700000000000070e-01,5.743000000000000327e-01,5.621500000000000385e-01,5.685499999999999998e-01,5.696900000000000297e-01,0.000000000000000000e+00,5.683000000000000274e-01,5.598600000000000243e-01,5.712300000000000155e-01,5.622399999999999620e-01,0.000000000000000000e+00,5.601000000000000423e-01,5.516699999999999937e-01,5.408199999999999674e-01,5.574599999999999556e-01,5.732399999999999718e-01,5.591300000000000159e-01,0.000000000000000000e+00,5.604700000000000237e-01,5.483299999999999841e-01,0.000000000000000000e+00,5.721199999999999619e-01,5.822399999999999798e-01,5.818999999999999728e-01,5.848600000000000465e-01,5.791300000000000336e-01,5.742099999999999982e-01,6.014899999999999691e-01,5.453099999999999614e-01,5.850499999999999590e-01,5.949699999999999989e-01,5.613099999999999756e-01,5.930100000000000371e-01,5.730800000000000338e-01,5.900800000000000489e-01,5.669699999999999740e-01,5.592500000000000249e-01,5.605900000000000327e-01,5.547400000000000109e-01,5.905000000000000249e-01,5.858799999999999564e-01,5.700899999999999856e-01,5.923000000000000487e-01,5.711600000000000010e-01,5.677999999999999714e-01,5.801199999999999690e-01,5.659899999999999931e-01,5.580600000000000005e-01,5.816299999999999804e-01,5.783899999999999597e-01,0.000000000000000000e+00,5.495600000000000485e-01,5.684799999999999853e-01,5.599800000000000333e-01,5.448100000000000165e-01,0.000000000000000000e+00,5.542799999999999949e-01,5.465200000000000058e-01,5.550800000000000178e-01,5.534799999999999720e-01,5.693200000000000482e-01,5.714200000000000390e-01,5.452799999999999869e-01,5.673099999999999810e-01,5.531000000000000361e-01,5.434499999999999886e-01,5.529100000000000126e-01
5.683399999999999563e-01,5.762300000000000200e-01,5.739900000000000002e-01,5.802100000000000035e-01,5.876900000000000457e-01,5.769800000000000484e-01,5.860699999999999799e-01,5.728499999999999703e-01,5.859299999999999509e-01,5.760999999999999455e-01,5.837299999999999711e-01,5.704399999999999471e-01,5.806000000000000050e-01,5.664500000000000091e-01,5.429699999999999527e-01,5.794099999999999806e-01,5.712300000000000155e-01,5.797999999999999821e-01,5.760499999999999510e-01,5.508600000000000163e-01,5.708699999999999886e-01,5.659800000000000386e-01,5.543799999999999839e-01,5.691100000000000048e-01,5.859499999999999709e-01,5.715599999999999570e-01,5.457699999999999774e-01,5.722699999999999454e-01,5.611899999999999666e-01,0.000000000000000000e+00,5.856799999999999784e-01,6.004300000000000193e-01,5.956099999999999728e-01,5.997099999999999653e-01,5.896299999999999875e-01,5.751300000000000301e-01,6.220200000000000173e-01,5.553099999999999703e-01,6.100700000000000012e-01,6.064000000000000501e-01,5.751500000000000501e-01,6.133600000000000163e-01,5.843399999999999705e-01,6.093399999999999928e-01,5.816999999999999948e-01,5.680800000000000294e-01,5.734099999999999753e-01,5.668100000000000360e-01,6.087500000000000133e-01,5.907099999999999573e-01,5.893899999999999695e-01,6.032199999999999784e-01,5.819100000000000383e-01,5.823500000000000343e-01,5.918600000000000527e-01,5.777400000000000313e-01,5.685200000000000253e-01,5.951300000000000479e-01,5.908400000000000318e-01,5.453500000000000014e-01,5.639499999999999513e-01,5.809100000000000374e-01,5.733599999999999808e-01,5.555499999999999883e-01,5.478699999999999681e-01,5.627900000000000125e-01,5.605200000000000182e-01,5.672300000000000120e-01,5.631800000000000139e-01,5.827799999999999647e-01,5.863699999999999468e-01,5.583299999999999930e-01,5.778299999999999548e-01,5.700100000000000167e-01,5.533700000000000285e-01,5.644900000000000473e-01
5.652599999999999847e-01,5.742399999999999727e-01,5.775400000000000533e-01,5.782100000000000017e-01,5.845399999999999485e-01,5.720100000000000184e-01,5.841399999999999926e-01,5.451599999999999779e-01,5.822899999999999743e-01,5.731000000000000538e-01,5.789499999999999647e-01,5.655299999999999772e-01,5.751199999999999646e-01,5.575299999999999701e-01,5.424400000000000333e-01,5.783599999999999852e-01,5.622300000000000075e-01,5.760499999999999510e-01,5.827900000000000302e-01,5.504200000000000204e-01,5.658100000000000351e-01,5.649199999999999777e-01,5.512200000000000433e-01,5.685999999999999943e-01,5.827799999999999647e-01,5.653299999999999992e-01,5.406499999999999639e-01,5.662399999999999656e-01,5.536699999999999955e-01,0.000000000000000000e+00,5.863800000000000123e-01,5.976500000000000146e-01,5.942199999999999704e-01,6.050499999999999767e-01,5.900400000000000089e-01,5.745900000000000452e-01,6.184500000000000552e-01,5.633399999999999519e-01,6.083199999999999719e-01,6.091699999999999893e-01,5.862600000000000033e-01,6.257200000000000539e-01,5.840800000000000436e-01,6.028000000000000025e-01,5.985399999999999610e-01,5.717900000000000205e-01,5.700499999999999456e-01,5.691300000000000248e-01,6.067799999999999860e-01,5.859999999999999654e-01,5.836799999999999766e-01,5.986399999999999499e-01,5.736099999999999532e-01,5.776999999999999913e-01,5.934300000000000130e-01,5.730199999999999738e-01,5.663200000000000456e-01,5.906799999999999828e-01,5.884800000000000031e-01,5.400399999999999645e-01,5.550699999999999523e-01,5.741399999999999837e-01,5.684700000000000308e-01,5.521500000000000297e-01,5.472900000000000542e-01,5.589100000000000179e-01,5.542700000000000404e-01,5.635099999999999554e-01,5.625799999999999690e-01,5.786000000000000032e-01,5.834399999999999586e-01,5.535700000000000065e-01,5.754899999999999460e-01,5.703099999999999836e-01,5.575900000000000301e-01,5.652800000000000047e-01
5.397100000000000231e-01,5.479100000000000081e-01,5.495799999999999574e-01,5.470199999999999507e-01,5.525999999999999801e-01,5.484099999999999531e-01,5.519399999999999862e-01,0.000000000000000000e+00,5.574400000000000466e-01,5.450000000000000400e-01,5.483000000000000096e-01,0.000000000000000000e+00,5.485700000000000021e-01,0.000000000000000000e+00,0.000000000000000000e+00,5.539100000000000135e-01,0.000000000000000000e+00,5.508600000000000163e-01,5.504200000000000204e-01,0.000000000000000000e+00,5.403200000000000225e-01,5.429500000000000437e-01,0.000000000000000000e+00,5.413299999999999779e-01,5.530199999999999561e-01,5.434099999999999486e-01,0.000000000000000000e+00,5.419399999999999773e-01,0.000000000000000000e+00,0.000000000000000000e+00,5.565099999999999492e-01,5.593000000000000194e-01,5.650300000000000322e-01,5.686099999999999488e-01,5.594999999999999973e-01,5.426999999999999602e-01,5.788999999999999702e-01,5.394600000000000506e-01,5.672700000000000520e-01,5.711100000000000065e-01,5.462500000000000133e-01,5.809600000000000319e-01,5.453099999999999614e-01,5.678499999999999659e-01,5.566900000000000182e-01,0.000000000000000000e+00,5.437600000000000211e-01,5.451300000000000034e-01,5.698800000000000532e-01,5.523099999999999676e-01,5.591300000000000159e-01,5.647799999999999487e-01,5.513400000000000523e-01,5.519100000000000117e-01,5.592000000000000304e-01,5.442799999999999860e-01,0.000000000000000000e+00,5.595599999999999463e-01,5.528399999999999981e-01,0.000000000000000000e+00,0.000000000000000000e+00,5.494400000000000395e-01,5.487300000000000511e-01,0.000000000000000000e+00,0.000000000000000000e+00,0.000000000000000000e+00,0.000000000000000000e+00,5.414799999999999613e-01,0.000000000000000000e+00,5.506400000000000183e-01,5.546100000000000474e-01,0.000000000000000000e+00,5.462099999999999733e-01,5.460500000000000353e-01,0.000000000000000000e+00,0.000000000000000000e+00
5.689699999999999758e-01,5.675000000000000044e-01,5.620300000000000296e-01,5.697900000000000187e-01,5.842300000000000271e-01,5.630899999999999794e-01,5.785599999999999632e-01,5.677600000000000424e-01,5.704500000000000126e-01,5.686099999999999488e-01,5.799800000000000511e-01,5.790499999999999536e-01,5.700899999999999856e-01,5.627699999999999925e-01,0.000000000000000000e+00,5.656900000000000261e-01,5.601000000000000423e-01,5.708699999999999886e-01,5.658100000000000351e-01,5.403200000000000225e-01,5.673799999999999955e-01,5.524400000000000421e-01,5.451200000000000490e-01,5.714099999999999735e-01,5.802599999999999980e-01,5.671100000000000030e-01,0.000000000000000000e+00,5.623000000000000220e-01,5.469199999999999617e-01,0.000000000000000000e+00,5.800100000000000255e-01,5.903300000000000214e-01,5.882399999999999851e-01,5.994199999999999529e-01,5.871600000000000152e-01,5.658100000000000351e-01,5.978299999999999725e-01,5.589800000000000324e-01,5.991199999999999859e-01,5.990699999999999914e-01,5.725099999999999634e-01,6.147700000000000387e-01,5.608699999999999797e-01,5.864099999999999868e-01,5.674000000000000155e-01,5.681300000000000239e-01,5.642800000000000038e-01,5.532599999999999740e-01,5.898999999999999799e-01,5.843399999999999705e-01,5.781199999999999672e-01,5.948299999999999699e-01,5.754099999999999770e-01,5.685799999999999743e-01,5.852300000000000280e-01,5.694799999999999862e-01,5.732199999999999518e-01,5.832500000000000462e-01,5.729300000000000503e-01,0.000000000000000000e+00,5.520800000000000152e-01,5.707900000000000196e-01,5.678499999999999659e-01,5.482299999999999951e-01,0.000000000000000000e+00,5.584999999999999964e-01,5.446199999999999930e-01,5.566600000000000437e-01,5.610199999999999632e-01,5.712000000000000410e-01,5.794599999999999751e-01,5.427800000000000402e-01,5.636400000000000299e-01,5.569800000000000306e-01,0.000000000000000000e+00,5.549800000000000288e-01
