6.172100000000000364e-01,5.477400000000000047e-01,5.651500000000000412e-01,5.708699999999999886e-01,5.670300000000000340e-01,5.706999999999999851e-01,5.713300000000000045e-01,5.694700000000000317e-01,5.482000000000000206e-01,5.522599999999999731e-01,5.679600000000000204e-01,5.967299999999999827e-01,5.742300000000000182e-01,5.584700000000000220e-01,5.831199999999999717e-01,5.742599999999999927e-01,5.614599999999999591e-01,5.621000000000000441e-01,5.688800000000000523e-01,5.584700000000000220e-01,5.982100000000000195e-01,5.581899999999999640e-01,5.771399999999999864e-01,6.172199999999999909e-01,5.537100000000000355e-01,5.806900000000000395e-01,5.524799999999999711e-01,5.643700000000000383e-01,5.498199999999999754e-01,5.619300000000000406e-01,5.790499999999999536e-01,5.879199999999999982e-01,6.085800000000000098e-01,6.124500000000000499e-01,6.143899999999999917e-01,5.505299999999999638e-01,5.827200000000000157e-01,6.065500000000000336e-01,5.853300000000000169e-01,6.010999999999999677e-01,5.897499999999999964e-01,5.874899999999999567e-01,0.000000000000000000e+00,5.751500000000000501e-01,6.056599999999999762e-01,5.965599999999999792e-01,5.682300000000000129e-01,5.399000000000000465e-01,5.874700000000000477e-01,5.686600000000000543e-01,5.564200000000000257e-01,5.766000000000000014e-01,5.764399999999999524e-01,5.612899999999999556e-01,5.688699999999999868e-01,5.650199999999999667e-01,5.957200000000000273e-01,5.606900000000000217e-01,0.000000000000000000e+00,5.589699999999999669e-01,5.541099999999999914e-01,5.752000000000000446e-01,5.592799999999999994e-01,5.573500000000000121e-01,5.460800000000000098e-01,5.830899999999999972e-01,5.416400000000000103e-01,5.608899999999999997e-01,6.066200000000000481e-01,5.648699999999999832e-01,5.701000000000000512e-01,5.406199999999999894e-01,5.397600000000000176e-01,5.421099999999999808e-01,0.000000000000000000e+00,5.629300000000000415e-01
5.477400000000000047e-01,5.507100000000000328e-01,5.566999999999999726e-01,5.818299999999999583e-01,5.757100000000000550e-01,5.753099999999999881e-01,5.809199999999999919e-01,5.698100000000000387e-01,5.595499999999999918e-01,5.601399999999999713e-01,5.732099999999999973e-01,5.446499999999999675e-01,5.792300000000000226e-01,5.714000000000000190e-01,5.648100000000000342e-01,5.811899999999999844e-01,5.632300000000000084e-01,5.656400000000000317e-01,5.691000000000000503e-01,5.621500000000000385e-01,5.660800000000000276e-01,5.606900000000000217e-01,5.708100000000000396e-01,5.556799999999999518e-01,5.580699999999999550e-01,5.654400000000000537e-01,5.573700000000000321e-01,5.709199999999999831e-01,5.587800000000000544e-01,5.617400000000000171e-01,5.707999999999999741e-01,5.766900000000000359e-01,5.984099999999999975e-01,5.806900000000000395e-01,5.870100000000000318e-01,5.651699999999999502e-01,5.919699999999999962e-01,5.902199999999999669e-01,5.790800000000000392e-01,5.952100000000000168e-01,5.737499999999999822e-01,5.762899999999999689e-01,5.436199999999999921e-01,5.802800000000000180e-01,5.734500000000000153e-01,5.438899999999999846e-01,5.629300000000000415e-01,5.432000000000000162e-01,5.856200000000000294e-01,5.785799999999999832e-01,5.619100000000000206e-01,5.821899999999999853e-01,5.856000000000000094e-01,5.654099999999999682e-01,5.767600000000000504e-01,5.751199999999999646e-01,5.455200000000000049e-01,5.653700000000000392e-01,5.523400000000000531e-01,5.615200000000000191e-01,5.593099999999999739e-01,5.788900000000000157e-01,5.642599999999999838e-01,5.632300000000000084e-01,5.474099999999999522e-01,5.615499999999999936e-01,5.506499999999999728e-01,5.625599999999999490e-01,5.525400000000000311e-01,5.727200000000000069e-01,5.609800000000000342e-01,5.486199999999999966e-01,5.476400000000000157e-01,5.456999999999999629e-01,0.000000000000000000e+00,5.654799999999999827e-01
5.651500000000000412e-01,5.566999999999999726e-01,5.789699999999999847e-01,5.908099999999999463e-01,5.887900000000000356e-01,5.932399999999999896e-01,5.989999999999999769e-01,5.839699999999999891e-01,5.743599999999999817e-01,5.731899999999999773e-01,5.849600000000000355e-01,5.565799999999999637e-01,5.969400000000000261e-01,5.871600000000000152e-01,5.811600000000000099e-01,6.016200000000000436e-01,5.777200000000000113e-01,5.794200000000000461e-01,5.896900000000000475e-01,5.796799999999999731e-01,5.828900000000000192e-01,5.747200000000000086e-01,5.910499999999999643e-01,5.760699999999999710e-01,5.728699999999999903e-01,5.806499999999999995e-01,5.743899999999999562e-01,5.887599999999999500e-01,5.759100000000000330e-01,5.833099999999999952e-01,5.881100000000000216e-01,5.954399999999999693e-01,6.218900000000000539e-01,6.040799999999999503e-01,6.090600000000000458e-01,5.817600000000000549e-01,6.163199999999999790e-01,6.233100000000000307e-01,5.978099999999999525e-01,6.169499999999999984e-01,5.946599999999999664e-01,5.944399999999999684e-01,5.581899999999999640e-01,5.935399999999999565e-01,5.917200000000000237e-01,5.486199999999999966e-01,5.800300000000000455e-01,5.567800000000000527e-01,6.087599999999999678e-01,5.907799999999999718e-01,5.781199999999999672e-01,5.982499999999999485e-01,6.011800000000000477e-01,5.830600000000000227e-01,5.877299999999999747e-01,5.871800000000000352e-01,5.537900000000000045e-01,5.842000000000000526e-01,5.636900000000000244e-01,5.645299999999999763e-01,5.767900000000000249e-01,5.993800000000000239e-01,5.814300000000000024e-01,5.785799999999999832e-01,5.644099999999999673e-01,5.663599999999999746e-01,5.655599999999999516e-01,5.731399999999999828e-01,5.644400000000000528e-01,5.914800000000000058e-01,5.737799999999999567e-01,5.607499999999999707e-01,5.592799999999999994e-01,5.591300000000000159e-01,0.000000000000000000e+00,5.783899999999999597e-01
5.708699999999999886e-01,5.818299999999999583e-01,5.908099999999999463e-01,6.091999999999999638e-01,6.144399999999999862e-01,6.072999999999999510e-01,6.214300000000000379e-01,6.066799999999999971e-01,5.925899999999999501e-01,5.982600000000000140e-01,6.102100000000000302e-01,5.674000000000000155e-01,6.210400000000000365e-01,6.146899999999999586e-01,5.937299999999999800e-01,6.206800000000000095e-01,6.005200000000000538e-01,6.038599999999999524e-01,6.048400000000000443e-01,6.021100000000000341e-01,6.015399999999999636e-01,5.947999999999999954e-01,6.079700000000000104e-01,5.766999999999999904e-01,5.924300000000000122e-01,5.965099999999999847e-01,5.901300000000000434e-01,6.090499999999999803e-01,5.923699999999999521e-01,6.026200000000000445e-01,6.066099999999999826e-01,6.214199999999999724e-01,6.320099999999999607e-01,6.065199999999999481e-01,6.107399999999999496e-01,6.026299999999999990e-01,6.375999999999999446e-01,6.323100000000000387e-01,6.187099999999999822e-01,6.292200000000000015e-01,6.016299999999999981e-01,5.982199999999999740e-01,5.860899999999999999e-01,6.270200000000000218e-01,5.990400000000000169e-01,5.645900000000000363e-01,5.976500000000000146e-01,5.728100000000000414e-01,6.316199999999999593e-01,6.229000000000000092e-01,5.988599999999999479e-01,6.236899999999999666e-01,6.212299999999999489e-01,6.024399999999999755e-01,6.211100000000000509e-01,6.154399999999999871e-01,5.689600000000000213e-01,6.028599999999999515e-01,5.931899999999999951e-01,5.854200000000000514e-01,5.954399999999999693e-01,6.207200000000000495e-01,5.999700000000000033e-01,5.991699999999999804e-01,5.809600000000000319e-01,5.952399999999999913e-01,5.851600000000000135e-01,5.963699999999999557e-01,5.730800000000000338e-01,6.100799999999999557e-01,5.884599999999999831e-01,5.817299999999999693e-01,5.789600000000000302e-01,5.789199999999999902e-01,5.524499999999999966e-01,5.948299999999999699e-01
5.670300000000000340e-01,5.757100000000000550e-01,5.887900000000000356e-01,6.144399999999999862e-01,6.122499999999999609e-01,6.036200000000000454e-01,6.191699999999999982e-01,5.946500000000000119e-01,5.867499999999999938e-01,5.967400000000000482e-01,6.088400000000000478e-01,5.711300000000000265e-01,6.146700000000000497e-01,6.044300000000000228e-01,5.980199999999999960e-01,6.191400000000000237e-01,5.997000000000000108e-01,5.969200000000000061e-01,6.037700000000000289e-01,5.937200000000000255e-01,6.039200000000000124e-01,5.907599999999999518e-01,6.039600000000000524e-01,5.806000000000000050e-01,5.890100000000000335e-01,5.935599999999999765e-01,5.847200000000000175e-01,6.008000000000000007e-01,5.872600000000000042e-01,5.948299999999999699e-01,6.003100000000000103e-01,6.224100000000000188e-01,6.346399999999999819e-01,6.142800000000000482e-01,6.192499999999999671e-01,5.988999999999999879e-01,6.274199999999999777e-01,6.295699999999999630e-01,6.275399999999999867e-01,6.343999999999999639e-01,6.097399999999999487e-01,6.134399999999999853e-01,5.694200000000000372e-01,6.252199999999999980e-01,6.022199999999999775e-01,5.591500000000000359e-01,6.008400000000000407e-01,5.692500000000000338e-01,6.265300000000000313e-01,6.204199999999999715e-01,5.895399999999999530e-01,6.244800000000000351e-01,6.157599999999999740e-01,5.995000000000000329e-01,6.174100000000000144e-01,6.115000000000000435e-01,5.712899999999999645e-01,6.029999999999999805e-01,5.774299999999999988e-01,5.883000000000000451e-01,5.858200000000000074e-01,6.216599999999999904e-01,5.933100000000000041e-01,5.939900000000000180e-01,5.706999999999999851e-01,5.936200000000000365e-01,5.760100000000000220e-01,5.909699999999999953e-01,5.783899999999999597e-01,6.060200000000000031e-01,5.890699999999999825e-01,5.740600000000000147e-01,5.733200000000000518e-01,5.659600000000000186e-01,5.406699999999999839e-01,5.941100000000000270e-01
5.706999999999999851e-01,5.753099999999999881e-01,5.932399999999999896e-01,6.072999999999999510e-01,6.036200000000000454e-01,6.153499999999999526e-01,6.133999999999999453e-01,6.011199999999999877e-01,5.919999999999999707e-01,5.841899999999999871e-01,5.978900000000000325e-01,5.621399999999999730e-01,6.138000000000000123e-01,5.972100000000000186e-01,6.012499999999999512e-01,6.190499999999999892e-01,5.905599999999999739e-01,5.964399999999999702e-01,5.996899999999999453e-01,5.962600000000000122e-01,5.884500000000000286e-01,5.954199999999999493e-01,6.085700000000000554e-01,5.880900000000000016e-01,5.911499999999999533e-01,5.983899999999999775e-01,5.914800000000000058e-01,6.045700000000000518e-01,5.905599999999999739e-01,5.952899999999999858e-01,6.068999999999999950e-01,6.195199999999999596e-01,6.424499999999999655e-01,6.189799999999999747e-01,6.240099999999999536e-01,5.879299999999999526e-01,6.312299999999999578e-01,6.343800000000000550e-01,6.188000000000000167e-01,6.392299999999999649e-01,6.097700000000000342e-01,6.111299999999999510e-01,5.663200000000000456e-01,6.117399999999999505e-01,6.017200000000000326e-01,5.601300000000000168e-01,5.963199999999999612e-01,5.742800000000000127e-01,6.286800000000000166e-01,6.065599999999999881e-01,5.962100000000000177e-01,6.141299999999999537e-01,6.241400000000000281e-01,6.006899999999999462e-01,5.991800000000000459e-01,6.050999999999999712e-01,5.651199999999999557e-01,5.983500000000000485e-01,5.769900000000000029e-01,5.954500000000000348e-01,5.940299999999999470e-01,6.078599999999999559e-01,5.987700000000000244e-01,5.993399999999999839e-01,5.787299999999999667e-01,5.802199999999999580e-01,5.844899999999999540e-01,5.933699999999999530e-01,5.808400000000000230e-01,6.071999999999999620e-01,5.917499999999999982e-01,5.780600000000000183e-01,5.718299999999999494e-01,5.778799999999999493e-01,0.000000000000000000e+00,5.961400000000000032e-01
5.713300000000000045e-01,5.809199999999999919e-01,5.989999999999999769e-01,6.214300000000000379e-01,6.191699999999999982e-01,6.133999999999999453e-01,6.269400000000000528e-01,6.099999999999999867e-01,5.959299999999999597e-01,6.017799999999999816e-01,6.159299999999999775e-01,5.733099999999999863e-01,6.220200000000000173e-01,6.130900000000000238e-01,6.013699999999999601e-01,6.285300000000000331e-01,6.075599999999999890e-01,6.028599999999999515e-01,6.149599999999999511e-01,6.027500000000000080e-01,6.044899999999999718e-01,5.986900000000000555e-01,6.129700000000000149e-01,5.859799999999999454e-01,5.963300000000000267e-01,6.014000000000000457e-01,5.953399999999999803e-01,6.107399999999999496e-01,5.957599999999999563e-01,6.057799999999999851e-01,6.103499999999999481e-01,6.274600000000000177e-01,6.438399999999999679e-01,6.209599999999999564e-01,6.232400000000000162e-01,6.060600000000000431e-01,6.425899999999999945e-01,6.421200000000000241e-01,6.334100000000000286e-01,6.462400000000000366e-01,6.198099999999999721e-01,6.218599999999999683e-01,5.811399999999999899e-01,6.298599999999999755e-01,6.106500000000000261e-01,5.600100000000000078e-01,6.043899999999999828e-01,5.768100000000000449e-01,6.381099999999999550e-01,6.256099999999999994e-01,5.986399999999999499e-01,6.314300000000000468e-01,6.267200000000000548e-01,6.061999999999999611e-01,6.240499999999999936e-01,6.160400000000000320e-01,5.722199999999999509e-01,6.096099999999999852e-01,5.869999999999999662e-01,5.864000000000000323e-01,5.942600000000000104e-01,6.302900000000000169e-01,6.028999999999999915e-01,5.998099999999999543e-01,5.783500000000000307e-01,5.927599999999999536e-01,5.845500000000000140e-01,5.955899999999999528e-01,5.772899999999999698e-01,6.148099999999999676e-01,5.939400000000000235e-01,5.805299999999999905e-01,5.806200000000000250e-01,5.747100000000000541e-01,5.420500000000000318e-01,6.011400000000000077e-01
5.694700000000000317e-01,5.698100000000000387e-01,5.839699999999999891e-01,6.066799999999999971e-01,5.946500000000000119e-01,6.011199999999999877e-01,6.099999999999999867e-01,6.047299999999999898e-01,5.821899999999999853e-01,5.859799999999999454e-01,5.939999999999999725e-01,5.707499999999999796e-01,6.031600000000000295e-01,5.942899999999999849e-01,5.888900000000000245e-01,6.107200000000000406e-01,5.958700000000000108e-01,5.926399999999999446e-01,5.994199999999999529e-01,5.894099999999999895e-01,5.906700000000000284e-01,5.841300000000000381e-01,6.019600000000000506e-01,5.840999999999999526e-01,5.843500000000000361e-01,5.898299999999999654e-01,5.851899999999999880e-01,5.971600000000000241e-01,5.815500000000000114e-01,5.873399999999999732e-01,5.979700000000000015e-01,5.997099999999999653e-01,6.347000000000000419e-01,6.090600000000000458e-01,6.024000000000000465e-01,5.928799999999999626e-01,6.272199999999999998e-01,6.374800000000000466e-01,6.006399999999999517e-01,6.230400000000000382e-01,5.990600000000000369e-01,5.942899999999999849e-01,5.740300000000000402e-01,6.122100000000000319e-01,6.041299999999999448e-01,5.580699999999999550e-01,5.890300000000000535e-01,5.572399999999999576e-01,6.146700000000000497e-01,5.991699999999999804e-01,5.888400000000000301e-01,6.062999999999999501e-01,6.227599999999999802e-01,5.904300000000000104e-01,6.049799999999999622e-01,5.959200000000000053e-01,5.629300000000000415e-01,5.924000000000000377e-01,5.767200000000000104e-01,5.653799999999999937e-01,5.898299999999999654e-01,6.046899999999999498e-01,5.929600000000000426e-01,5.766799999999999704e-01,5.671100000000000030e-01,5.730800000000000338e-01,5.733700000000000463e-01,5.806099999999999595e-01,5.635400000000000409e-01,6.003699999999999593e-01,5.805000000000000160e-01,5.691800000000000193e-01,5.696299999999999697e-01,5.709600000000000231e-01,0.000000000000000000e+00,5.865500000000000158e-01
5.482000000000000206e-01,5.595499999999999918e-01,5.743599999999999817e-01,5.925899999999999501e-01,5.867499999999999938e-01,5.919999999999999707e-01,5.959299999999999597e-01,5.821899999999999853e-01,5.719100000000000295e-01,5.727499999999999813e-01,5.839100000000000401e-01,5.496100000000000430e-01,5.934399999999999675e-01,5.861800000000000344e-01,5.768400000000000194e-01,5.995899999999999563e-01,5.767700000000000049e-01,5.785900000000000487e-01,5.843399999999999705e-01,5.773800000000000043e-01,5.754500000000000171e-01,5.751500000000000501e-01,5.843199999999999505e-01,5.641599999999999948e-01,5.724000000000000199e-01,5.767099999999999449e-01,5.708400000000000141e-01,5.829999999999999627e-01,5.733000000000000318e-01,5.776299999999999768e-01,5.847400000000000375e-01,5.936299999999999910e-01,6.071800000000000530e-01,5.935799999999999965e-01,5.978099999999999525e-01,5.816500000000000004e-01,6.105300000000000171e-01,6.067599999999999660e-01,5.932199999999999696e-01,6.138000000000000123e-01,5.851800000000000335e-01,5.848900000000000210e-01,5.572200000000000486e-01,5.939799999999999525e-01,5.804599999999999760e-01,5.430300000000000127e-01,5.743000000000000327e-01,5.565400000000000347e-01,5.998799999999999688e-01,5.907999999999999918e-01,5.747700000000000031e-01,5.964500000000000357e-01,5.983300000000000285e-01,5.814200000000000479e-01,5.889299999999999535e-01,5.860100000000000309e-01,5.483000000000000096e-01,5.815399999999999459e-01,5.623200000000000420e-01,5.680899999999999839e-01,5.709400000000000031e-01,5.929699999999999971e-01,5.785700000000000287e-01,5.748699999999999921e-01,5.586200000000000054e-01,5.658499999999999641e-01,5.626999999999999780e-01,5.730300000000000393e-01,5.597499999999999698e-01,5.848900000000000210e-01,5.702300000000000146e-01,5.597800000000000553e-01,5.595499999999999918e-01,5.579699999999999660e-01,0.000000000000000000e+00,5.749900000000000011e-01
5.522599999999999731e-01,5.601399999999999713e-01,5.731899999999999773e-01,5.982600000000000140e-01,5.967400000000000482e-01,5.841899999999999871e-01,6.017900000000000471e-01,5.859799999999999454e-01,5.727499999999999813e-01,5.750600000000000156e-01,5.930600000000000316e-01,5.545499999999999874e-01,5.947400000000000464e-01,5.922600000000000087e-01,5.785500000000000087e-01,5.995099999999999874e-01,5.792399999999999771e-01,5.837099999999999511e-01,5.909299999999999553e-01,5.786499999999999977e-01,5.819800000000000528e-01,5.752800000000000136e-01,5.876200000000000312e-01,5.633700000000000374e-01,5.737400000000000277e-01,5.780399999999999983e-01,5.691000000000000503e-01,5.846299999999999830e-01,5.711399999999999810e-01,5.778200000000000003e-01,5.860899999999999999e-01,5.969200000000000061e-01,6.147200000000000442e-01,5.954199999999999493e-01,5.961699999999999777e-01,5.862100000000000088e-01,6.143600000000000172e-01,6.094899999999999762e-01,6.022199999999999775e-01,6.166300000000000114e-01,5.923000000000000487e-01,5.936399999999999455e-01,5.624500000000000055e-01,6.031199999999999894e-01,5.803500000000000325e-01,5.483400000000000496e-01,5.827299999999999702e-01,5.520599999999999952e-01,6.063699999999999646e-01,6.026399999999999535e-01,5.730100000000000193e-01,6.042399999999999993e-01,5.966599999999999682e-01,5.794899999999999496e-01,5.978700000000000125e-01,5.902600000000000069e-01,5.545400000000000329e-01,5.851600000000000135e-01,5.677600000000000424e-01,5.635599999999999499e-01,5.741500000000000492e-01,5.956099999999999728e-01,5.790199999999999791e-01,5.740100000000000202e-01,5.589699999999999669e-01,5.732599999999999918e-01,5.624900000000000455e-01,5.722000000000000419e-01,5.566299999999999581e-01,5.894800000000000040e-01,5.723000000000000309e-01,5.573799999999999866e-01,5.620399999999999840e-01,5.553500000000000103e-01,0.000000000000000000e+00,5.759199999999999875e-01
5.679600000000000204e-01,5.732000000000000428e-01,5.849600000000000355e-01,6.102100000000000302e-01,6.088400000000000478e-01,5.978900000000000325e-01,6.159299999999999775e-01,5.939999999999999725e-01,5.839100000000000401e-01,5.930600000000000316e-01,6.037000000000000144e-01,5.707499999999999796e-01,6.091199999999999948e-01,6.013699999999999601e-01,5.926900000000000501e-01,6.146200000000000552e-01,5.918099999999999472e-01,5.948499999999999899e-01,6.030299999999999550e-01,5.906200000000000339e-01,6.015399999999999636e-01,5.860300000000000509e-01,6.001800000000000468e-01,5.796499999999999986e-01,5.847499999999999920e-01,5.905500000000000194e-01,5.811199999999999699e-01,5.970699999999999896e-01,5.837900000000000311e-01,5.936500000000000110e-01,5.966200000000000392e-01,6.123499999999999499e-01,6.282600000000000406e-01,6.123399999999999954e-01,6.138299999999999867e-01,5.973899999999999766e-01,6.235100000000000087e-01,6.288300000000000001e-01,6.137399999999999523e-01,6.277500000000000302e-01,6.034199999999999564e-01,6.019099999999999451e-01,5.737600000000000477e-01,6.158099999999999685e-01,5.983300000000000285e-01,5.582899999999999530e-01,5.942800000000000304e-01,5.640100000000000113e-01,6.200299999999999701e-01,6.157000000000000250e-01,5.861100000000000199e-01,6.165500000000000425e-01,6.086000000000000298e-01,5.953399999999999803e-01,6.126000000000000334e-01,6.035099999999999909e-01,5.673799999999999955e-01,5.968799999999999661e-01,5.766700000000000159e-01,5.759300000000000530e-01,5.848100000000000520e-01,6.134399999999999853e-01,5.907900000000000373e-01,5.884599999999999831e-01,5.688499999999999668e-01,5.875899999999999457e-01,5.734799999999999898e-01,5.856700000000000239e-01,5.719499999999999584e-01,6.025700000000000500e-01,5.830999999999999517e-01,5.699600000000000222e-01,5.714599999999999680e-01,5.660699999999999621e-01,5.399800000000000155e-01,5.893599999999999950e-01
5.967299999999999827e-01,5.446499999999999675e-01,5.565799999999999637e-01,5.674000000000000155e-01,5.711300000000000265e-01,5.621399999999999730e-01,5.733099999999999863e-01,5.707499999999999796e-01,5.496100000000000430e-01,5.545499999999999874e-01,5.707600000000000451e-01,5.770399999999999974e-01,5.707499999999999796e-01,5.622399999999999620e-01,5.731500000000000483e-01,5.732899999999999663e-01,5.587900000000000089e-01,5.627900000000000125e-01,5.669499999999999540e-01,5.546299999999999564e-01,5.864899999999999558e-01,5.525700000000000056e-01,5.731100000000000083e-01,5.935099999999999820e-01,5.512200000000000433e-01,5.710699999999999665e-01,5.478499999999999481e-01,5.626100000000000545e-01,5.470199999999999507e-01,5.566499999999999782e-01,5.706599999999999451e-01,5.817799999999999638e-01,6.035899999999999599e-01,5.975200000000000511e-01,5.931499999999999551e-01,5.551399999999999668e-01,5.847400000000000375e-01,6.011900000000000022e-01,5.820400000000000018e-01,5.888799999999999590e-01,5.836400000000000476e-01,5.802399999999999780e-01,0.000000000000000000e+00,5.792100000000000026e-01,5.823399999999999688e-01,5.813300000000000134e-01,5.641899999999999693e-01,0.000000000000000000e+00,5.849400000000000155e-01,5.726900000000000324e-01,5.530199999999999561e-01,5.783300000000000107e-01,5.755599999999999605e-01,5.553799999999999848e-01,5.722500000000000364e-01,5.650899999999999812e-01,5.751100000000000101e-01,5.602700000000000458e-01,0.000000000000000000e+00,5.529899999999999816e-01,5.590899999999999759e-01,5.720899999999999874e-01,5.572700000000000431e-01,5.535099999999999465e-01,5.404400000000000315e-01,5.738699999999999912e-01,5.407499999999999529e-01,5.566699999999999982e-01,5.771699999999999608e-01,5.651500000000000412e-01,5.625700000000000145e-01,0.000000000000000000e+00,5.404400000000000315e-01,0.000000000000000000e+00,0.000000000000000000e+00,5.610600000000000032e-01
5.742300000000000182e-01,5.792300000000000226e-01,5.969299999999999606e-01,6.210400000000000365e-01,6.146700000000000497e-01,6.138000000000000123e-01,6.220200000000000173e-01,6.031600000000000295e-01,5.934399999999999675e-01,5.947400000000000464e-01,6.091199999999999948e-01,5.707499999999999796e-01,6.199099999999999611e-01,6.086099999999999843e-01,5.976799999999999891e-01,6.225699999999999568e-01,6.023399999999999865e-01,5.999200000000000088e-01,6.101900000000000102e-01,5.994899999999999674e-01,6.035399999999999654e-01,5.962699999999999667e-01,6.096399999999999597e-01,5.871699999999999697e-01,5.923899999999999721e-01,5.993300000000000294e-01,5.928400000000000336e-01,6.087799999999999878e-01,5.938400000000000345e-01,6.044399999999999773e-01,6.073100000000000165e-01,6.211100000000000509e-01,6.394499999999999629e-01,6.190400000000000347e-01,6.260400000000000409e-01,6.007799999999999807e-01,6.389200000000000434e-01,6.387899999999999689e-01,6.249900000000000455e-01,6.404300000000000548e-01,6.139799999999999702e-01,6.157500000000000195e-01,5.787400000000000322e-01,6.223199999999999843e-01,6.106700000000000461e-01,5.622800000000000020e-01,6.003300000000000303e-01,5.752099999999999991e-01,6.323100000000000387e-01,6.192900000000000071e-01,5.967500000000000027e-01,6.242299999999999516e-01,6.232199999999999962e-01,6.035899999999999599e-01,6.162900000000000045e-01,6.123100000000000209e-01,5.705000000000000071e-01,6.055099999999999927e-01,5.855000000000000204e-01,5.860100000000000309e-01,5.925099999999999811e-01,6.232999999999999652e-01,6.005599999999999827e-01,5.986900000000000555e-01,5.783099999999999907e-01,5.896000000000000130e-01,5.831300000000000372e-01,5.941499999999999559e-01,5.788999999999999702e-01,6.112900000000000000e-01,5.921999999999999487e-01,5.785700000000000287e-01,5.782500000000000417e-01,5.748299999999999521e-01,5.411700000000000399e-01,5.983699999999999575e-01
5.584700000000000220e-01,5.714000000000000190e-01,5.871600000000000152e-01,6.146899999999999586e-01,6.044300000000000228e-01,5.972100000000000186e-01,6.130900000000000238e-01,5.942899999999999849e-01,5.861800000000000344e-01,5.922600000000000087e-01,6.013699999999999601e-01,5.622399999999999620e-01,6.086099999999999843e-01,5.913399999999999768e-01,5.885799999999999921e-01,6.137700000000000378e-01,5.982600000000000140e-01,5.884099999999999886e-01,6.038999999999999924e-01,5.896299999999999875e-01,5.967000000000000082e-01,5.847200000000000175e-01,5.986399999999999499e-01,5.774899999999999478e-01,5.820699999999999763e-01,5.864399999999999613e-01,5.831899999999999862e-01,5.970100000000000406e-01,5.834099999999999842e-01,5.955500000000000238e-01,5.901100000000000234e-01,6.034199999999999564e-01,6.215699999999999559e-01,6.001300000000000523e-01,6.068999999999999950e-01,5.914800000000000058e-01,6.253900000000000015e-01,6.332299999999999596e-01,6.118400000000000505e-01,6.123699999999999699e-01,5.993699999999999584e-01,6.003100000000000103e-01,5.839499999999999691e-01,6.128400000000000514e-01,6.015300000000000091e-01,5.490599999999999925e-01,5.923399999999999777e-01,5.645700000000000163e-01,6.162699999999999845e-01,6.098799999999999777e-01,5.880800000000000471e-01,6.150499999999999856e-01,6.142800000000000482e-01,5.955700000000000438e-01,6.101499999999999702e-01,6.017200000000000326e-01,5.607600000000000362e-01,5.956399999999999473e-01,5.870400000000000063e-01,5.733000000000000318e-01,5.856099999999999639e-01,6.150900000000000256e-01,5.881999999999999451e-01,5.884500000000000286e-01,5.716999999999999860e-01,5.774599999999999733e-01,5.733700000000000463e-01,5.844300000000000050e-01,5.653399999999999537e-01,6.014800000000000146e-01,5.785500000000000087e-01,5.732500000000000373e-01,5.679300000000000459e-01,5.656499999999999861e-01,0.000000000000000000e+00,5.860100000000000309e-01
5.831199999999999717e-01,5.648100000000000342e-01,5.811600000000000099e-01,5.937299999999999800e-01,5.980199999999999960e-01,6.012499999999999512e-01,6.013699999999999601e-01,5.888900000000000245e-01,5.768499999999999739e-01,5.785500000000000087e-01,5.926900000000000501e-01,5.731500000000000483e-01,5.976799999999999891e-01,5.885799999999999921e-01,6.076899999999999524e-01,6.122999999999999554e-01,5.789499999999999647e-01,5.863199999999999523e-01,5.942300000000000360e-01,5.841100000000000181e-01,5.998099999999999543e-01,5.827799999999999647e-01,6.037900000000000489e-01,5.963399999999999812e-01,5.787600000000000522e-01,5.938299999999999690e-01,5.788699999999999957e-01,5.896000000000000130e-01,5.775400000000000533e-01,5.826900000000000412e-01,5.986200000000000410e-01,6.174300000000000344e-01,6.408000000000000362e-01,6.251999999999999780e-01,6.191200000000000037e-01,5.796299999999999786e-01,6.210299999999999709e-01,6.296500000000000430e-01,6.190499999999999892e-01,6.326300000000000257e-01,6.117399999999999505e-01,6.020199999999999996e-01,5.536900000000000155e-01,6.097900000000000542e-01,5.976399999999999491e-01,5.692899999999999627e-01,5.932199999999999696e-01,5.543299999999999894e-01,6.213999999999999524e-01,5.980999999999999650e-01,5.799299999999999455e-01,6.071699999999999875e-01,6.095500000000000362e-01,5.867799999999999683e-01,5.949200000000000044e-01,5.940900000000000070e-01,5.743200000000000527e-01,5.914399999999999658e-01,5.626499999999999835e-01,5.879299999999999526e-01,5.779699999999999838e-01,5.988599999999999479e-01,5.856500000000000039e-01,5.848299999999999610e-01,5.648600000000000287e-01,5.876900000000000457e-01,5.651300000000000212e-01,5.849199999999999955e-01,5.860300000000000509e-01,5.984500000000000375e-01,5.865099999999999758e-01,5.646499999999999853e-01,5.620399999999999840e-01,5.617600000000000371e-01,0.000000000000000000e+00,5.880100000000000326e-01
5.742599999999999927e-01,5.811899999999999844e-01,6.016200000000000436e-01,6.206800000000000095e-01,6.191400000000000237e-01,6.190400000000000347e-01,6.285300000000000331e-01,6.107200000000000406e-01,5.995899999999999563e-01,5.995099999999999874e-01,6.146200000000000552e-01,5.732899999999999663e-01,6.225699999999999568e-01,6.137700000000000378e-01,6.122999999999999554e-01,6.329099999999999726e-01,6.065599999999999881e-01,6.081900000000000084e-01,6.167399999999999549e-01,6.042699999999999738e-01,6.053399999999999892e-01,5.999999999999999778e-01,6.216399999999999704e-01,5.926900000000000501e-01,6.000900000000000123e-01,6.048200000000000243e-01,5.969999999999999751e-01,6.128200000000000314e-01,5.985800000000000010e-01,6.036899999999999489e-01,6.161100000000000465e-01,6.348700000000000454e-01,6.531200000000000339e-01,6.273100000000000342e-01,6.255199999999999649e-01,6.085599999999999898e-01,6.522400000000000420e-01,6.450299999999999923e-01,6.395699999999999719e-01,6.494400000000000173e-01,6.229200000000000292e-01,6.199900000000000411e-01,5.806499999999999995e-01,6.359200000000000408e-01,6.092100000000000293e-01,5.614400000000000501e-01,6.090200000000000058e-01,5.729999999999999538e-01,6.428000000000000380e-01,6.237099999999999866e-01,6.029700000000000060e-01,6.294999999999999485e-01,6.373999999999999666e-01,6.060100000000000486e-01,6.211699999999999999e-01,6.198099999999999721e-01,5.735999999999999988e-01,6.103699999999999681e-01,5.941100000000000270e-01,5.946000000000000174e-01,6.044199999999999573e-01,6.272699999999999942e-01,6.079499999999999904e-01,6.034599999999999964e-01,5.837299999999999711e-01,5.918900000000000272e-01,5.870800000000000463e-01,5.999799999999999578e-01,5.773800000000000043e-01,6.183699999999999752e-01,5.966700000000000337e-01,5.837099999999999511e-01,5.831800000000000317e-01,5.812699999999999534e-01,5.392099999999999671e-01,6.058099999999999596e-01
5.614599999999999591e-01,5.632300000000000084e-01,5.777200000000000113e-01,6.005200000000000538e-01,5.997000000000000108e-01,5.905599999999999739e-01,6.075599999999999890e-01,5.958700000000000108e-01,5.767700000000000049e-01,5.792399999999999771e-01,5.918099999999999472e-01,5.587900000000000089e-01,6.023399999999999865e-01,5.982600000000000140e-01,5.789499999999999647e-01,6.065599999999999881e-01,5.852600000000000025e-01,5.871100000000000207e-01,5.887599999999999500e-01,5.814799999999999969e-01,5.877400000000000402e-01,5.811699999999999644e-01,5.913199999999999568e-01,5.681199999999999584e-01,5.817400000000000349e-01,5.853899999999999659e-01,5.754500000000000171e-01,5.942300000000000360e-01,5.747700000000000031e-01,5.852500000000000480e-01,5.960800000000000542e-01,6.049600000000000533e-01,6.238399999999999501e-01,5.998400000000000398e-01,6.051999999999999602e-01,5.904500000000000304e-01,6.248399999999999510e-01,6.165199999999999569e-01,6.108900000000000441e-01,6.221400000000000263e-01,5.920699999999999852e-01,5.986700000000000355e-01,5.622899999999999565e-01,6.156399999999999650e-01,5.788799999999999502e-01,5.543099999999999694e-01,5.849499999999999700e-01,5.584599999999999564e-01,6.183699999999999752e-01,6.011199999999999877e-01,5.800699999999999745e-01,6.097599999999999687e-01,6.116599999999999815e-01,5.818699999999999983e-01,5.996299999999999963e-01,5.989600000000000479e-01,5.565299999999999692e-01,5.927299999999999791e-01,5.735099999999999643e-01,5.682800000000000074e-01,5.818699999999999983e-01,6.045700000000000518e-01,5.856599999999999584e-01,5.785700000000000287e-01,5.632599999999999829e-01,5.777600000000000513e-01,5.698400000000000132e-01,5.784399999999999542e-01,5.550800000000000178e-01,5.954800000000000093e-01,5.792300000000000226e-01,5.629100000000000215e-01,5.700300000000000367e-01,5.602099999999999858e-01,0.000000000000000000e+00,5.810600000000000209e-01
5.621000000000000441e-01,5.656400000000000317e-01,5.794200000000000461e-01,6.038599999999999524e-01,5.969200000000000061e-01,5.964399999999999702e-01,6.028599999999999515e-01,5.926399999999999446e-01,5.785900000000000487e-01,5.837099999999999511e-01,5.948400000000000354e-01,5.627900000000000125e-01,5.999200000000000088e-01,5.884099999999999886e-01,5.863199999999999523e-01,6.081900000000000084e-01,5.871100000000000207e-01,5.833000000000000407e-01,5.922699999999999632e-01,5.828799999999999537e-01,5.880999999999999561e-01,5.811300000000000354e-01,5.951300000000000479e-01,5.765799999999999814e-01,5.801199999999999690e-01,5.853300000000000169e-01,5.781399999999999872e-01,5.905700000000000394e-01,5.775599999999999623e-01,5.848400000000000265e-01,5.919699999999999962e-01,6.012699999999999712e-01,6.257200000000000539e-01,6.043300000000000338e-01,6.061699999999999866e-01,5.873699999999999477e-01,6.168900000000000494e-01,6.227899999999999547e-01,6.109499999999999931e-01,6.209799999999999764e-01,5.995500000000000274e-01,6.009400000000000297e-01,5.623000000000000220e-01,6.077200000000000379e-01,5.944199999999999484e-01,5.472099999999999742e-01,5.874700000000000477e-01,5.577999999999999625e-01,6.177300000000000013e-01,5.983699999999999575e-01,5.819999999999999618e-01,6.051999999999999602e-01,6.118900000000000450e-01,5.856000000000000094e-01,6.002399999999999958e-01,5.957999999999999963e-01,5.592599999999999794e-01,5.917299999999999782e-01,5.734099999999999753e-01,5.791500000000000536e-01,5.809699999999999864e-01,6.022399999999999975e-01,5.849800000000000555e-01,5.794599999999999751e-01,5.610300000000000287e-01,5.757499999999999840e-01,5.680300000000000349e-01,5.779400000000000093e-01,5.628499999999999615e-01,5.956000000000000183e-01,5.802100000000000035e-01,5.651500000000000412e-01,5.657900000000000151e-01,5.627699999999999925e-01,0.000000000000000000e+00,5.839499999999999691e-01
5.688800000000000523e-01,5.691100000000000048e-01,5.896900000000000475e-01,6.048400000000000443e-01,6.037700000000000289e-01,5.996899999999999453e-01,6.149599999999999511e-01,5.994199999999999529e-01,5.843399999999999705e-01,5.909299999999999553e-01,6.030299999999999550e-01,5.669499999999999540e-01,6.101900000000000102e-01,6.038999999999999924e-01,5.942300000000000360e-01,6.167399999999999549e-01,5.887599999999999500e-01,5.922699999999999632e-01,6.080900000000000194e-01,5.919799999999999507e-01,5.996000000000000218e-01,5.859299999999999509e-01,6.035000000000000364e-01,5.811199999999999699e-01,5.846999999999999975e-01,5.905099999999999794e-01,5.827900000000000302e-01,5.974199999999999511e-01,5.859400000000000164e-01,5.934300000000000130e-01,5.977099999999999635e-01,6.097299999999999942e-01,6.303800000000000514e-01,6.162300000000000555e-01,6.159099999999999575e-01,6.020600000000000396e-01,6.279099999999999682e-01,6.314100000000000268e-01,6.089900000000000313e-01,6.316699999999999537e-01,6.064000000000000501e-01,6.008499999999999952e-01,5.767700000000000049e-01,6.068999999999999950e-01,5.972899999999999876e-01,5.579499999999999460e-01,5.904500000000000304e-01,5.638600000000000279e-01,6.211900000000000199e-01,6.129000000000000004e-01,5.889699999999999935e-01,6.141600000000000392e-01,6.059799999999999631e-01,5.947099999999999609e-01,6.103199999999999736e-01,5.993699999999999584e-01,5.597499999999999698e-01,5.947599999999999554e-01,5.755299999999999860e-01,5.658900000000000041e-01,5.835200000000000387e-01,6.168599999999999639e-01,5.906299999999999883e-01,5.863599999999999923e-01,5.718299999999999494e-01,5.801300000000000345e-01,5.721699999999999564e-01,5.823700000000000543e-01,5.675900000000000389e-01,6.008700000000000152e-01,5.807400000000000340e-01,5.699600000000000222e-01,5.697600000000000442e-01,5.677499999999999769e-01,0.000000000000000000e+00,5.887599999999999500e-01
5.584700000000000220e-01,5.621500000000000385e-01,5.796799999999999731e-01,6.021100000000000341e-01,5.937200000000000255e-01,5.962600000000000122e-01,6.027500000000000080e-01,5.894200000000000550e-01,5.773800000000000043e-01,5.786400000000000432e-01,5.906200000000000339e-01,5.546299999999999564e-01,5.994899999999999674e-01,5.896299999999999875e-01,5.841100000000000181e-01,6.042699999999999738e-01,5.814799999999999969e-01,5.828799999999999537e-01,5.919799999999999507e-01,5.819699999999999873e-01,5.826500000000000012e-01,5.791899999999999826e-01,5.937200000000000255e-01,5.712399999999999700e-01,5.757900000000000240e-01,5.825000000000000178e-01,5.770199999999999774e-01,5.900999999999999579e-01,5.777999999999999803e-01,5.856999999999999984e-01,5.899999999999999689e-01,5.981300000000000505e-01,6.198900000000000521e-01,5.994599999999999929e-01,6.034000000000000474e-01,5.822100000000000053e-01,6.184100000000000152e-01,6.199000000000000066e-01,6.030100000000000460e-01,6.175399999999999778e-01,5.943399999999999794e-01,5.915200000000000458e-01,5.644299999999999873e-01,6.006099999999999772e-01,5.895700000000000385e-01,5.487699999999999800e-01,5.842800000000000216e-01,5.587499999999999689e-01,6.117599999999999705e-01,5.997700000000000253e-01,5.821800000000000308e-01,6.034300000000000219e-01,6.071900000000000075e-01,5.874800000000000022e-01,5.945200000000000484e-01,5.931699999999999751e-01,5.534299999999999775e-01,5.874000000000000332e-01,5.713399999999999590e-01,5.725500000000000034e-01,5.789800000000000502e-01,5.993699999999999584e-01,5.826799999999999757e-01,5.816500000000000004e-01,5.660899999999999821e-01,5.721100000000000074e-01,5.683399999999999563e-01,5.786099999999999577e-01,5.618300000000000516e-01,5.942600000000000104e-01,5.753500000000000281e-01,5.649300000000000432e-01,5.627799999999999470e-01,5.638400000000000079e-01,0.000000000000000000e+00,5.804899999999999505e-01
5.982100000000000195e-01,5.660800000000000276e-01,5.828900000000000192e-01,6.015399999999999636e-01,6.039200000000000124e-01,5.884500000000000286e-01,6.044899999999999718e-01,5.906700000000000284e-01,5.754500000000000171e-01,5.819800000000000528e-01,6.015399999999999636e-01,5.864899999999999558e-01,6.035399999999999654e-01,5.967000000000000082e-01,5.998099999999999543e-01,6.053399999999999892e-01,5.877400000000000402e-01,5.880999999999999561e-01,5.996000000000000218e-01,5.826500000000000012e-01,6.075399999999999689e-01,5.798200000000000021e-01,6.008999999999999897e-01,6.030200000000000005e-01,5.763599999999999834e-01,5.944000000000000394e-01,5.744500000000000162e-01,5.921899999999999942e-01,5.744500000000000162e-01,5.895899999999999475e-01,5.966500000000000137e-01,6.110999999999999766e-01,6.331900000000000306e-01,6.221100000000000518e-01,6.189500000000000002e-01,5.888900000000000245e-01,6.214499999999999469e-01,6.243699999999999806e-01,6.129099999999999548e-01,6.261900000000000244e-01,6.093499999999999472e-01,6.044300000000000228e-01,5.634200000000000319e-01,6.124399999999999844e-01,6.044100000000000028e-01,5.821100000000000163e-01,5.907200000000000228e-01,5.550599999999999978e-01,6.202400000000000135e-01,6.050600000000000422e-01,5.786700000000000177e-01,6.094500000000000473e-01,5.993300000000000294e-01,5.838200000000000056e-01,6.045800000000000063e-01,5.951699999999999768e-01,5.845900000000000540e-01,5.899400000000000199e-01,5.670399999999999885e-01,5.740499999999999492e-01,5.785200000000000342e-01,6.068299999999999805e-01,5.831899999999999862e-01,5.815000000000000169e-01,5.622000000000000330e-01,5.951800000000000423e-01,5.644500000000000073e-01,5.823000000000000398e-01,5.881800000000000361e-01,5.923899999999999721e-01,5.843300000000000161e-01,5.612700000000000466e-01,5.641199999999999548e-01,5.586400000000000254e-01,0.000000000000000000e+00,5.868299999999999628e-01
