6.238799999999999901e-01,5.772399999999999753e-01,6.096500000000000252e-01,6.110400000000000276e-01,5.849800000000000555e-01,5.952199999999999713e-01,5.833800000000000097e-01,6.272499999999999742e-01,5.895200000000000440e-01,5.870199999999999863e-01,5.932899999999999840e-01,6.217799999999999994e-01,5.756799999999999695e-01,5.696799999999999642e-01,5.946399999999999464e-01,6.204300000000000370e-01,5.929100000000000481e-01,5.919499999999999762e-01,5.929600000000000426e-01,5.806299999999999795e-01,6.272699999999999942e-01,5.866900000000000448e-01,5.922399999999999887e-01,6.302499999999999769e-01,5.634400000000000519e-01,6.024399999999999755e-01,5.744799999999999907e-01,5.661500000000000421e-01,5.864300000000000068e-01,5.540399999999999769e-01,5.971199999999999841e-01,5.935799999999999965e-01,6.191600000000000437e-01,6.278899999999999482e-01,6.011199999999999877e-01,5.933199999999999585e-01,6.233999999999999542e-01,6.036299999999999999e-01,6.089299999999999713e-01,6.093699999999999672e-01,6.129299999999999748e-01,6.173199999999999799e-01,5.659300000000000441e-01,6.206599999999999895e-01,6.261299999999999644e-01,5.989900000000000224e-01,5.708299999999999486e-01,6.145100000000000007e-01,6.009700000000000042e-01,5.700800000000000312e-01,5.853199999999999514e-01,5.746799999999999686e-01,6.189500000000000002e-01,5.891800000000000370e-01,5.710899999999999865e-01,5.857700000000000129e-01,6.062400000000000011e-01,5.764200000000000434e-01,5.621500000000000385e-01,5.759900000000000020e-01,5.769999999999999574e-01,5.941100000000000270e-01,5.965200000000000502e-01,5.699600000000000222e-01,5.547299999999999454e-01,6.172100000000000364e-01,5.573099999999999721e-01,5.784299999999999997e-01,6.185599999999999987e-01,5.692199999999999482e-01,5.777999999999999803e-01,5.692199999999999482e-01,5.756700000000000150e-01,5.578699999999999770e-01,0.000000000000000000e+00,5.799900000000000055e-01
5.772399999999999753e-01,5.739999999999999547e-01,6.016299999999999981e-01,5.967400000000000482e-01,5.880199999999999871e-01,5.985000000000000320e-01,5.916700000000000292e-01,5.981400000000000050e-01,5.971699999999999786e-01,5.810699999999999754e-01,5.924000000000000377e-01,5.804000000000000270e-01,5.795500000000000096e-01,5.855799999999999894e-01,5.689899999999999958e-01,6.084300000000000264e-01,5.976000000000000201e-01,6.032699999999999729e-01,5.890900000000000025e-01,5.806999999999999940e-01,5.936700000000000310e-01,5.854300000000000059e-01,5.855500000000000149e-01,5.835799999999999876e-01,5.750499999999999501e-01,5.931300000000000461e-01,5.856099999999999639e-01,5.697799999999999532e-01,5.815599999999999659e-01,5.848299999999999610e-01,5.955200000000000493e-01,5.816799999999999748e-01,6.066899999999999515e-01,6.127799999999999914e-01,5.990400000000000169e-01,5.985000000000000320e-01,6.108400000000000496e-01,5.771699999999999608e-01,5.905799999999999939e-01,6.062400000000000011e-01,6.025300000000000100e-01,6.000299999999999523e-01,5.824300000000000033e-01,6.045199999999999463e-01,5.991600000000000259e-01,5.453700000000000214e-01,5.741399999999999837e-01,6.067000000000000171e-01,5.951899999999999968e-01,5.789299999999999446e-01,5.869999999999999662e-01,5.787700000000000067e-01,5.966799999999999882e-01,5.968599999999999461e-01,5.719300000000000495e-01,5.830199999999999827e-01,5.752099999999999991e-01,5.862699999999999578e-01,5.822100000000000053e-01,5.636799999999999589e-01,5.730600000000000138e-01,5.908700000000000063e-01,5.982600000000000140e-01,5.772399999999999753e-01,5.657100000000000461e-01,5.927799999999999736e-01,5.743300000000000072e-01,5.794300000000000006e-01,5.769800000000000484e-01,5.800499999999999545e-01,5.800800000000000400e-01,5.800699999999999745e-01,5.801100000000000145e-01,5.691199999999999593e-01,0.000000000000000000e+00,5.765200000000000324e-01
6.096500000000000252e-01,6.016299999999999981e-01,6.420500000000000096e-01,6.319399999999999462e-01,6.237899999999999556e-01,6.319399999999999462e-01,6.242799999999999461e-01,6.369299999999999962e-01,6.310499999999999998e-01,6.083100000000000174e-01,6.313400000000000123e-01,6.140799999999999592e-01,6.122699999999999809e-01,6.154699999999999616e-01,5.941499999999999559e-01,6.451599999999999557e-01,6.321700000000000097e-01,6.436800000000000299e-01,6.272100000000000453e-01,6.126000000000000334e-01,6.258500000000000174e-01,6.166399999999999659e-01,6.197700000000000431e-01,6.186199999999999477e-01,6.008599999999999497e-01,6.260999999999999899e-01,6.156399999999999650e-01,5.944800000000000084e-01,6.126700000000000479e-01,6.099799999999999667e-01,6.328599999999999781e-01,6.139700000000000157e-01,6.503900000000000237e-01,6.638600000000000056e-01,6.390400000000000524e-01,6.337000000000000410e-01,6.499700000000000477e-01,6.138400000000000523e-01,6.301499999999999879e-01,6.488300000000000178e-01,6.520500000000000185e-01,6.478899999999999659e-01,6.110700000000000021e-01,6.462499999999999911e-01,6.380599999999999605e-01,5.640500000000000513e-01,6.014800000000000146e-01,6.610200000000000520e-01,6.382299999999999640e-01,6.057099999999999707e-01,6.248000000000000220e-01,6.095500000000000362e-01,6.226599999999999913e-01,6.391400000000000414e-01,5.989999999999999769e-01,6.167200000000000459e-01,6.101600000000000357e-01,6.207500000000000240e-01,6.079099999999999504e-01,5.937400000000000455e-01,6.012800000000000367e-01,6.263400000000000079e-01,6.363199999999999967e-01,6.127000000000000224e-01,5.933100000000000041e-01,6.276800000000000157e-01,6.047500000000000098e-01,6.129000000000000004e-01,6.048000000000000043e-01,6.108599999999999586e-01,6.157000000000000250e-01,6.083199999999999719e-01,6.115500000000000380e-01,5.997799999999999798e-01,5.556499999999999773e-01,6.140200000000000102e-01
6.110400000000000276e-01,5.967400000000000482e-01,6.319399999999999462e-01,6.364800000000000457e-01,6.282900000000000151e-01,6.225300000000000278e-01,6.270700000000000163e-01,6.432499999999999885e-01,6.244300000000000406e-01,6.203699999999999770e-01,6.341099999999999515e-01,6.230400000000000382e-01,6.126399999999999624e-01,6.241499999999999826e-01,5.906700000000000284e-01,6.488199999999999523e-01,6.364999999999999547e-01,6.334199999999999831e-01,6.204699999999999660e-01,6.054699999999999527e-01,6.330200000000000271e-01,6.082899999999999974e-01,6.145599999999999952e-01,6.150900000000000256e-01,6.000199999999999978e-01,6.226399999999999713e-01,6.090200000000000058e-01,5.998400000000000398e-01,6.123499999999999499e-01,6.157000000000000250e-01,6.272699999999999942e-01,6.265100000000000113e-01,6.452999999999999847e-01,6.602799999999999780e-01,6.429799999999999960e-01,6.427500000000000435e-01,6.621000000000000218e-01,6.125000000000000444e-01,6.351599999999999469e-01,6.404900000000000038e-01,6.416399999999999881e-01,6.394699999999999829e-01,6.228500000000000147e-01,6.602799999999999780e-01,6.441200000000000259e-01,5.632700000000000484e-01,6.097900000000000542e-01,6.357500000000000373e-01,6.379700000000000371e-01,6.149799999999999711e-01,6.191900000000000182e-01,6.145699999999999497e-01,6.324899999999999967e-01,6.273600000000000287e-01,6.077200000000000379e-01,6.224199999999999733e-01,6.209599999999999564e-01,6.193699999999999761e-01,6.148400000000000531e-01,5.823599999999999888e-01,6.014599999999999946e-01,6.275800000000000267e-01,6.355100000000000193e-01,6.029900000000000260e-01,5.841899999999999871e-01,6.362400000000000277e-01,5.961800000000000432e-01,6.016500000000000181e-01,6.044899999999999718e-01,6.071400000000000130e-01,6.085800000000000098e-01,6.008400000000000407e-01,6.108900000000000441e-01,5.930499999999999661e-01,5.559800000000000297e-01,6.059499999999999886e-01
5.849800000000000555e-01,5.880199999999999871e-01,6.237899999999999556e-01,6.282900000000000151e-01,6.142199999999999882e-01,6.141299999999999537e-01,6.156700000000000506e-01,6.324300000000000477e-01,6.158500000000000085e-01,6.099599999999999467e-01,6.218200000000000394e-01,6.059200000000000141e-01,6.011800000000000477e-01,6.075000000000000400e-01,5.691699999999999537e-01,6.342700000000000005e-01,6.224199999999999733e-01,6.211999999999999744e-01,6.087200000000000388e-01,5.961999999999999522e-01,6.130100000000000549e-01,5.970600000000000351e-01,6.018599999999999506e-01,5.973100000000000076e-01,5.880600000000000271e-01,6.051199999999999912e-01,6.016099999999999781e-01,5.881199999999999761e-01,6.007900000000000462e-01,6.121600000000000374e-01,6.139400000000000412e-01,6.157000000000000250e-01,6.246199999999999530e-01,6.405899999999999928e-01,6.240099999999999536e-01,6.273600000000000287e-01,6.453299999999999592e-01,5.978400000000000380e-01,6.266699999999999493e-01,6.178700000000000303e-01,6.271900000000000253e-01,6.237899999999999556e-01,6.148900000000000476e-01,6.423100000000000476e-01,6.241700000000000026e-01,5.436999999999999611e-01,5.946500000000000119e-01,6.285800000000000276e-01,6.223100000000000298e-01,6.055800000000000072e-01,6.055099999999999927e-01,6.034500000000000419e-01,6.269700000000000273e-01,6.155199999999999561e-01,6.034899999999999709e-01,6.118900000000000450e-01,6.045399999999999663e-01,6.078999999999999959e-01,6.035099999999999909e-01,5.647699999999999942e-01,5.929200000000000026e-01,6.169000000000000039e-01,6.183499999999999552e-01,5.915500000000000203e-01,5.715200000000000280e-01,6.190099999999999492e-01,5.850600000000000245e-01,5.920900000000000052e-01,5.868400000000000283e-01,5.979900000000000215e-01,5.930400000000000116e-01,5.921300000000000452e-01,6.008599999999999497e-01,5.837599999999999456e-01,5.476400000000000157e-01,5.949699999999999989e-01
5.952199999999999713e-01,5.985000000000000320e-01,6.319399999999999462e-01,6.225300000000000278e-01,6.141299999999999537e-01,6.266899999999999693e-01,6.189500000000000002e-01,6.304899999999999949e-01,6.278899999999999482e-01,6.060900000000000176e-01,6.235500000000000487e-01,6.028599999999999515e-01,6.070200000000000040e-01,6.118900000000000450e-01,5.888099999999999445e-01,6.388300000000000090e-01,6.300200000000000244e-01,6.376500000000000501e-01,6.171299999999999564e-01,6.080999999999999739e-01,6.184300000000000352e-01,6.102100000000000302e-01,6.155399999999999761e-01,6.020100000000000451e-01,6.013899999999999801e-01,6.204899999999999860e-01,6.138599999999999612e-01,5.919999999999999707e-01,6.069499999999999895e-01,6.101600000000000357e-01,6.240400000000000391e-01,6.165599999999999969e-01,6.462700000000000111e-01,6.517600000000000060e-01,6.315499999999999448e-01,6.308000000000000274e-01,6.490799999999999903e-01,6.094100000000000072e-01,6.243199999999999861e-01,6.324699999999999767e-01,6.350500000000000034e-01,6.329000000000000181e-01,6.113800000000000345e-01,6.490500000000000158e-01,6.291299999999999670e-01,5.431700000000000417e-01,5.981800000000000450e-01,6.427000000000000490e-01,6.299700000000000299e-01,6.012699999999999712e-01,6.164399999999999880e-01,6.073899999999999855e-01,6.277099999999999902e-01,6.331900000000000306e-01,5.965700000000000447e-01,6.116899999999999560e-01,5.995000000000000329e-01,6.143999999999999462e-01,6.076200000000000490e-01,5.835700000000000331e-01,5.986299999999999955e-01,6.190799999999999637e-01,6.292299999999999560e-01,6.010100000000000442e-01,5.840300000000000491e-01,6.185100000000000042e-01,5.997900000000000453e-01,6.053399999999999892e-01,5.913899999999999713e-01,6.068099999999999605e-01,6.064899999999999736e-01,6.031400000000000095e-01,6.036299999999999999e-01,5.934199999999999475e-01,5.507999999999999563e-01,6.015099999999999891e-01
5.833800000000000097e-01,5.916700000000000292e-01,6.242799999999999461e-01,6.270700000000000163e-01,6.156700000000000506e-01,6.189599999999999547e-01,6.189900000000000402e-01,6.353999999999999648e-01,6.182100000000000373e-01,6.117500000000000160e-01,6.235500000000000487e-01,6.047000000000000153e-01,6.068000000000000060e-01,6.094500000000000473e-01,5.735400000000000498e-01,6.344999999999999529e-01,6.242600000000000371e-01,6.284300000000000441e-01,6.084899999999999753e-01,5.969900000000000206e-01,6.177099999999999813e-01,5.996099999999999763e-01,6.035199999999999454e-01,5.959799999999999542e-01,5.929600000000000426e-01,6.085099999999999953e-01,6.039600000000000524e-01,5.921999999999999487e-01,6.024800000000000155e-01,6.051100000000000367e-01,6.188399999999999457e-01,6.166300000000000114e-01,6.333100000000000396e-01,6.455199999999999827e-01,6.288200000000000456e-01,6.293199999999999905e-01,6.491400000000000503e-01,5.980699999999999905e-01,6.273900000000000032e-01,6.266100000000000003e-01,6.294100000000000250e-01,6.288500000000000201e-01,6.113600000000000145e-01,6.462599999999999456e-01,6.237899999999999556e-01,5.419599999999999973e-01,5.990999999999999659e-01,6.321200000000000152e-01,6.248200000000000420e-01,6.050100000000000477e-01,6.075500000000000345e-01,6.052699999999999747e-01,6.290000000000000036e-01,6.190299999999999692e-01,6.066899999999999515e-01,6.120600000000000485e-01,6.048099999999999588e-01,6.109299999999999731e-01,6.046700000000000408e-01,5.695400000000000462e-01,5.973600000000000021e-01,6.194300000000000361e-01,6.240299999999999736e-01,5.924800000000000066e-01,5.745200000000000307e-01,6.228000000000000203e-01,5.907700000000000173e-01,5.947299999999999809e-01,5.863199999999999523e-01,6.021300000000000541e-01,5.988299999999999734e-01,5.949499999999999789e-01,6.034000000000000474e-01,5.866400000000000503e-01,5.478600000000000136e-01,5.993399999999999839e-01
6.272499999999999742e-01,5.981400000000000050e-01,6.369299999999999962e-01,6.432499999999999885e-01,6.324300000000000477e-01,6.304899999999999949e-01,6.354100000000000303e-01,6.624200000000000088e-01,6.327800000000000091e-01,6.171499999999999764e-01,6.431700000000000195e-01,6.312900000000000178e-01,6.164899999999999824e-01,6.289599999999999635e-01,5.937000000000000055e-01,6.575600000000000334e-01,6.401400000000000423e-01,6.451400000000000468e-01,6.247500000000000275e-01,6.140499999999999847e-01,6.483100000000000529e-01,6.160400000000000320e-01,6.228500000000000147e-01,6.268599999999999728e-01,6.070600000000000440e-01,6.308200000000000474e-01,6.178000000000000158e-01,6.003100000000000103e-01,6.158000000000000140e-01,6.100100000000000522e-01,6.336399999999999810e-01,6.349700000000000344e-01,6.561700000000000310e-01,6.715999999999999748e-01,6.471500000000000030e-01,6.516399999999999970e-01,6.712700000000000333e-01,6.142300000000000537e-01,6.512900000000000356e-01,6.412299999999999667e-01,6.537899999999999823e-01,6.530399999999999539e-01,6.240299999999999736e-01,6.764700000000000157e-01,6.447500000000000453e-01,5.686499999999999888e-01,6.104699999999999571e-01,6.440500000000000114e-01,6.429399999999999560e-01,6.129700000000000149e-01,6.228500000000000147e-01,6.168500000000000094e-01,6.433600000000000430e-01,6.345899999999999874e-01,6.128799999999999804e-01,6.267099999999999893e-01,6.231200000000000072e-01,6.255500000000000504e-01,6.130900000000000238e-01,5.771199999999999664e-01,6.121699999999999919e-01,6.381499999999999950e-01,6.453100000000000502e-01,6.007200000000000317e-01,5.834899999999999531e-01,6.433900000000000174e-01,6.001100000000000323e-01,6.029799999999999605e-01,6.048700000000000188e-01,6.155899999999999705e-01,6.110900000000000221e-01,6.061499999999999666e-01,6.163600000000000190e-01,6.008299999999999752e-01,5.544400000000000439e-01,6.147299999999999986e-01
5.895200000000000440e-01,5.971699999999999786e-01,6.310499999999999998e-01,6.244300000000000406e-01,6.158500000000000085e-01,6.278899999999999482e-01,6.182100000000000373e-01,6.327800000000000091e-01,6.239200000000000301e-01,6.056000000000000272e-01,6.242100000000000426e-01,6.039600000000000524e-01,6.050400000000000222e-01,6.140999999999999792e-01,5.858799999999999564e-01,6.401999999999999913e-01,6.305500000000000549e-01,6.372400000000000286e-01,6.173300000000000454e-01,6.094300000000000272e-01,6.158200000000000340e-01,6.102300000000000502e-01,6.121900000000000119e-01,6.016799999999999926e-01,5.996399999999999508e-01,6.173499999999999543e-01,6.126700000000000479e-01,5.905899999999999483e-01,6.074600000000000000e-01,6.110400000000000276e-01,6.228399999999999492e-01,6.152100000000000346e-01,6.365600000000000147e-01,6.495800000000000463e-01,6.288099999999999801e-01,6.335800000000000320e-01,6.495699999999999807e-01,6.052999999999999492e-01,6.259799999999999809e-01,6.323800000000000532e-01,6.346699999999999564e-01,6.294899999999999940e-01,6.129599999999999493e-01,6.464499999999999691e-01,6.252100000000000435e-01,5.420700000000000518e-01,5.972199999999999731e-01,6.428899999999999615e-01,6.327199999999999491e-01,6.036399999999999544e-01,6.157799999999999940e-01,6.063699999999999646e-01,6.238399999999999501e-01,6.326399999999999801e-01,6.003399999999999848e-01,6.133100000000000218e-01,5.990600000000000369e-01,6.147200000000000442e-01,6.087099999999999733e-01,5.797299999999999676e-01,5.975599999999999801e-01,6.240499999999999936e-01,6.283100000000000351e-01,6.022100000000000231e-01,5.836999999999999966e-01,6.156399999999999650e-01,5.989200000000000079e-01,6.031999999999999584e-01,5.901300000000000434e-01,6.054000000000000492e-01,6.044500000000000428e-01,6.032199999999999784e-01,6.055500000000000327e-01,5.937200000000000255e-01,5.510300000000000198e-01,6.011499999999999622e-01
5.870199999999999863e-01,5.810699999999999754e-01,6.083100000000000174e-01,6.203699999999999770e-01,6.099599999999999467e-01,6.060900000000000176e-01,6.117500000000000160e-01,6.171600000000000419e-01,6.056000000000000272e-01,5.950900000000000079e-01,6.139900000000000357e-01,5.958599999999999453e-01,5.964300000000000157e-01,6.093600000000000128e-01,5.687799999999999523e-01,6.246699999999999475e-01,6.098299999999999832e-01,6.173399999999999999e-01,5.985700000000000465e-01,5.907999999999999918e-01,6.059099999999999486e-01,5.903800000000000159e-01,5.929100000000000481e-01,5.898700000000000054e-01,5.845399999999999485e-01,5.986599999999999699e-01,5.931499999999999551e-01,5.830999999999999517e-01,5.928600000000000536e-01,5.969900000000000206e-01,6.063600000000000101e-01,5.972600000000000131e-01,6.222400000000000153e-01,6.327899999999999636e-01,6.137700000000000378e-01,6.262900000000000134e-01,6.355699999999999683e-01,5.861100000000000199e-01,6.096000000000000307e-01,6.173600000000000199e-01,6.193600000000000216e-01,6.190200000000000147e-01,6.078599999999999559e-01,6.360900000000000443e-01,6.162699999999999845e-01,5.480399999999999716e-01,5.874200000000000532e-01,6.141999999999999682e-01,6.189200000000000257e-01,5.967599999999999572e-01,5.946900000000000519e-01,5.961300000000000487e-01,6.098500000000000032e-01,6.029299999999999660e-01,5.951999999999999513e-01,6.046799999999999953e-01,5.969400000000000261e-01,6.007299999999999862e-01,6.026200000000000445e-01,5.633000000000000229e-01,5.823300000000000143e-01,6.088599999999999568e-01,6.110299999999999621e-01,5.858799999999999564e-01,5.672099999999999920e-01,6.145000000000000462e-01,5.793099999999999916e-01,5.850600000000000245e-01,5.802500000000000435e-01,5.909799999999999498e-01,5.897499999999999964e-01,5.834099999999999842e-01,5.958299999999999708e-01,5.773099999999999898e-01,5.495299999999999629e-01,5.900199999999999889e-01
5.932899999999999840e-01,5.924000000000000377e-01,6.313400000000000123e-01,6.341099999999999515e-01,6.218200000000000394e-01,6.235500000000000487e-01,6.235500000000000487e-01,6.431700000000000195e-01,6.242100000000000426e-01,6.139900000000000357e-01,6.296699999999999520e-01,6.111900000000000110e-01,6.087500000000000133e-01,6.178799999999999848e-01,5.761600000000000055e-01,6.451900000000000412e-01,6.310700000000000198e-01,6.347800000000000109e-01,6.180299999999999683e-01,6.037200000000000344e-01,6.224800000000000333e-01,6.046700000000000408e-01,6.099099999999999522e-01,6.048400000000000443e-01,5.972300000000000386e-01,6.155800000000000161e-01,6.088999999999999968e-01,5.939900000000000180e-01,6.092100000000000293e-01,6.074500000000000455e-01,6.237300000000000066e-01,6.258799999999999919e-01,6.418099999999999916e-01,6.559599999999999875e-01,6.351400000000000379e-01,6.410900000000000487e-01,6.597300000000000386e-01,6.052999999999999492e-01,6.375499999999999501e-01,6.285100000000000131e-01,6.411200000000000232e-01,6.349299999999999944e-01,6.192499999999999671e-01,6.543400000000000327e-01,6.261299999999999644e-01,5.412299999999999889e-01,6.021600000000000286e-01,6.404999999999999583e-01,6.338099999999999845e-01,6.105399999999999716e-01,6.143300000000000427e-01,6.084199999999999608e-01,6.337099999999999955e-01,6.281499999999999861e-01,6.080600000000000449e-01,6.214600000000000124e-01,6.088400000000000478e-01,6.156000000000000361e-01,6.096000000000000307e-01,5.720899999999999874e-01,6.002100000000000213e-01,6.291099999999999470e-01,6.320700000000000207e-01,6.013800000000000257e-01,5.798400000000000221e-01,6.270999999999999908e-01,5.955700000000000438e-01,5.987299999999999844e-01,5.918299999999999672e-01,6.076700000000000434e-01,6.030400000000000205e-01,5.987099999999999644e-01,6.069200000000000150e-01,5.921999999999999487e-01,5.492000000000000215e-01,6.038700000000000179e-01
6.217799999999999994e-01,5.804000000000000270e-01,6.140799999999999592e-01,6.230400000000000382e-01,6.059200000000000141e-01,6.028599999999999515e-01,6.047099999999999698e-01,6.312900000000000178e-01,6.039499999999999869e-01,5.958599999999999453e-01,6.111799999999999455e-01,6.199999999999999956e-01,5.935899999999999510e-01,5.938999999999999835e-01,5.844099999999999850e-01,6.266699999999999493e-01,6.043100000000000138e-01,6.083800000000000319e-01,5.985000000000000320e-01,5.877799999999999692e-01,6.236099999999999977e-01,5.912399999999999878e-01,5.973699999999999566e-01,6.206099999999999950e-01,5.758699999999999930e-01,6.072899999999999965e-01,5.863800000000000123e-01,5.817099999999999493e-01,5.924000000000000377e-01,5.809100000000000374e-01,6.091900000000000093e-01,6.016000000000000236e-01,6.283400000000000096e-01,6.439799999999999969e-01,6.176199999999999468e-01,6.131499999999999728e-01,6.342600000000000460e-01,5.993600000000000039e-01,6.153899999999999926e-01,6.235399999999999832e-01,6.267700000000000493e-01,6.269799999999999818e-01,5.959100000000000508e-01,6.341099999999999515e-01,6.332900000000000196e-01,5.885899999999999466e-01,5.827099999999999502e-01,6.203800000000000425e-01,6.186199999999999477e-01,5.904199999999999449e-01,5.955399999999999583e-01,5.907599999999999518e-01,6.189000000000000057e-01,5.992499999999999494e-01,5.847999999999999865e-01,6.009400000000000297e-01,6.105599999999999916e-01,5.941600000000000215e-01,5.879499999999999726e-01,5.716999999999999860e-01,5.849299999999999500e-01,6.019299999999999651e-01,6.115000000000000435e-01,5.807999999999999829e-01,5.632800000000000029e-01,6.227300000000000058e-01,5.731800000000000228e-01,5.856900000000000439e-01,6.095099999999999962e-01,5.846900000000000430e-01,5.896799999999999820e-01,5.800499999999999545e-01,5.930600000000000316e-01,5.724599999999999689e-01,5.409300000000000219e-01,5.922899999999999832e-01
5.756799999999999695e-01,5.795500000000000096e-01,6.122699999999999809e-01,6.126300000000000079e-01,6.011800000000000477e-01,6.070200000000000040e-01,6.068099999999999605e-01,6.164899999999999824e-01,6.050400000000000222e-01,5.964300000000000157e-01,6.087599999999999678e-01,5.935899999999999510e-01,5.967799999999999772e-01,5.948999999999999844e-01,5.667200000000000015e-01,6.191699999999999982e-01,6.108700000000000241e-01,6.185599999999999987e-01,5.965899999999999537e-01,5.861399999999999944e-01,6.038999999999999924e-01,5.897099999999999564e-01,5.936799999999999855e-01,5.867999999999999883e-01,5.828600000000000447e-01,5.982499999999999485e-01,5.930999999999999606e-01,5.819499999999999673e-01,5.903599999999999959e-01,5.894700000000000495e-01,6.074100000000000055e-01,6.014800000000000146e-01,6.209900000000000420e-01,6.312799999999999523e-01,6.155899999999999705e-01,6.094699999999999562e-01,6.285100000000000131e-01,5.879900000000000126e-01,6.102699999999999791e-01,6.149700000000000166e-01,6.179299999999999793e-01,6.170700000000000074e-01,5.966000000000000192e-01,6.306000000000000494e-01,6.145000000000000462e-01,0.000000000000000000e+00,5.862500000000000488e-01,6.220499999999999918e-01,6.140499999999999847e-01,5.925500000000000211e-01,5.959699999999999998e-01,5.934700000000000530e-01,6.115500000000000380e-01,6.087099999999999733e-01,5.911899999999999933e-01,5.996899999999999453e-01,5.939200000000000035e-01,5.994099999999999984e-01,5.935300000000000020e-01,5.652099999999999902e-01,5.869699999999999918e-01,6.053800000000000292e-01,6.134399999999999853e-01,5.861899999999999888e-01,5.667100000000000470e-01,6.099900000000000322e-01,5.823000000000000398e-01,5.880900000000000016e-01,5.781500000000000528e-01,5.923500000000000432e-01,5.911499999999999533e-01,5.850300000000000500e-01,5.917599999999999527e-01,5.766400000000000414e-01,0.000000000000000000e+00,5.890999999999999570e-01
5.696799999999999642e-01,5.855799999999999894e-01,6.154699999999999616e-01,6.241499999999999826e-01,6.075000000000000400e-01,6.118900000000000450e-01,6.094500000000000473e-01,6.289599999999999635e-01,6.140999999999999792e-01,6.093600000000000128e-01,6.178799999999999848e-01,5.938999999999999835e-01,5.948999999999999844e-01,6.044800000000000173e-01,5.657499999999999751e-01,6.368000000000000327e-01,6.232199999999999962e-01,6.143699999999999717e-01,6.098799999999999777e-01,5.980900000000000105e-01,6.085599999999999898e-01,5.984500000000000375e-01,5.969400000000000261e-01,5.894500000000000295e-01,5.845799999999999885e-01,5.989700000000000024e-01,5.993800000000000239e-01,5.836999999999999966e-01,5.991199999999999859e-01,6.076099999999999834e-01,6.114899999999999780e-01,6.037900000000000489e-01,6.167899999999999494e-01,6.350900000000000434e-01,6.188399999999999457e-01,6.250499999999999945e-01,6.420500000000000096e-01,5.954500000000000348e-01,6.158000000000000140e-01,6.135399999999999743e-01,6.191799999999999526e-01,6.181499999999999773e-01,6.119999999999999885e-01,6.439200000000000479e-01,6.254100000000000215e-01,0.000000000000000000e+00,5.898499999999999854e-01,6.228299999999999947e-01,6.164899999999999824e-01,5.973800000000000221e-01,6.005500000000000282e-01,5.959400000000000253e-01,6.238899999999999446e-01,6.160299999999999665e-01,5.998200000000000198e-01,6.059999999999999831e-01,5.954899999999999638e-01,6.012199999999999767e-01,6.013399999999999856e-01,5.597800000000000553e-01,5.894599999999999840e-01,6.188599999999999657e-01,6.140499999999999847e-01,5.947099999999999609e-01,5.714500000000000135e-01,6.104899999999999771e-01,5.831300000000000372e-01,5.875899999999999457e-01,5.769499999999999629e-01,5.936599999999999655e-01,5.870600000000000263e-01,5.900499999999999634e-01,5.945200000000000484e-01,5.796200000000000241e-01,5.424900000000000277e-01,5.884899999999999576e-01
5.946399999999999464e-01,5.689899999999999958e-01,5.941499999999999559e-01,5.906700000000000284e-01,5.691699999999999537e-01,5.888099999999999445e-01,5.735400000000000498e-01,5.937000000000000055e-01,5.858799999999999564e-01,5.687799999999999523e-01,5.761600000000000055e-01,5.844099999999999850e-01,5.667200000000000015e-01,5.657499999999999751e-01,5.756200000000000205e-01,5.948999999999999844e-01,5.835200000000000387e-01,5.862800000000000233e-01,5.812599999999999989e-01,5.711199999999999610e-01,5.928999999999999826e-01,5.757700000000000040e-01,5.826299999999999812e-01,5.942199999999999704e-01,5.610800000000000232e-01,5.895599999999999730e-01,5.735999999999999988e-01,5.554099999999999593e-01,5.732399999999999718e-01,5.577299999999999480e-01,5.850199999999999845e-01,5.737799999999999567e-01,6.068299999999999805e-01,6.081499999999999684e-01,5.874800000000000022e-01,5.814500000000000224e-01,6.027000000000000135e-01,5.847999999999999865e-01,5.860300000000000509e-01,5.977299999999999836e-01,5.968200000000000172e-01,5.960699999999999887e-01,5.626900000000000235e-01,5.990499999999999714e-01,5.976099999999999746e-01,5.596799999999999553e-01,5.602899999999999547e-01,6.082999999999999519e-01,5.846200000000000285e-01,5.582700000000000440e-01,5.761699999999999600e-01,5.661199999999999566e-01,5.865000000000000213e-01,5.857900000000000329e-01,5.574099999999999611e-01,5.695299999999999807e-01,5.749800000000000466e-01,5.702800000000000091e-01,5.593399999999999483e-01,5.725099999999999634e-01,5.618699999999999806e-01,5.689800000000000413e-01,5.819199999999999928e-01,5.654299999999999882e-01,5.523799999999999821e-01,5.854099999999999859e-01,5.612200000000000522e-01,5.755200000000000315e-01,5.847499999999999920e-01,5.664099999999999691e-01,5.736900000000000333e-01,5.658300000000000551e-01,5.668499999999999650e-01,5.526499999999999746e-01,0.000000000000000000e+00,5.667299999999999560e-01
6.204300000000000370e-01,6.084300000000000264e-01,6.451599999999999557e-01,6.488199999999999523e-01,6.342700000000000005e-01,6.388300000000000090e-01,6.344999999999999529e-01,6.575600000000000334e-01,6.401999999999999913e-01,6.246699999999999475e-01,6.451900000000000412e-01,6.266699999999999493e-01,6.191699999999999982e-01,6.368000000000000327e-01,5.948999999999999844e-01,6.630800000000000027e-01,6.523600000000000509e-01,6.524999999999999689e-01,6.338300000000000045e-01,6.219599999999999573e-01,6.445800000000000418e-01,6.232900000000000107e-01,6.259000000000000119e-01,6.271099999999999453e-01,6.112199999999999855e-01,6.353799999999999448e-01,6.226399999999999713e-01,6.070900000000000185e-01,6.250000000000000000e-01,6.245500000000000496e-01,6.414600000000000302e-01,6.359900000000000553e-01,6.601399999999999491e-01,6.764099999999999557e-01,6.506199999999999761e-01,6.637600000000000167e-01,6.781000000000000361e-01,6.177000000000000268e-01,6.442799999999999638e-01,6.538100000000000023e-01,6.533299999999999663e-01,6.486100000000000199e-01,6.318200000000000482e-01,6.728600000000000136e-01,6.473700000000000010e-01,5.629399999999999959e-01,6.152400000000000091e-01,6.547100000000000142e-01,6.520899999999999475e-01,6.184399999999999897e-01,6.300000000000000044e-01,6.185300000000000242e-01,6.471900000000000430e-01,6.444199999999999928e-01,6.110600000000000476e-01,6.335300000000000376e-01,6.208500000000000130e-01,6.274999999999999467e-01,6.233600000000000252e-01,5.859400000000000164e-01,6.154899999999999816e-01,6.439500000000000224e-01,6.467300000000000271e-01,6.137399999999999523e-01,5.960499999999999687e-01,6.424699999999999855e-01,6.073899999999999855e-01,6.131799999999999473e-01,6.114600000000000035e-01,6.159200000000000230e-01,6.164699999999999624e-01,6.129900000000000349e-01,6.198799999999999866e-01,6.047000000000000153e-01,5.608899999999999997e-01,6.148700000000000276e-01
5.929100000000000481e-01,5.976000000000000201e-01,6.321700000000000097e-01,6.364999999999999547e-01,6.224199999999999733e-01,6.300200000000000244e-01,6.242600000000000371e-01,6.401299999999999768e-01,6.305500000000000549e-01,6.098299999999999832e-01,6.310700000000000198e-01,6.043100000000000138e-01,6.108700000000000241e-01,6.232199999999999962e-01,5.835200000000000387e-01,6.523600000000000509e-01,6.299099999999999699e-01,6.460700000000000331e-01,6.193800000000000416e-01,6.145000000000000462e-01,6.214899999999999869e-01,6.126700000000000479e-01,6.116599999999999815e-01,6.026799999999999935e-01,6.047599999999999643e-01,6.203899999999999970e-01,6.132199999999999873e-01,5.954700000000000548e-01,6.117200000000000415e-01,6.078799999999999759e-01,6.273600000000000287e-01,6.261999999999999789e-01,6.424400000000000110e-01,6.633900000000000352e-01,6.361799999999999677e-01,6.460399999999999476e-01,6.607499999999999485e-01,6.053100000000000147e-01,6.315100000000000158e-01,6.425100000000000255e-01,6.389399999999999524e-01,6.336500000000000465e-01,6.190700000000000092e-01,6.649599999999999955e-01,6.311299999999999688e-01,5.397499999999999520e-01,6.067799999999999860e-01,6.441599999999999548e-01,6.372900000000000231e-01,6.055000000000000382e-01,6.169599999999999529e-01,6.077599999999999669e-01,6.361499999999999932e-01,6.344800000000000439e-01,6.049299999999999677e-01,6.209400000000000475e-01,6.053699999999999637e-01,6.157399999999999540e-01,6.085599999999999898e-01,5.768799999999999484e-01,6.016099999999999781e-01,6.331700000000000106e-01,6.330400000000000471e-01,6.060799999999999521e-01,5.882300000000000306e-01,6.263600000000000279e-01,6.008200000000000207e-01,6.035599999999999854e-01,5.882699999999999596e-01,6.069900000000000295e-01,6.076399999999999579e-01,6.030400000000000205e-01,6.098799999999999777e-01,5.960999999999999632e-01,5.542700000000000404e-01,6.055899999999999617e-01
5.919499999999999762e-01,6.032699999999999729e-01,6.436800000000000299e-01,6.334199999999999831e-01,6.211900000000000199e-01,6.376500000000000501e-01,6.284300000000000441e-01,6.451400000000000468e-01,6.372400000000000286e-01,6.173399999999999999e-01,6.347800000000000109e-01,6.083800000000000319e-01,6.185599999999999987e-01,6.143699999999999717e-01,5.862800000000000233e-01,6.524999999999999689e-01,6.460700000000000331e-01,6.471200000000000285e-01,6.218399999999999483e-01,6.116500000000000270e-01,6.236599999999999921e-01,6.156599999999999850e-01,6.189900000000000402e-01,6.056000000000000272e-01,6.087700000000000333e-01,6.258599999999999719e-01,6.188299999999999912e-01,5.992499999999999494e-01,6.152800000000000491e-01,6.114699999999999580e-01,6.340599999999999570e-01,6.291499999999999870e-01,6.524299999999999544e-01,6.627100000000000213e-01,6.389299999999999979e-01,6.338000000000000300e-01,6.569199999999999484e-01,6.058700000000000196e-01,6.425499999999999545e-01,6.391499999999999959e-01,6.481299999999999839e-01,6.442299999999999693e-01,6.097599999999999687e-01,6.613299999999999734e-01,6.385399999999999965e-01,0.000000000000000000e+00,6.109099999999999531e-01,6.568699999999999539e-01,6.375300000000000411e-01,6.081499999999999684e-01,6.206000000000000405e-01,6.124100000000000099e-01,6.425100000000000255e-01,6.401499999999999968e-01,6.091499999999999693e-01,6.233600000000000252e-01,6.102199999999999847e-01,6.229900000000000437e-01,6.064500000000000446e-01,5.859400000000000164e-01,6.122499999999999609e-01,6.294699999999999740e-01,6.412999999999999812e-01,6.053899999999999837e-01,5.895299999999999985e-01,6.280599999999999516e-01,6.080200000000000049e-01,6.114399999999999835e-01,5.941600000000000215e-01,6.145599999999999952e-01,6.160600000000000520e-01,6.092999999999999527e-01,6.128000000000000114e-01,6.018000000000000016e-01,5.497999999999999554e-01,6.135199999999999543e-01
5.929600000000000426e-01,5.890900000000000025e-01,6.272100000000000453e-01,6.204699999999999660e-01,6.087200000000000388e-01,6.171299999999999564e-01,6.084899999999999753e-01,6.247500000000000275e-01,6.173300000000000454e-01,5.985700000000000465e-01,6.180299999999999683e-01,5.985000000000000320e-01,5.965899999999999537e-01,6.098799999999999777e-01,5.812599999999999989e-01,6.338300000000000045e-01,6.193800000000000416e-01,6.218399999999999483e-01,6.175699999999999523e-01,6.044199999999999573e-01,6.150499999999999856e-01,6.028900000000000370e-01,6.062699999999999756e-01,6.033199999999999674e-01,5.874899999999999567e-01,6.102100000000000302e-01,6.033500000000000529e-01,5.826099999999999612e-01,6.028000000000000025e-01,5.988099999999999534e-01,6.156000000000000361e-01,5.973699999999999566e-01,6.389899999999999469e-01,6.500299999999999967e-01,6.223400000000000043e-01,6.329200000000000381e-01,6.469899999999999540e-01,6.008000000000000007e-01,6.129499999999999948e-01,6.300200000000000244e-01,6.331999999999999851e-01,6.263199999999999878e-01,6.085000000000000409e-01,6.380299999999999860e-01,6.253800000000000470e-01,0.000000000000000000e+00,5.867999999999999883e-01,6.358899999999999553e-01,6.251799999999999580e-01,5.957599999999999563e-01,6.066099999999999826e-01,5.956900000000000528e-01,6.149799999999999711e-01,6.242799999999999461e-01,5.917599999999999527e-01,6.058999999999999941e-01,5.937999999999999945e-01,6.033699999999999619e-01,6.015599999999999836e-01,5.705299999999999816e-01,5.820300000000000473e-01,6.183600000000000207e-01,6.181400000000000228e-01,5.987700000000000244e-01,5.794700000000000406e-01,6.104899999999999771e-01,5.871199999999999752e-01,5.922100000000000142e-01,5.873899999999999677e-01,5.945599999999999774e-01,5.954399999999999693e-01,5.926000000000000156e-01,5.956799999999999873e-01,5.855900000000000549e-01,5.456400000000000139e-01,5.954800000000000093e-01
5.806299999999999795e-01,5.806900000000000395e-01,6.126000000000000334e-01,6.054699999999999527e-01,5.961999999999999522e-01,6.080999999999999739e-01,5.969799999999999551e-01,6.140499999999999847e-01,6.094300000000000272e-01,5.907999999999999918e-01,6.037200000000000344e-01,5.877799999999999692e-01,5.861399999999999944e-01,5.980900000000000105e-01,5.711199999999999610e-01,6.219599999999999573e-01,6.145000000000000462e-01,6.116500000000000270e-01,6.044199999999999573e-01,5.956700000000000328e-01,6.026399999999999535e-01,5.957000000000000073e-01,5.962300000000000377e-01,5.913899999999999713e-01,5.787799999999999612e-01,5.997400000000000508e-01,5.946700000000000319e-01,5.737900000000000222e-01,5.922600000000000087e-01,5.947599999999999554e-01,6.040200000000000014e-01,5.884399999999999631e-01,6.177500000000000213e-01,6.321400000000000352e-01,6.086700000000000443e-01,6.156099999999999905e-01,6.284499999999999531e-01,5.962600000000000122e-01,6.010299999999999532e-01,6.159400000000000430e-01,6.166800000000000059e-01,6.111600000000000366e-01,5.979900000000000215e-01,6.298599999999999755e-01,6.200499999999999901e-01,0.000000000000000000e+00,5.801600000000000090e-01,6.239500000000000046e-01,6.093300000000000383e-01,5.843599999999999905e-01,5.960499999999999687e-01,5.871899999999999897e-01,6.098700000000000232e-01,6.126700000000000479e-01,5.832199999999999607e-01,5.940600000000000325e-01,5.847200000000000175e-01,5.920800000000000507e-01,5.884599999999999831e-01,5.649499999999999522e-01,5.804099999999999815e-01,6.049799999999999622e-01,6.064300000000000246e-01,5.892100000000000115e-01,5.713599999999999790e-01,5.996700000000000363e-01,5.804500000000000215e-01,5.862600000000000033e-01,5.774000000000000243e-01,5.852000000000000535e-01,5.837900000000000311e-01,5.863699999999999468e-01,5.862000000000000544e-01,5.777999999999999803e-01,0.000000000000000000e+00,5.834200000000000497e-01
6.272699999999999942e-01,5.936700000000000310e-01,6.258500000000000174e-01,6.330200000000000271e-01,6.130100000000000549e-01,6.184300000000000352e-01,6.177099999999999813e-01,6.483100000000000529e-01,6.158200000000000340e-01,6.059099999999999486e-01,6.224800000000000333e-01,6.236099999999999977e-01,6.038999999999999924e-01,6.085599999999999898e-01,5.928999999999999826e-01,6.445800000000000418e-01,6.214899999999999869e-01,6.236599999999999921e-01,6.150499999999999856e-01,6.026399999999999535e-01,6.304300000000000459e-01,6.051800000000000512e-01,6.101900000000000102e-01,6.203400000000000025e-01,5.891399999999999970e-01,6.173100000000000254e-01,6.018299999999999761e-01,5.892399999999999860e-01,6.060499999999999776e-01,5.894899999999999585e-01,6.210200000000000164e-01,6.105199999999999516e-01,6.446899999999999853e-01,6.557100000000000151e-01,6.288599999999999746e-01,6.361599999999999477e-01,6.573799999999999644e-01,6.071100000000000385e-01,6.330900000000000416e-01,6.364699999999999802e-01,6.401200000000000223e-01,6.384300000000000530e-01,6.076899999999999524e-01,6.535100000000000353e-01,6.364199999999999857e-01,5.797700000000000076e-01,5.937500000000000000e-01,6.371200000000000196e-01,6.284600000000000186e-01,5.971100000000000296e-01,6.041100000000000358e-01,5.990900000000000114e-01,6.347699999999999454e-01,6.154600000000000071e-01,6.005500000000000282e-01,6.115899999999999670e-01,6.168799999999999839e-01,6.056899999999999507e-01,5.997099999999999653e-01,5.766700000000000159e-01,5.965300000000000047e-01,6.197399999999999576e-01,6.209099999999999620e-01,5.916299999999999892e-01,5.729999999999999538e-01,6.297199999999999465e-01,5.832600000000000007e-01,5.947599999999999554e-01,6.075300000000000145e-01,5.986599999999999699e-01,6.000600000000000378e-01,5.912399999999999878e-01,6.028599999999999515e-01,5.824500000000000233e-01,5.443799999999999750e-01,6.038599999999999524e-01
