6.657600000000000184e-01,5.809199999999999919e-01,6.054300000000000237e-01,6.145300000000000207e-01,5.916000000000000147e-01,6.017900000000000471e-01,6.103899999999999881e-01,6.588899999999999757e-01,6.111900000000000110e-01,5.974699999999999456e-01,5.915099999999999802e-01,6.306599999999999984e-01,6.125500000000000389e-01,5.554499999999999993e-01,6.134300000000000308e-01,5.706900000000000306e-01,5.958700000000000108e-01,5.973199999999999621e-01,5.940999999999999615e-01,5.686099999999999488e-01,6.375399999999999956e-01,5.720499999999999474e-01,6.018499999999999961e-01,6.391299999999999759e-01,5.982499999999999485e-01,5.936399999999999455e-01,5.727299999999999613e-01,6.059700000000000086e-01,5.877099999999999547e-01,5.752300000000000191e-01,6.025700000000000500e-01,6.696199999999999930e-01,6.626800000000000468e-01,6.316199999999999593e-01,6.670199999999999463e-01,5.992600000000000149e-01,6.273199999999999887e-01,6.450099999999999723e-01,6.395999999999999464e-01,6.449799999999999978e-01,6.323499999999999677e-01,6.560300000000000020e-01,5.856999999999999984e-01,6.239099999999999646e-01,6.521400000000000530e-01,6.427300000000000235e-01,5.896500000000000075e-01,5.914599999999999858e-01,6.442600000000000549e-01,5.903399999999999759e-01,5.921499999999999542e-01,6.193499999999999561e-01,6.262699999999999934e-01,5.937500000000000000e-01,6.289500000000000091e-01,5.957700000000000218e-01,6.580799999999999983e-01,6.242699999999999916e-01,5.775200000000000333e-01,5.835399999999999476e-01,5.832800000000000207e-01,5.989700000000000024e-01,6.079099999999999504e-01,5.842800000000000216e-01,5.744099999999999762e-01,6.035099999999999909e-01,5.903199999999999559e-01,5.799100000000000366e-01,6.257700000000000484e-01,5.850400000000000045e-01,6.108400000000000496e-01,5.531000000000000361e-01,6.077900000000000524e-01,5.837900000000000311e-01,5.815000000000000169e-01,6.100999999999999757e-01
5.809199999999999919e-01,5.429000000000000492e-01,5.592799999999999994e-01,5.633000000000000229e-01,5.488699999999999690e-01,5.592799999999999994e-01,5.604900000000000437e-01,5.804200000000000470e-01,5.651599999999999957e-01,5.569399999999999906e-01,5.453099999999999614e-01,5.575900000000000301e-01,5.626299999999999635e-01,0.000000000000000000e+00,5.544499999999999984e-01,5.463999999999999968e-01,5.594799999999999773e-01,5.579899999999999860e-01,5.503500000000000059e-01,5.434999999999999831e-01,5.641599999999999948e-01,5.447100000000000275e-01,5.552399999999999558e-01,5.654799999999999827e-01,5.537999999999999590e-01,5.485400000000000276e-01,5.451500000000000234e-01,5.617199999999999971e-01,5.483400000000000496e-01,5.466199999999999948e-01,5.536699999999999955e-01,5.869699999999999918e-01,5.883000000000000451e-01,5.623700000000000365e-01,5.846099999999999630e-01,5.616700000000000026e-01,5.832500000000000462e-01,5.836900000000000421e-01,5.726999999999999869e-01,5.678199999999999914e-01,5.647100000000000453e-01,5.790899999999999936e-01,5.673599999999999755e-01,5.717100000000000515e-01,5.794500000000000206e-01,5.625900000000000345e-01,5.482299999999999951e-01,5.474999999999999867e-01,5.801600000000000090e-01,5.514499999999999957e-01,5.510000000000000453e-01,5.696799999999999642e-01,5.766700000000000159e-01,5.538699999999999735e-01,5.742699999999999472e-01,5.519800000000000262e-01,5.753800000000000026e-01,5.711300000000000265e-01,5.526900000000000146e-01,0.000000000000000000e+00,5.500699999999999479e-01,5.581300000000000150e-01,5.637400000000000189e-01,5.470500000000000362e-01,5.438199999999999701e-01,5.502599999999999714e-01,5.560800000000000187e-01,5.407100000000000239e-01,5.586200000000000054e-01,5.519199999999999662e-01,5.596799999999999553e-01,0.000000000000000000e+00,5.616600000000000481e-01,5.500699999999999479e-01,0.000000000000000000e+00,5.566900000000000182e-01
6.054300000000000237e-01,5.592799999999999994e-01,5.790499999999999536e-01,5.786599999999999522e-01,5.578600000000000225e-01,5.766099999999999559e-01,5.771899999999999809e-01,6.156199999999999450e-01,5.792100000000000026e-01,5.721399999999999819e-01,5.630300000000000304e-01,5.795599999999999641e-01,5.827099999999999502e-01,5.476799999999999446e-01,5.708699999999999886e-01,5.533599999999999630e-01,5.746099999999999541e-01,5.777700000000000058e-01,5.708999999999999631e-01,5.545700000000000074e-01,5.862300000000000288e-01,5.574599999999999556e-01,5.769400000000000084e-01,5.871600000000000152e-01,5.735400000000000498e-01,5.626400000000000290e-01,5.579199999999999715e-01,5.812500000000000444e-01,5.663500000000000201e-01,5.656999999999999806e-01,5.727200000000000069e-01,5.996200000000000419e-01,6.104800000000000226e-01,5.942600000000000104e-01,6.068299999999999805e-01,5.872199999999999642e-01,6.002800000000000358e-01,6.069900000000000295e-01,5.809199999999999919e-01,5.953500000000000458e-01,5.972699999999999676e-01,6.041600000000000303e-01,5.998099999999999543e-01,5.873300000000000187e-01,6.170799999999999619e-01,6.134399999999999853e-01,5.652300000000000102e-01,5.753000000000000336e-01,6.041199999999999903e-01,5.672399999999999665e-01,5.708499999999999686e-01,5.875000000000000222e-01,5.921699999999999742e-01,5.683500000000000218e-01,5.927799999999999736e-01,5.675700000000000189e-01,5.968799999999999661e-01,5.927499999999999991e-01,5.772199999999999553e-01,5.515600000000000502e-01,5.666099999999999470e-01,5.765099999999999669e-01,5.844099999999999850e-01,5.662599999999999856e-01,5.652000000000000357e-01,5.712899999999999645e-01,5.778299999999999548e-01,5.634799999999999809e-01,5.930600000000000316e-01,5.705299999999999816e-01,5.810499999999999554e-01,0.000000000000000000e+00,5.825099999999999723e-01,5.630500000000000504e-01,5.623799999999999910e-01,5.815000000000000169e-01
6.145300000000000207e-01,5.633000000000000229e-01,5.786599999999999522e-01,5.899799999999999489e-01,5.821600000000000108e-01,5.838600000000000456e-01,5.918200000000000127e-01,6.166099999999999914e-01,5.859299999999999509e-01,5.905599999999999739e-01,5.734200000000000408e-01,6.036799999999999944e-01,5.918999999999999817e-01,5.633099999999999774e-01,5.787600000000000522e-01,5.612500000000000266e-01,5.867599999999999483e-01,5.832199999999999607e-01,5.667600000000000415e-01,5.583599999999999675e-01,6.071499999999999675e-01,5.570399999999999796e-01,5.770399999999999974e-01,5.961999999999999522e-01,5.823599999999999888e-01,5.724799999999999889e-01,5.585599999999999454e-01,5.900100000000000344e-01,5.697400000000000242e-01,5.635799999999999699e-01,5.795299999999999896e-01,6.250099999999999545e-01,6.221999999999999753e-01,6.035099999999999909e-01,6.225699999999999568e-01,5.916400000000000547e-01,6.096300000000000052e-01,6.253900000000000015e-01,6.011800000000000477e-01,6.070499999999999785e-01,6.008000000000000007e-01,6.068799999999999750e-01,5.948999999999999844e-01,6.057200000000000362e-01,6.241299999999999626e-01,6.078500000000000014e-01,5.715599999999999570e-01,5.686700000000000088e-01,6.076000000000000290e-01,5.785900000000000487e-01,5.679499999999999549e-01,6.000400000000000178e-01,6.088900000000000423e-01,5.745700000000000252e-01,6.161400000000000210e-01,5.812699999999999534e-01,6.256500000000000394e-01,6.005000000000000338e-01,5.738400000000000167e-01,5.589199999999999724e-01,5.711899999999999755e-01,5.951600000000000223e-01,5.922899999999999832e-01,5.745099999999999651e-01,5.544700000000000184e-01,5.904099999999999904e-01,5.766299999999999759e-01,5.590800000000000214e-01,5.891800000000000370e-01,5.773500000000000298e-01,5.884399999999999631e-01,0.000000000000000000e+00,5.907200000000000228e-01,5.660600000000000076e-01,5.637900000000000134e-01,5.829199999999999937e-01
5.916000000000000147e-01,5.488699999999999690e-01,5.578600000000000225e-01,5.821600000000000108e-01,5.699999999999999512e-01,5.628400000000000070e-01,5.724099999999999744e-01,5.848999999999999755e-01,5.658999999999999586e-01,5.742899999999999672e-01,5.577499999999999680e-01,5.792199999999999571e-01,5.705000000000000071e-01,5.465499999999999803e-01,5.601800000000000113e-01,5.462000000000000188e-01,5.703799999999999981e-01,5.585599999999999454e-01,5.497300000000000519e-01,5.435600000000000431e-01,5.821100000000000163e-01,5.434900000000000286e-01,5.547600000000000309e-01,5.708699999999999886e-01,5.591699999999999449e-01,5.544599999999999529e-01,5.444299999999999695e-01,5.684200000000000363e-01,5.519699999999999607e-01,5.524000000000000021e-01,5.607999999999999652e-01,5.974300000000000166e-01,5.898900000000000254e-01,5.731300000000000283e-01,5.952800000000000313e-01,5.620500000000000496e-01,5.916599999999999637e-01,5.944199999999999484e-01,5.838499999999999801e-01,5.761399999999999855e-01,5.712000000000000410e-01,5.884899999999999576e-01,5.685200000000000253e-01,5.833300000000000152e-01,5.885899999999999466e-01,5.695200000000000262e-01,5.513400000000000523e-01,5.471700000000000452e-01,5.845500000000000140e-01,5.655299999999999772e-01,5.476799999999999446e-01,5.755900000000000460e-01,5.866200000000000303e-01,5.576100000000000501e-01,5.915599999999999747e-01,5.648600000000000287e-01,5.956299999999999928e-01,5.778499999999999748e-01,5.551300000000000123e-01,5.410199999999999454e-01,5.494200000000000195e-01,5.725799999999999779e-01,5.672099999999999920e-01,5.542700000000000404e-01,0.000000000000000000e+00,5.690399999999999903e-01,5.536600000000000410e-01,5.410099999999999909e-01,5.627499999999999725e-01,5.570300000000000251e-01,5.626100000000000545e-01,0.000000000000000000e+00,5.672899999999999610e-01,5.469399999999999817e-01,5.459399999999999809e-01,5.613299999999999956e-01
6.017900000000000471e-01,5.592799999999999994e-01,5.766099999999999559e-01,5.838600000000000456e-01,5.628400000000000070e-01,5.738199999999999967e-01,5.784299999999999997e-01,6.085300000000000153e-01,5.788600000000000412e-01,5.733800000000000008e-01,5.610800000000000232e-01,5.790300000000000447e-01,5.821399999999999908e-01,5.484799999999999676e-01,5.695200000000000262e-01,5.551099999999999923e-01,5.758799999999999475e-01,5.762000000000000455e-01,5.683799999999999963e-01,5.549100000000000144e-01,5.891600000000000170e-01,5.552099999999999813e-01,5.741300000000000292e-01,5.856000000000000094e-01,5.732399999999999718e-01,5.615599999999999481e-01,5.568699999999999761e-01,5.801899999999999835e-01,5.633099999999999774e-01,5.578300000000000480e-01,5.692500000000000338e-01,6.083399999999999919e-01,6.126099999999999879e-01,5.906900000000000484e-01,6.065700000000000536e-01,5.854800000000000004e-01,6.025099999999999900e-01,6.086599999999999788e-01,5.881800000000000361e-01,5.954199999999999493e-01,5.916200000000000347e-01,5.994500000000000384e-01,5.906599999999999628e-01,5.906299999999999883e-01,6.096000000000000307e-01,6.003699999999999593e-01,5.636600000000000499e-01,5.650899999999999812e-01,6.001300000000000523e-01,5.667400000000000215e-01,5.654599999999999627e-01,5.893500000000000405e-01,5.948099999999999499e-01,5.675099999999999589e-01,5.939999999999999725e-01,5.688800000000000523e-01,6.003600000000000048e-01,5.883199999999999541e-01,5.701699999999999546e-01,5.532099999999999795e-01,5.652800000000000047e-01,5.769499999999999629e-01,5.836299999999999821e-01,5.634200000000000319e-01,5.576999999999999735e-01,5.710699999999999665e-01,5.710899999999999865e-01,5.577100000000000390e-01,5.861800000000000344e-01,5.691699999999999537e-01,5.796499999999999986e-01,0.000000000000000000e+00,5.805500000000000105e-01,5.620300000000000296e-01,5.569600000000000106e-01,5.755500000000000060e-01
6.103800000000000336e-01,5.604900000000000437e-01,5.771899999999999809e-01,5.918200000000000127e-01,5.724099999999999744e-01,5.784299999999999997e-01,5.834599999999999786e-01,6.086599999999999788e-01,5.806000000000000050e-01,5.819299999999999473e-01,5.684099999999999708e-01,5.903599999999999959e-01,5.844500000000000250e-01,5.522399999999999531e-01,5.732599999999999918e-01,5.552300000000000013e-01,5.805799999999999850e-01,5.753300000000000081e-01,5.681199999999999584e-01,5.555999999999999828e-01,5.977299999999999836e-01,5.560599999999999987e-01,5.735200000000000298e-01,5.899999999999999689e-01,5.747299999999999631e-01,5.662599999999999856e-01,5.582300000000000040e-01,5.830199999999999827e-01,5.662000000000000366e-01,5.665799999999999725e-01,5.742800000000000127e-01,6.149900000000000366e-01,6.157399999999999540e-01,5.941300000000000470e-01,6.122800000000000464e-01,5.810600000000000209e-01,6.101900000000000102e-01,6.118999999999999995e-01,5.987299999999999844e-01,5.960699999999999887e-01,5.951100000000000279e-01,6.090400000000000258e-01,5.892699999999999605e-01,5.972199999999999731e-01,6.105800000000000116e-01,6.004399999999999737e-01,5.665599999999999525e-01,5.637699999999999934e-01,6.063399999999999901e-01,5.733099999999999863e-01,5.645200000000000218e-01,5.915300000000000002e-01,5.983399999999999830e-01,5.699800000000000422e-01,6.034000000000000474e-01,5.742599999999999927e-01,6.099200000000000177e-01,5.933000000000000496e-01,5.699899999999999967e-01,5.533000000000000140e-01,5.660100000000000131e-01,5.854200000000000514e-01,5.859799999999999454e-01,5.678299999999999459e-01,5.539800000000000280e-01,5.804700000000000415e-01,5.708499999999999686e-01,5.562399999999999567e-01,5.863500000000000378e-01,5.718600000000000350e-01,5.810999999999999499e-01,0.000000000000000000e+00,5.826799999999999757e-01,5.610199999999999632e-01,5.582799999999999985e-01,5.803500000000000325e-01
6.588899999999999757e-01,5.804200000000000470e-01,6.156199999999999450e-01,6.166099999999999914e-01,5.848999999999999755e-01,6.085300000000000153e-01,6.086599999999999788e-01,6.602599999999999580e-01,6.141600000000000392e-01,6.044300000000000228e-01,5.856999999999999984e-01,6.202499999999999680e-01,6.135500000000000398e-01,5.625999999999999890e-01,6.042399999999999993e-01,5.839999999999999636e-01,6.036399999999999544e-01,6.056099999999999817e-01,6.059999999999999831e-01,5.822599999999999998e-01,6.393299999999999539e-01,5.813000000000000389e-01,6.128700000000000259e-01,6.312600000000000433e-01,6.029999999999999805e-01,5.901300000000000434e-01,5.806900000000000395e-01,6.104500000000000481e-01,5.924800000000000066e-01,5.885200000000000431e-01,5.998799999999999688e-01,6.447500000000000453e-01,6.629399999999999737e-01,6.324800000000000422e-01,6.459099999999999842e-01,6.158700000000000285e-01,6.348500000000000254e-01,6.499200000000000532e-01,6.304300000000000459e-01,6.277500000000000302e-01,6.391999999999999904e-01,6.522900000000000365e-01,6.277399999999999647e-01,6.175300000000000233e-01,6.574200000000000044e-01,6.622700000000000253e-01,6.000100000000000433e-01,5.964399999999999702e-01,6.449599999999999778e-01,5.859799999999999454e-01,5.934300000000000130e-01,6.234600000000000142e-01,6.324800000000000422e-01,5.931400000000000006e-01,6.304999999999999494e-01,5.937999999999999945e-01,6.510399999999999521e-01,6.242499999999999716e-01,6.001699999999999813e-01,5.815599999999999659e-01,5.944599999999999884e-01,6.038599999999999524e-01,6.223499999999999588e-01,5.938299999999999690e-01,5.850899999999999990e-01,6.099499999999999922e-01,6.034000000000000474e-01,5.826799999999999757e-01,6.319799999999999862e-01,6.000600000000000378e-01,6.185899999999999732e-01,5.593200000000000394e-01,6.115899999999999670e-01,5.879100000000000437e-01,5.756400000000000405e-01,6.098799999999999777e-01
6.111900000000000110e-01,5.651599999999999957e-01,5.792100000000000026e-01,5.859299999999999509e-01,5.658999999999999586e-01,5.788600000000000412e-01,5.806000000000000050e-01,6.141600000000000392e-01,5.855000000000000204e-01,5.749699999999999811e-01,5.629800000000000360e-01,5.843899999999999650e-01,5.842399999999999816e-01,5.491899999999999560e-01,5.765500000000000069e-01,5.602700000000000458e-01,5.784500000000000197e-01,5.796299999999999786e-01,5.716900000000000315e-01,5.622399999999999620e-01,5.945599999999999774e-01,5.610199999999999632e-01,5.767900000000000249e-01,5.924399999999999666e-01,5.763399999999999634e-01,5.679899999999999949e-01,5.600800000000000223e-01,5.834700000000000442e-01,5.682000000000000384e-01,5.626799999999999580e-01,5.734500000000000153e-01,6.118799999999999795e-01,6.172699999999999854e-01,5.929400000000000226e-01,6.132499999999999618e-01,5.874899999999999567e-01,6.073800000000000310e-01,6.109299999999999731e-01,5.928700000000000081e-01,5.985300000000000065e-01,5.954000000000000403e-01,6.039999999999999813e-01,5.920400000000000107e-01,5.919699999999999962e-01,6.097900000000000542e-01,6.041100000000000358e-01,5.661899999999999711e-01,5.704900000000000526e-01,6.080100000000000504e-01,5.680300000000000349e-01,5.701899999999999746e-01,5.923500000000000432e-01,6.005300000000000082e-01,5.719300000000000495e-01,5.955799999999999983e-01,5.710399999999999920e-01,6.059499999999999886e-01,5.951600000000000223e-01,5.727999999999999758e-01,5.557299999999999462e-01,5.683200000000000474e-01,5.764299999999999979e-01,5.873000000000000442e-01,5.671800000000000175e-01,5.637499999999999734e-01,5.751199999999999646e-01,5.767099999999999449e-01,5.610300000000000287e-01,5.905399999999999539e-01,5.727100000000000524e-01,5.860999999999999543e-01,5.406699999999999839e-01,5.867200000000000193e-01,5.662800000000000056e-01,5.590199999999999614e-01,5.805599999999999650e-01
5.974699999999999456e-01,5.569399999999999906e-01,5.721399999999999819e-01,5.905599999999999739e-01,5.742899999999999672e-01,5.733800000000000008e-01,5.819299999999999473e-01,6.044300000000000228e-01,5.749699999999999811e-01,5.737999999999999767e-01,5.661899999999999711e-01,5.822899999999999743e-01,5.816099999999999604e-01,5.579399999999999915e-01,5.663200000000000456e-01,5.530800000000000161e-01,5.770100000000000229e-01,5.742500000000000382e-01,5.642700000000000493e-01,5.510699999999999488e-01,5.902300000000000324e-01,5.512700000000000378e-01,5.704299999999999926e-01,5.787600000000000522e-01,5.722800000000000109e-01,5.612899999999999556e-01,5.536499999999999755e-01,5.783300000000000107e-01,5.621500000000000385e-01,5.601500000000000368e-01,5.684500000000000108e-01,6.020499999999999741e-01,6.038900000000000379e-01,5.903100000000000014e-01,6.033600000000000074e-01,5.872600000000000042e-01,6.095300000000000162e-01,6.077399999999999469e-01,5.878799999999999581e-01,5.974899999999999656e-01,5.915500000000000203e-01,5.969999999999999751e-01,5.958799999999999653e-01,5.977400000000000491e-01,6.100799999999999557e-01,6.010400000000000187e-01,5.638800000000000479e-01,5.559300000000000352e-01,5.973100000000000076e-01,5.734599999999999698e-01,5.547400000000000109e-01,5.903699999999999504e-01,5.945799999999999974e-01,5.633599999999999719e-01,6.023300000000000320e-01,5.704399999999999471e-01,6.017799999999999816e-01,5.894300000000000095e-01,5.749900000000000011e-01,5.467199999999999838e-01,5.610199999999999632e-01,5.839400000000000146e-01,5.832899999999999752e-01,5.619100000000000206e-01,5.519800000000000262e-01,5.743200000000000527e-01,5.675999999999999934e-01,5.541500000000000314e-01,5.810699999999999754e-01,5.687100000000000488e-01,5.770899999999999919e-01,0.000000000000000000e+00,5.829299999999999482e-01,5.574200000000000266e-01,5.622200000000000530e-01,5.752300000000000191e-01
5.915099999999999802e-01,5.453099999999999614e-01,5.630300000000000304e-01,5.734200000000000408e-01,5.577499999999999680e-01,5.610800000000000232e-01,5.684099999999999708e-01,5.856999999999999984e-01,5.629800000000000360e-01,5.661899999999999711e-01,5.518199999999999772e-01,5.721000000000000529e-01,5.684599999999999653e-01,5.408300000000000329e-01,5.588199999999999834e-01,5.429899999999999727e-01,5.653000000000000247e-01,5.626499999999999835e-01,5.519600000000000062e-01,5.407899999999999929e-01,5.800800000000000400e-01,5.430000000000000382e-01,5.605400000000000382e-01,5.727600000000000469e-01,5.592599999999999794e-01,5.512899999999999467e-01,5.440399999999999681e-01,5.665700000000000180e-01,5.495400000000000285e-01,5.463799999999999768e-01,5.574799999999999756e-01,5.872199999999999642e-01,5.899100000000000454e-01,5.741600000000000037e-01,5.871800000000000352e-01,5.699199999999999822e-01,5.883300000000000196e-01,5.920299999999999452e-01,5.727100000000000524e-01,5.796499999999999986e-01,5.788600000000000412e-01,5.874300000000000077e-01,5.728199999999999958e-01,5.765900000000000469e-01,5.939600000000000435e-01,5.853000000000000425e-01,5.517900000000000027e-01,5.511399999999999633e-01,5.835799999999999876e-01,5.591599999999999904e-01,5.510300000000000198e-01,5.758600000000000385e-01,5.784000000000000252e-01,5.534299999999999775e-01,5.846200000000000285e-01,5.602899999999999547e-01,5.918499999999999872e-01,5.753899999999999570e-01,5.591500000000000359e-01,5.424099999999999477e-01,5.491500000000000270e-01,5.682199999999999473e-01,5.696600000000000552e-01,5.537400000000000100e-01,5.433299999999999796e-01,5.642500000000000293e-01,5.569899999999999851e-01,5.458499999999999464e-01,5.699899999999999967e-01,5.571099999999999941e-01,5.648300000000000542e-01,0.000000000000000000e+00,5.668100000000000360e-01,5.479600000000000026e-01,5.483599999999999586e-01,5.638300000000000534e-01
6.306599999999999984e-01,5.575900000000000301e-01,5.795599999999999641e-01,6.036799999999999944e-01,5.792199999999999571e-01,5.790300000000000447e-01,5.903599999999999959e-01,6.202499999999999680e-01,5.843899999999999650e-01,5.822899999999999743e-01,5.721000000000000529e-01,6.067599999999999660e-01,5.903800000000000159e-01,5.526999999999999691e-01,5.876400000000000512e-01,5.513000000000000123e-01,5.735400000000000498e-01,5.794000000000000261e-01,5.697400000000000242e-01,5.537800000000000500e-01,6.113499999999999490e-01,5.541099999999999914e-01,5.795900000000000496e-01,6.047799999999999843e-01,5.757799999999999585e-01,5.748600000000000376e-01,5.530100000000000016e-01,5.848499999999999810e-01,5.654099999999999682e-01,5.605999999999999872e-01,5.789299999999999446e-01,6.168700000000000294e-01,6.281799999999999606e-01,6.116500000000000270e-01,6.242199999999999971e-01,5.859600000000000364e-01,6.093199999999999728e-01,6.204399999999999915e-01,5.930100000000000371e-01,6.170999999999999819e-01,6.130499999999999838e-01,6.194300000000000361e-01,5.872399999999999842e-01,5.981699999999999795e-01,6.221400000000000263e-01,6.207899999999999530e-01,5.729199999999999848e-01,5.654599999999999627e-01,6.091900000000000093e-01,5.732199999999999518e-01,5.676200000000000134e-01,5.945500000000000229e-01,6.003399999999999848e-01,5.698499999999999677e-01,6.071900000000000075e-01,5.776099999999999568e-01,6.321600000000000552e-01,5.975899999999999546e-01,5.720399999999999929e-01,5.626900000000000235e-01,5.676799999999999624e-01,5.869999999999999662e-01,5.921100000000000252e-01,5.688499999999999668e-01,5.565499999999999892e-01,5.874200000000000532e-01,5.735799999999999788e-01,5.592000000000000304e-01,5.978999999999999870e-01,5.701399999999999801e-01,5.901600000000000179e-01,0.000000000000000000e+00,5.891300000000000425e-01,5.644099999999999673e-01,5.625000000000000000e-01,5.877299999999999747e-01
6.125500000000000389e-01,5.626299999999999635e-01,5.827099999999999502e-01,5.918999999999999817e-01,5.705000000000000071e-01,5.821399999999999908e-01,5.844500000000000250e-01,6.135500000000000398e-01,5.842399999999999816e-01,5.816099999999999604e-01,5.684599999999999653e-01,5.903800000000000159e-01,5.868700000000000028e-01,5.536799999999999500e-01,5.723500000000000254e-01,5.611599999999999921e-01,5.808100000000000485e-01,5.810899999999999954e-01,5.745799999999999796e-01,5.575200000000000156e-01,5.969600000000000461e-01,5.588699999999999779e-01,5.774299999999999988e-01,5.917499999999999982e-01,5.780600000000000183e-01,5.664900000000000491e-01,5.608400000000000052e-01,5.857700000000000129e-01,5.703099999999999836e-01,5.675599999999999534e-01,5.741100000000000092e-01,6.149400000000000421e-01,6.191299999999999581e-01,5.984800000000000120e-01,6.135399999999999743e-01,5.904000000000000359e-01,6.117899999999999450e-01,6.189299999999999802e-01,6.009100000000000552e-01,6.005599999999999827e-01,6.009499999999999842e-01,6.112699999999999800e-01,5.998200000000000198e-01,6.046099999999999808e-01,6.211400000000000254e-01,6.090799999999999548e-01,5.700899999999999856e-01,5.683399999999999563e-01,6.083199999999999719e-01,5.749400000000000066e-01,5.669600000000000195e-01,5.954199999999999493e-01,6.032499999999999529e-01,5.709800000000000431e-01,6.055099999999999927e-01,5.755599999999999605e-01,6.103100000000000191e-01,5.956900000000000528e-01,5.770199999999999774e-01,5.534900000000000375e-01,5.702899999999999636e-01,5.878999999999999782e-01,5.911399999999999988e-01,5.682599999999999874e-01,5.592200000000000504e-01,5.796000000000000041e-01,5.759900000000000020e-01,5.612500000000000266e-01,5.911300000000000443e-01,5.753200000000000536e-01,5.857700000000000129e-01,0.000000000000000000e+00,5.871899999999999897e-01,5.652300000000000102e-01,5.619699999999999696e-01,5.833700000000000552e-01
5.554499999999999993e-01,0.000000000000000000e+00,5.476799999999999446e-01,5.633099999999999774e-01,5.465499999999999803e-01,5.484799999999999676e-01,5.522399999999999531e-01,5.625999999999999890e-01,5.491899999999999560e-01,5.579399999999999915e-01,5.408300000000000329e-01,5.526999999999999691e-01,5.536799999999999500e-01,5.407999999999999474e-01,0.000000000000000000e+00,0.000000000000000000e+00,5.521500000000000297e-01,5.479000000000000536e-01,5.435999999999999721e-01,0.000000000000000000e+00,5.557699999999999863e-01,0.000000000000000000e+00,0.000000000000000000e+00,5.451700000000000434e-01,5.449100000000000055e-01,0.000000000000000000e+00,0.000000000000000000e+00,5.537400000000000100e-01,0.000000000000000000e+00,5.425499999999999767e-01,5.432599999999999651e-01,5.598699999999999788e-01,5.646799999999999597e-01,5.542399999999999549e-01,5.657699999999999951e-01,5.626900000000000235e-01,5.760899999999999910e-01,5.849199999999999955e-01,5.558400000000000007e-01,5.436100000000000376e-01,5.516600000000000392e-01,5.659800000000000386e-01,5.729699999999999793e-01,5.616999999999999771e-01,5.756900000000000350e-01,5.456800000000000539e-01,5.407800000000000384e-01,0.000000000000000000e+00,5.592500000000000249e-01,5.474299999999999722e-01,0.000000000000000000e+00,5.585200000000000164e-01,5.685299999999999798e-01,5.408500000000000529e-01,5.764299999999999979e-01,5.455999999999999739e-01,5.645200000000000218e-01,5.594799999999999773e-01,5.507300000000000528e-01,0.000000000000000000e+00,0.000000000000000000e+00,5.637499999999999734e-01,5.539800000000000280e-01,5.412900000000000489e-01,0.000000000000000000e+00,5.510899999999999688e-01,5.414299999999999669e-01,0.000000000000000000e+00,5.431099999999999817e-01,5.481899999999999551e-01,5.447499999999999565e-01,0.000000000000000000e+00,5.500000000000000444e-01,0.000000000000000000e+00,0.000000000000000000e+00,5.413499999999999979e-01
6.134300000000000308e-01,5.544499999999999984e-01,5.708699999999999886e-01,5.787600000000000522e-01,5.601800000000000113e-01,5.695200000000000262e-01,5.732599999999999918e-01,6.042399999999999993e-01,5.765500000000000069e-01,5.663200000000000456e-01,5.588199999999999834e-01,5.876400000000000512e-01,5.723500000000000254e-01,0.000000000000000000e+00,5.851899999999999880e-01,5.449800000000000200e-01,5.592000000000000304e-01,5.646999999999999797e-01,5.595900000000000318e-01,5.489000000000000545e-01,5.947500000000000009e-01,5.507699999999999818e-01,5.743300000000000072e-01,5.991699999999999804e-01,5.664400000000000546e-01,5.656099999999999461e-01,5.498800000000000354e-01,5.717499999999999805e-01,5.539500000000000535e-01,5.476400000000000157e-01,5.703000000000000291e-01,6.086799999999999988e-01,6.174600000000000088e-01,5.866700000000000248e-01,6.105000000000000426e-01,5.597499999999999698e-01,5.822199999999999598e-01,5.939900000000000180e-01,5.828699999999999992e-01,5.978499999999999925e-01,5.917599999999999527e-01,6.045500000000000318e-01,5.583700000000000330e-01,5.702500000000000346e-01,6.067099999999999715e-01,5.897999999999999909e-01,5.580899999999999750e-01,5.612300000000000066e-01,5.972699999999999676e-01,5.539199999999999680e-01,5.695000000000000062e-01,5.804300000000000015e-01,5.796499999999999986e-01,5.629600000000000160e-01,5.793000000000000371e-01,5.647499999999999742e-01,6.086700000000000443e-01,5.839699999999999891e-01,5.525499999999999856e-01,5.643000000000000238e-01,5.504599999999999493e-01,5.577600000000000335e-01,5.748299999999999521e-01,5.548699999999999743e-01,5.535299999999999665e-01,5.687200000000000033e-01,5.634099999999999664e-01,5.529600000000000071e-01,5.855799999999999894e-01,5.595200000000000173e-01,5.765200000000000324e-01,0.000000000000000000e+00,5.718800000000000550e-01,5.588400000000000034e-01,5.450399999999999689e-01,5.712599999999999900e-01
5.706900000000000306e-01,5.463999999999999968e-01,5.533599999999999630e-01,5.612500000000000266e-01,5.462000000000000188e-01,5.551099999999999923e-01,5.552300000000000013e-01,5.839999999999999636e-01,5.602700000000000458e-01,5.530800000000000161e-01,5.429899999999999727e-01,5.513000000000000123e-01,5.611599999999999921e-01,0.000000000000000000e+00,5.449800000000000200e-01,0.000000000000000000e+00,5.555299999999999683e-01,5.576699999999999990e-01,5.468300000000000383e-01,0.000000000000000000e+00,5.623000000000000220e-01,5.414999999999999813e-01,5.538999999999999480e-01,5.571800000000000086e-01,5.550800000000000178e-01,5.430199999999999472e-01,0.000000000000000000e+00,5.602700000000000458e-01,5.471799999999999997e-01,5.461899999999999533e-01,5.502700000000000369e-01,5.824300000000000033e-01,5.862000000000000544e-01,5.624599999999999600e-01,5.773500000000000298e-01,5.636200000000000099e-01,5.821699999999999653e-01,5.802599999999999980e-01,5.657400000000000206e-01,5.651899999999999702e-01,5.612300000000000066e-01,5.692399999999999682e-01,5.743700000000000472e-01,5.723300000000000054e-01,5.847200000000000175e-01,5.702899999999999636e-01,5.437199999999999811e-01,5.425400000000000222e-01,5.764000000000000234e-01,5.487100000000000311e-01,5.448600000000000110e-01,5.670899999999999830e-01,5.709899999999999975e-01,5.466100000000000403e-01,5.730199999999999738e-01,5.493700000000000250e-01,5.698400000000000132e-01,5.674900000000000500e-01,5.537800000000000500e-01,0.000000000000000000e+00,5.494400000000000395e-01,5.578699999999999770e-01,5.618999999999999551e-01,5.467300000000000493e-01,5.425400000000000222e-01,5.485499999999999821e-01,5.542399999999999549e-01,0.000000000000000000e+00,5.572200000000000486e-01,5.504700000000000149e-01,5.580000000000000515e-01,0.000000000000000000e+00,5.592399999999999594e-01,5.454499999999999904e-01,0.000000000000000000e+00,5.543299999999999894e-01
5.958700000000000108e-01,5.594799999999999773e-01,5.746099999999999541e-01,5.867599999999999483e-01,5.703799999999999981e-01,5.758799999999999475e-01,5.805799999999999850e-01,6.036399999999999544e-01,5.784500000000000197e-01,5.770100000000000229e-01,5.653000000000000247e-01,5.735400000000000498e-01,5.808100000000000485e-01,5.521500000000000297e-01,5.592000000000000304e-01,5.555299999999999683e-01,5.731399999999999828e-01,5.733500000000000263e-01,5.658300000000000551e-01,5.522200000000000442e-01,5.857900000000000329e-01,5.531099999999999905e-01,5.698600000000000332e-01,5.727299999999999613e-01,5.744599999999999707e-01,5.578400000000000025e-01,5.573000000000000176e-01,5.825099999999999723e-01,5.648800000000000487e-01,5.634099999999999664e-01,5.667900000000000160e-01,6.037900000000000489e-01,6.090600000000000458e-01,5.866700000000000248e-01,6.015200000000000546e-01,5.832100000000000062e-01,6.126700000000000479e-01,6.125399999999999734e-01,5.875200000000000422e-01,5.918600000000000527e-01,5.837599999999999456e-01,5.952100000000000168e-01,5.968099999999999516e-01,5.997400000000000508e-01,6.108299999999999841e-01,5.967400000000000482e-01,5.618600000000000261e-01,5.554200000000000248e-01,6.078200000000000269e-01,5.759999999999999565e-01,5.568300000000000471e-01,5.940400000000000125e-01,5.993699999999999584e-01,5.643799999999999928e-01,6.012499999999999512e-01,5.716400000000000370e-01,5.931199999999999806e-01,5.902100000000000124e-01,5.804200000000000470e-01,5.423900000000000388e-01,5.624500000000000055e-01,5.810800000000000409e-01,5.838100000000000511e-01,5.614099999999999646e-01,5.534799999999999720e-01,5.743099999999999872e-01,5.687499999999999778e-01,5.561000000000000387e-01,5.783700000000000507e-01,5.702599999999999891e-01,5.763099999999999890e-01,0.000000000000000000e+00,5.824500000000000233e-01,5.591599999999999904e-01,5.598400000000000043e-01,5.751199999999999646e-01
5.973199999999999621e-01,5.579899999999999860e-01,5.777700000000000058e-01,5.832199999999999607e-01,5.585599999999999454e-01,5.762000000000000455e-01,5.753300000000000081e-01,6.056099999999999817e-01,5.796299999999999786e-01,5.742500000000000382e-01,5.626499999999999835e-01,5.794000000000000261e-01,5.810800000000000409e-01,5.479000000000000536e-01,5.646999999999999797e-01,5.576699999999999990e-01,5.733500000000000263e-01,5.738499999999999712e-01,5.687900000000000178e-01,5.544400000000000439e-01,5.865399999999999503e-01,5.559800000000000297e-01,5.721100000000000074e-01,5.824899999999999523e-01,5.711300000000000265e-01,5.598300000000000498e-01,5.562500000000000222e-01,5.799999999999999600e-01,5.643799999999999928e-01,5.620000000000000551e-01,5.673200000000000465e-01,5.979299999999999615e-01,6.113100000000000200e-01,5.883300000000000196e-01,6.010299999999999532e-01,5.825200000000000378e-01,6.022699999999999720e-01,6.111499999999999710e-01,5.841899999999999871e-01,5.877700000000000147e-01,5.908700000000000063e-01,6.000400000000000178e-01,5.924199999999999466e-01,5.901100000000000234e-01,6.148099999999999676e-01,5.998099999999999543e-01,5.630300000000000304e-01,5.652899999999999592e-01,5.997099999999999653e-01,5.653899999999999482e-01,5.654000000000000137e-01,5.880400000000000071e-01,5.936399999999999455e-01,5.656799999999999606e-01,5.980600000000000360e-01,5.685099999999999598e-01,6.009100000000000552e-01,5.897099999999999564e-01,5.719600000000000239e-01,5.479399999999999826e-01,5.676400000000000334e-01,5.800699999999999745e-01,5.861699999999999688e-01,5.641100000000000003e-01,5.579300000000000370e-01,5.704700000000000326e-01,5.725500000000000034e-01,5.566299999999999581e-01,5.834500000000000242e-01,5.704599999999999671e-01,5.803199999999999470e-01,0.000000000000000000e+00,5.804599999999999760e-01,5.608699999999999797e-01,5.556499999999999773e-01,5.768499999999999739e-01
5.940999999999999615e-01,5.503500000000000059e-01,5.708999999999999631e-01,5.667600000000000415e-01,5.497300000000000519e-01,5.683799999999999963e-01,5.681199999999999584e-01,6.059999999999999831e-01,5.716900000000000315e-01,5.642700000000000493e-01,5.519600000000000062e-01,5.697400000000000242e-01,5.745900000000000452e-01,5.435999999999999721e-01,5.595900000000000318e-01,5.468300000000000383e-01,5.658300000000000551e-01,5.687900000000000178e-01,5.653000000000000247e-01,5.482900000000000551e-01,5.838100000000000511e-01,5.496699999999999919e-01,5.691199999999999593e-01,5.749300000000000521e-01,5.656099999999999461e-01,5.518399999999999972e-01,5.506900000000000128e-01,5.715900000000000425e-01,5.558600000000000207e-01,5.539899999999999824e-01,5.608100000000000307e-01,5.856099999999999639e-01,6.039499999999999869e-01,5.827299999999999702e-01,5.942199999999999704e-01,5.818499999999999783e-01,5.877099999999999547e-01,5.991999999999999549e-01,5.686299999999999688e-01,5.843899999999999650e-01,5.865399999999999503e-01,5.941699999999999759e-01,5.903399999999999759e-01,5.713500000000000245e-01,6.116399999999999615e-01,6.012999999999999456e-01,5.570300000000000251e-01,5.622599999999999820e-01,5.909200000000000008e-01,5.567100000000000382e-01,5.551300000000000123e-01,5.779499999999999638e-01,5.889400000000000190e-01,5.579399999999999915e-01,5.842899999999999761e-01,5.585099999999999509e-01,5.901199999999999779e-01,5.766999999999999904e-01,5.691300000000000248e-01,5.425400000000000222e-01,5.564900000000000402e-01,5.673700000000000410e-01,5.744200000000000417e-01,5.575499999999999901e-01,5.532200000000000450e-01,5.642500000000000293e-01,5.647900000000000142e-01,5.525499999999999856e-01,5.841800000000000326e-01,5.634599999999999609e-01,5.712800000000000100e-01,0.000000000000000000e+00,5.721899999999999764e-01,5.545999999999999819e-01,5.514200000000000212e-01,5.676999999999999824e-01
5.686099999999999488e-01,5.434999999999999831e-01,5.545700000000000074e-01,5.583599999999999675e-01,5.435600000000000431e-01,5.549100000000000144e-01,5.556100000000000483e-01,5.822599999999999998e-01,5.622300000000000075e-01,5.510699999999999488e-01,5.407899999999999929e-01,5.537800000000000500e-01,5.575200000000000156e-01,0.000000000000000000e+00,5.489000000000000545e-01,0.000000000000000000e+00,5.522200000000000442e-01,5.544400000000000439e-01,5.482900000000000551e-01,0.000000000000000000e+00,5.610199999999999632e-01,5.413700000000000179e-01,5.523900000000000476e-01,5.596999999999999753e-01,5.530599999999999961e-01,5.457499999999999574e-01,0.000000000000000000e+00,5.562399999999999567e-01,5.438499999999999446e-01,0.000000000000000000e+00,5.495900000000000230e-01,5.763899999999999579e-01,5.799400000000000110e-01,5.617199999999999971e-01,5.800100000000000255e-01,5.607199999999999962e-01,5.730100000000000193e-01,5.771600000000000064e-01,5.570300000000000251e-01,5.663300000000000001e-01,5.605299999999999727e-01,5.690699999999999648e-01,5.626100000000000545e-01,5.634099999999999664e-01,5.752099999999999991e-01,5.612700000000000466e-01,5.434999999999999831e-01,5.476299999999999502e-01,5.715799999999999770e-01,5.437199999999999811e-01,5.480500000000000371e-01,5.635099999999999554e-01,5.701199999999999601e-01,5.495299999999999629e-01,5.686799999999999633e-01,5.465299999999999603e-01,5.718400000000000150e-01,5.663200000000000456e-01,5.457499999999999574e-01,0.000000000000000000e+00,5.456499999999999684e-01,5.538199999999999790e-01,5.586400000000000254e-01,5.465299999999999603e-01,5.445499999999999785e-01,5.465600000000000458e-01,5.546299999999999564e-01,0.000000000000000000e+00,5.567499999999999671e-01,5.487600000000000255e-01,5.568400000000000016e-01,0.000000000000000000e+00,5.588199999999999834e-01,5.467100000000000293e-01,0.000000000000000000e+00,5.511200000000000543e-01
6.375399999999999956e-01,5.641599999999999948e-01,5.862300000000000288e-01,6.071499999999999675e-01,5.821100000000000163e-01,5.891600000000000170e-01,5.977299999999999836e-01,6.393299999999999539e-01,5.945599999999999774e-01,5.902300000000000324e-01,5.800800000000000400e-01,6.113499999999999490e-01,5.969600000000000461e-01,5.557699999999999863e-01,5.947500000000000009e-01,5.623000000000000220e-01,5.857900000000000329e-01,5.865399999999999503e-01,5.838100000000000511e-01,5.610199999999999632e-01,6.217500000000000249e-01,5.622399999999999620e-01,5.922800000000000287e-01,6.154899999999999816e-01,5.881800000000000361e-01,5.783000000000000362e-01,5.627100000000000435e-01,5.933300000000000241e-01,5.745500000000000052e-01,5.725000000000000089e-01,5.860400000000000054e-01,6.340700000000000225e-01,6.380700000000000260e-01,6.113399999999999945e-01,6.314100000000000268e-01,5.909499999999999753e-01,6.149099999999999566e-01,6.270599999999999508e-01,6.152800000000000491e-01,6.194300000000000361e-01,6.199599999999999556e-01,6.360200000000000298e-01,5.931199999999999806e-01,6.091199999999999948e-01,6.377099999999999991e-01,6.293299999999999450e-01,5.802699999999999525e-01,5.759300000000000530e-01,6.204100000000000170e-01,5.748900000000000121e-01,5.754299999999999971e-01,6.045700000000000518e-01,6.098500000000000032e-01,5.772100000000000009e-01,6.181900000000000173e-01,5.843699999999999450e-01,6.392400000000000304e-01,6.073800000000000310e-01,5.720399999999999929e-01,5.714599999999999680e-01,5.709699999999999775e-01,5.888400000000000301e-01,5.978299999999999725e-01,5.764500000000000179e-01,5.613899999999999446e-01,5.962399999999999922e-01,5.796900000000000386e-01,5.663000000000000256e-01,6.091900000000000093e-01,5.775099999999999678e-01,5.976299999999999946e-01,5.430599999999999872e-01,5.929900000000000171e-01,5.712099999999999955e-01,5.635900000000000354e-01,5.933899999999999730e-01
